name	taxonomy_id	taxonomy_lvl	kraken_assigned_reads	added_reads	new_est_reads	fraction_total_reads
Sphingobium sp. CAP-1	2676077	S	1943	12673	14616	0.05785
Sphingobium sp. RAC03	1843368	S	611	220	831	0.00329
Sphingobium sp. KCTC 72723	2733867	S	332	0	332	0.00131
Sphingobium sp. TKS	1315974	S	299	1332	1631	0.00646
Sphingobium sp. EP60837	1855519	S	84	170	254	0.00101
Sphingobium sp. Cam5-1	2789327	S	60	109	169	0.00067
Sphingobium sp. SCG-1	2072936	S	47	1	48	0.00019
Sphingobium sp. MI1205	407020	S	28	212	240	0.00095
Sphingobium cloacae	120107	S	2628	14096	16724	0.06619
Sphingobium baderi	1332080	S	355	1149	1504	0.00595
Sphingobium herbicidovorans	76947	S	293	368	661	0.00262
Sphingobium amiense	135719	S	175	1486	1661	0.00657
Novosphingobium resinovorum	158500	S	2010	950	2960	0.01172
Novosphingobium sp. EMRT-2	2571749	S	1313	1325	2638	0.01044
Novosphingobium sp. P6W	1609758	S	54	6	60	0.00024
Novosphingobium sp. THN1	1016987	S	31	0	31	0.00012
Novosphingobium pentaromativorans	205844	S	871	484	1355	0.00536
Novosphingobium aromaticivorans	48935	S	284	0	284	0.00112
Novosphingobium decolorationis	2698673	S	99	757	856	0.00339
Sphingomonas sp. NBWT7	2596913	S	1656	3107	4763	0.01885
Sphingomonas sp. IC081	304378	S	513	747	1260	0.00499
Sphingomonas sp. FARSPH	2219696	S	256	506	762	0.00302
Sphingomonas sanxanigenens	397260	S	492	1209	1701	0.00673
Sphingomonas taxi	1549858	S	59	0	59	0.00023
Sphingomonas aliaeris	2759526	S	19	3	22	0.00009
Sphingopyxis macrogoltabida	33050	S	1211	1718	2929	0.01159
Sphingopyxis sp. 113P3	292913	S	557	436	993	0.00393
Sphingopyxis sp. FD7	1914525	S	307	280	587	0.00232
Sphingopyxis fribergensis	1515612	S	474	230	704	0.00279
Sphingopyxis alaskensis	117207	S	236	436	672	0.00266
Rhizorhabdus dicambivorans	1850238	S	209	3919	4128	0.01634
Rhizorhabdus wittichii	160791	S	205	514	719	0.00285
Tardibacter chloracetimidivorans	1921510	S	123	949	1072	0.00424
Blastomonas fulva	1550728	S	21	9	30	0.00012
Porphyrobacter sp. YT40	2547601	S	2734	3306	6040	0.02391
Aurantiacibacter atlanticus	1648404	S	2566	4182	6748	0.02671
Croceicoccus marinus	450378	S	867	231	1098	0.00435
Croceicoccus naphthovorans	1348774	S	67	107	174	0.00069
Salipiger profundus	1229727	S	3149	4322	7471	0.02957
Salipiger abyssi	1250539	S	876	523	1399	0.00554
Salipiger sp. CCB-MM3	1792508	S	61	1	62	0.00025
Sulfitobacter sp. D7	1968541	S	1454	1598	3052	0.01208
Sulfitobacter sp. THAF37	2587855	S	324	716	1040	0.00412
Sulfitobacter alexandrii	1917485	S	341	1185	1526	0.00604
Sulfitobacter mediterraneus	83219	S	93	87	180	0.00071
Roseovarius mucosus	215743	S	319	2577	2896	0.01146
Roseovarius indicus	540747	S	270	605	875	0.00346
Roseovarius sp. THAF9	2587847	S	56	41	97	0.00038
Roseovarius sp. THAF27	2587850	S	56	115	171	0.00068
Sagittula sp. P11	2009329	S	551	1548	2099	0.00831
Yangia pacifica	311180	S	253	7	260	0.00103
Pseudosulfitobacter pseudonitzschiae	1402135	S	227	145	372	0.00147
Celeribacter indicus	1208324	S	101	565	666	0.00264
Celeribacter baekdonensis	875171	S	56	135	191	0.00076
Phaeobacter gallaeciensis	60890	S	81	109	190	0.00075
Phaeobacter porticola	1844006	S	64	7	71	0.00028
Phaeobacter piscinae	1580596	S	36	0	36	0.00014
Dinoroseobacter shibae	215813	S	80	279	359	0.00142
Ruegeria sp. THAF33	2587853	S	48	21	69	0.00027
Leisingera sp. NJS204	2508307	S	40	41	81	0.00032
Octadecabacter sp. SW4	2602067	S	31	64	95	0.00038
Roseivivax sp. THAF197b	2588299	S	32	22	54	0.00021
Paracoccaceae bacterium	1904441	S	3127	3419	6546	0.02591
Pacificitalea manganoxidans	1411902	S	623	629	1252	0.00496
Gemmobacter fulva	2840474	S	184	20	204	0.00081
Thioclava electrotropha	1549850	S	76	3	79	0.00031
Thioclava nitratireducens	1915078	S	72	76	148	0.00059
Paracoccus zhejiangensis	1077935	S	88	28	116	0.00046
Paracoccus tegillarcae	1529068	S	15	10	25	0.00010
Pseudohalocynthiibacter aestuariivivens	1591409	S	105	97	202	0.00080
Falsirhodobacter sp. PG104	2692330	S	95	5	100	0.00040
Pukyongiella litopenaei	2605946	S	68	167	235	0.00093
Frigidibacter mobilis	1335048	S	56	66	122	0.00048
Rhodovulum sp. P5	1564506	S	22	8	30	0.00012
Yoonia vestfoldensis	245188	S	22	236	258	0.00102
Aestuarium zhoushanense	2820523	S	17	85	102	0.00040
Roseicitreum antarcticum	564137	S	15	0	15	0.00006
Cereibacter sphaeroides	1063	S	15	0	15	0.00006
Paroceanicella profunda	2579971	S	12	6	18	0.00007
Caulobacter sp. FWC26	69665	S	5234	164	5398	0.02136
Caulobacter sp. K31	366602	S	851	1	852	0.00337
Phenylobacterium zucineum	284016	S	251	41	292	0.00116
Methylobacterium brachiatum	269660	S	819	241	1060	0.00420
Methylobacterium aquaticum	270351	S	251	6	257	0.00102
Methylobacterium currus	2051553	S	66	2	68	0.00027
Methylorubrum populi	223967	S	146	145	291	0.00115
Martelella mediterranea	293089	S	621	3284	3905	0.01546
Martelella sp. AD-3	686597	S	199	3172	3371	0.01334
Martelella sp. NC20	2740298	S	134	225	359	0.00142
Shinella sp. PSBB067	2715959	S	165	78	243	0.00096
Rhizobium pseudoryzae	379684	S	30	20	50	0.00020
Rhizobium rosettiformans	1368430	S	13	21	34	0.00013
Agrobacterium tumefaciens	358	S	21	23	44	0.00017
Roseibium aggregatum	187304	S	315	15	330	0.00131
Bosea sp. F3-2	2599640	S	104	3	107	0.00042
Bosea sp. AS-1	2015316	S	32	0	32	0.00013
Xanthobacter dioxanivorans	2528964	S	40	8	48	0.00019
Xanthobacter autotrophicus	280	S	17	1	18	0.00007
Bradyrhizobium betae	244734	S	51	6	57	0.00023
Brucella anthropi	529	S	35	87	122	0.00048
Aquibium oceanicum	1670800	S	13	0	13	0.00005
Tistrella mobilis	171437	S	1558	23	1581	0.00626
Indioceanicola profundi	2220096	S	75	3	78	0.00031
Niveispirillum cyanobacteriorum	1612173	S	26	0	26	0.00010
Skermanella sp. TT6	2775420	S	25	0	25	0.00010
Thalassospira marina	2048283	S	66	0	66	0.00026
Thalassospira xiamenensis	220697	S	13	0	13	0.00005
Roseomonas gilardii	257708	S	12	0	12	0.00005
Pseudoalteromonas shioyasakiensis	1190813	S	14198	0	14198	0.05619
Pseudoalteromonas arctica	394751	S	612	544	1156	0.00458
Pseudoalteromonas sp. NC201	1514074	S	570	1	571	0.00226
Pseudoalteromonas carrageenovora	227	S	17	0	17	0.00007
Salinimonas iocasae	2572577	S	3993	2823	6816	0.02698
Alteromonas sp. RKMC-009	2267264	S	156	0	156	0.00062
Gayadomonas joobiniege	1234606	S	20	0	20	0.00008
Shewanella sp. ANA-3	94122	S	272	843	1115	0.00441
Shewanella aestuarii	1028752	S	190	376	566	0.00224
Marinobacter sp. NP-4(2019)	2488665	S	4834	0	4834	0.01913
Marinobacter sp. JH2	2547598	S	61	0	61	0.00024
Marinobacter adhaerens	1033846	S	107	394	501	0.00198
Pseudomonas putida	303	S	2360	2380	4740	0.01876
Pseudomonas resinovorans	53412	S	781	132	913	0.00361
Stutzerimonas stutzeri	316	S	226	149	375	0.00148
Halomonas ventosae	229007	S	2921	11139	14060	0.05565
Halomonas sulfidaeris	115553	S	1155	417	1572	0.00622
Psychrobacter sp. 4Dc	888437	S	659	2118	2777	0.01099
Psychrobacter sp. 4Bb	888436	S	397	356	753	0.00298
Psychrobacter cryohalolentis	330922	S	90	20	110	0.00044
Psychrobacter alimentarius	261164	S	12	4	16	0.00006
Acinetobacter defluvii	1871111	S	139	659	798	0.00316
Acinetobacter radioresistens	40216	S	138	20	158	0.00063
Acinetobacter sp. 10FS3-1	2563897	S	72	110	182	0.00072
Acinetobacter sp. WCHA55	2004646	S	12	59	71	0.00028
Acinetobacter piscicola	2006115	S	36	98	134	0.00053
Moraxella osloensis	34062	S	309	77	386	0.00153
Proteus sp. ZN5	2697019	S	907	17295	18202	0.07204
Enterobacter sp. R4-368	1166130	S	319	355	674	0.00267
Enterobacter cloacae	550	S	117	1754	1871	0.00741
Enterobacter cloacae complex sp. ECNIH7	1915310	S	52	265	317	0.00125
Klebsiella sp. WP3-W18-ESBL-02	2675710	S	48	357	405	0.00160
Raoultella electrica	1259973	S	20	87	107	0.00042
Citrobacter telavivensis	2653932	S	34	99	133	0.00053
Vibrio tubiashii	29498	S	258	220	478	0.00189
Vibrio rumoiensis	76258	S	212	922	1134	0.00449
Vibrio campbellii	680	S	14	0	14	0.00006
Legionella adelaidensis	45056	S	17	4	21	0.00008
Stenotrophomonas rhizophila	216778	S	14	29	43	0.00017
Variovorax paradoxus	34073	S	15013	451	15464	0.06120
Variovorax sp. RA8	662548	S	30	102	132	0.00052
Variovorax sp. WS11	1105204	S	20	0	20	0.00008
Hydrogenophaga sp. PBL-H3	434010	S	52	956	1008	0.00399
Alicycliphilus denitrificans	179636	S	416	749	1165	0.00461
Acidovorax sp. T1	1858609	S	165	2457	2622	0.01038
Acidovorax antarcticus	2743470	S	24	7	31	0.00012
Diaphorobacter sp. HDW4A	2714924	S	80	1550	1630	0.00645
Cupriavidus sp. EM10	2839983	S	345	249	594	0.00235
Cupriavidus basilensis	68895	S	326	858	1184	0.00469
Cupriavidus metallidurans	119219	S	28	347	375	0.00148
Ralstonia syzygii	28097	S	34	2	36	0.00014
Mitsuaria sp. 7	1658665	S	325	15	340	0.00135
Sphaerotilus sulfidivorans	639200	S	17	0	17	0.00007
Thauera sp. K11	2005884	S	60	113	173	0.00068
Sulfuriferula sp. AH1	1985873	S	21	83	104	0.00041
Microbacterium paraoxydans	199592	S	4104	2674	6778	0.02683
Microbacterium sediminis	904291	S	1637	735	2372	0.00939
Microbacterium sp. No. 7	1714373	S	204	2	206	0.00082
Microbacterium sp. NIBRBAC000506063	2734618	S	50	0	50	0.00020
Microbacterium sp. YJN-G	2763257	S	49	13	62	0.00025
Kocuria turfanensis	388357	S	22	1	23	0.00009
Mycolicibacterium poriferae	39694	S	671	258	929	0.00368
Mycolicibacterium chubuense	1800	S	171	80	251	0.00099
Mycolicibacterium aubagnense	319707	S	56	0	56	0.00022
Mycobacterium sp. MS1601	1936029	S	35	7	42	0.00017
Mycobacterium sp. ELW1	1547487	S	28	13	41	0.00016
Mycobacterium dioxanotrophicus	482462	S	54	2	56	0.00022
Mycobacterium frederiksbergense	117567	S	19	0	19	0.00008
Mycobacterium kansasii	1768	S	13	0	13	0.00005
Gordonia sp. KTR9	337191	S	38	13	51	0.00020
Nocardia farcinica	37329	S	24	1	25	0.00010
Nocardioides sp. JS614	196162	S	31	108	139	0.00055
Paenibacillus sonchi	373687	S	86	0	86	0.00034
Nostoc sp. C052	2576902	S	15	8	23	0.00009
Mucilaginibacter sp. PAMC 26640	1300914	S	43	1130	1173	0.00464
Dysgonomonadaceae bacterium zrk40	2811465	S	21	728	749	0.00296
Candidatus Entotheonella factor	1429438	S	84	0	84	0.00033
Borrelia coriaceae	144	S	18	3	21	0.00008
Haloferax volcanii	2246	S	805	133	938	0.00371
Halorubrum trapanicum	29284	S	25	89	114	0.00045
Salinigranum rubrum	755307	S	17	0	17	0.00007
Natrinema pellirubrum	69525	S	30	36	66	0.00026
