name	taxonomy_id	taxonomy_lvl	kraken_assigned_reads	added_reads	new_est_reads	fraction_total_reads
Erythrobacter sp. A30-3	2785907	S	30654	48232	78886	0.02365
Erythrobacter sp.	1042	S	3001	2235	5236	0.00157
Erythrobacter sp. HI0063	1822240	S	202	275	477	0.00014
Erythrobacter sp. YJ-T3-07	2793063	S	104	97	201	0.00006
Erythrobacter sp. UBA2510	1946470	S	62	134	196	0.00006
Erythrobacter sp. 3-20A1M	2653850	S	13	12	25	0.00001
Erythrobacter sp. UBA1916	1946469	S	13	19	32	0.00001
Erythrobacter litoralis	39960	S	473	579	1052	0.00032
Erythrobacter longus	1044	S	75	10	85	0.00003
Erythrobacter aureus	2182384	S	14	5	19	0.00001
Qipengyuania flava	192812	S	10567	3592	14159	0.00425
Qipengyuania citrea	225971	S	3281	3940	7221	0.00217
Qipengyuania pelagi	994320	S	2622	3345	5967	0.00179
Qipengyuania vulgaris	291985	S	76	52	128	0.00004
Croceicoccus sp.	1927144	S	483	1111	1594	0.00048
Croceicoccus sp. YJ47	2798724	S	26	15	41	0.00001
Erythrobacteraceae bacterium	2026738	S	462	46	508	0.00015
Erythrobacteraceae bacterium E2-1 Yellow Sea	2780381	S	18	14	32	0.00001
Pseudopontixanthobacter vadosimaris	2726450	S	378	266	644	0.00019
Aurantiacibacter zhengii	2307003	S	143	131	274	0.00008
Aurantiacibacter atlanticus	1648404	S	112	28	140	0.00004
Altericroceibacterium spongiae	2320269	S	66	45	111	0.00003
Pelagerythrobacter aerophilus	2306995	S	26	22	48	0.00001
Pelagerythrobacter marensis	543877	S	20	3	23	0.00001
Pelagerythrobacter marinus	538382	S	19	19	38	0.00001
Tsuneonella suprasediminis	2306996	S	21	28	49	0.00001
Actirhodobacter atriluteus	2744473	S	12	6	18	0.00001
Citromicrobium bathyomarinum	72174	S	7934	12433	20367	0.00611
Citromicrobium sp.	2024827	S	2293	1822	4115	0.00123
Citromicrobium sp. UBA3494	1946345	S	1373	2045	3418	0.00102
Citromicrobium sp. JLT1363	517722	S	17	28	45	0.00001
Sphingomonadaceae bacterium MED-G03	1986231	S	8705	8567	17272	0.00518
Sphingomonas sp. SKA58	314266	S	7261	23042	30303	0.00909
Sphingomonas yabuuchiae	172044	S	137	191	328	0.00010
Sphingomonas aracearum	2283317	S	29	26	55	0.00002
Sphingomonas turrisvirgatae	1888892	S	22	33	55	0.00002
Sphingomonas sanxanigenens	397260	S	15	15	30	0.00001
Sphingobium sp. C100	1207055	S	1558	3554	5112	0.00153
Sphingobium sp.	1912891	S	353	255	608	0.00018
Sphingobium sp. TCM1	453246	S	307	629	936	0.00028
Sphingobium sp. SYK-6	627192	S	128	30	158	0.00005
Sphingobium sp. CCH11-B1	1768781	S	96	385	481	0.00014
Sphingobium yanoikuyae	13690	S	248	927	1175	0.00035
Sphingobium scionense	1404341	S	232	713	945	0.00028
Sphingobium cupriresistens	1132417	S	195	632	827	0.00025
Sphingobium xenophagum	121428	S	69	157	226	0.00007
Sphingobium phenoxybenzoativorans	1592790	S	53	166	219	0.00007
Sphingobium lactosutens	522773	S	35	181	216	0.00006
Sphingobium baderi	1332080	S	28	74	102	0.00003
Sphingobium limneticum	1007511	S	25	58	83	0.00002
Sphingobium jiangsuense	870476	S	23	39	62	0.00002
Sphingobium subterraneum	627688	S	15	19	34	0.00001
Blastomonas marina	1867408	S	733	797	1530	0.00046
Sphingopyxis sp.	1908224	S	111	149	260	0.00008
Sphingopyxis sp. FD7	1914525	S	54	143	197	0.00006
Sphingopyxis terrae	33052	S	93	185	278	0.00008
Sphingopyxis bauzanensis	651663	S	16	20	36	0.00001
Sphingopyxis indica	436663	S	15	23	38	0.00001
Novosphingobium panipatense	428991	S	31	74	105	0.00003
Novosphingobium aquimarinum	2682494	S	30	64	94	0.00003
Novosphingobium decolorationis	2698673	S	23	41	64	0.00002
Novosphingobium fluoreni	1391222	S	21	4	25	0.00001
Novosphingobium marinum	1514948	S	13	18	31	0.00001
Novosphingobium malaysiense	1348853	S	13	4	17	0.00001
Novosphingobium guangzhouense	1850347	S	12	19	31	0.00001
Novosphingopyxis iocasae	2762729	S	138	121	259	0.00008
Novosphingopyxis baekryungensis	279369	S	17	3	20	0.00001
Stakelama pacifica	517720	S	77	92	169	0.00005
Sphingomonadales bacterium BRH_c3	1734408	S	172	116	288	0.00009
Sphingomonadales bacterium	1978525	S	26	13	39	0.00001
Roseobacter sp.	1907202	S	38712	17125	55837	0.01674
Sulfitobacter pontiacus	60137	S	16804	28515	45319	0.01359
Sulfitobacter sp. D7	1968541	S	124	869	993	0.00030
Sulfitobacter sp. HI0040	1822232	S	84	121	205	0.00006
Sulfitobacter sp.	1903071	S	82	266	348	0.00010
Sulfitobacter sp. DFL-14	215828	S	67	166	233	0.00007
Sulfitobacter sp. EhC04	1849168	S	18	32	50	0.00001
Sulfitobacter litoralis	335975	S	546	2135	2681	0.00080
Sulfitobacter dubius	218673	S	19	27	46	0.00001
Sulfitobacter undariae	1563671	S	14	4	18	0.00001
Sulfitobacter sabulilitoris	2562655	S	13	3	16	0.00000
Jannaschia helgolandensis	188906	S	2846	1463	4309	0.00129
Marinovum algicola	42444	S	2836	2621	5457	0.00164
Marinovum sp.	2024839	S	41	19	60	0.00002
Roseovarius nubinhibens	314263	S	548	384	932	0.00028
Roseovarius indicus	540747	S	89	21	110	0.00003
Roseovarius sp.	1486281	S	23	16	39	0.00001
Roseovarius amoyensis	2211448	S	23	16	39	0.00001
Phaeobacter sp. 22II1-1F12B	1317111	S	126	269	395	0.00012
Thalassococcus profundi	2282382	S	135	162	297	0.00009
Loktanella ponticola	1524255	S	80	65	145	0.00004
Pseudosulfitobacter pseudonitzschiae	1402135	S	73	103	176	0.00005
Thalassobius litoralis	1010611	S	58	72	130	0.00004
Tateyamaria sp.	1929288	S	26	43	69	0.00002
Primorskyibacter flagellatus	1387277	S	27	36	63	0.00002
Maritimibacter sp. REDSEA-S28_B5	1811547	S	23	43	66	0.00002
Dinoroseobacter sp.	2003366	S	17	0	17	0.00001
Tranquillimonas alkanivorans	441119	S	12	3	15	0.00000
Paracoccus sp. UBA889	1947056	S	4259	2541	6800	0.00204
Tritonibacter mobilis	379347	S	648	559	1207	0.00036
Tritonibacter horizontis	1768241	S	45	66	111	0.00003
Arenibacterium halophilum	2583821	S	190	79	269	0.00008
Paracoccaceae bacterium	1904441	S	119	43	162	0.00005
Rhodobacteraceae bacterium SB2	1689867	S	18	20	38	0.00001
Pseudooceanicola atlanticus	1461694	S	110	268	378	0.00011
Pseudooceanicola lipolyticus	2029104	S	15	34	49	0.00001
Pseudooceanicola sp.	1914328	S	14	6	20	0.00001
Marinibacterium profundimaris	1679460	S	75	161	236	0.00007
Cereibacter sphaeroides	1063	S	59	20	79	0.00002
Limimaricola cinnabarinus	1125964	S	38	17	55	0.00002
Allgaiera indica	765699	S	40	15	55	0.00002
Thalassobium sp.	2030825	S	14	8	22	0.00001
Aquimixticola soesokkakensis	1519096	S	17	3	20	0.00001
Marivivens sp.	1978374	S	14	10	24	0.00001
Alterinioella nitratireducens	2735915	S	16	10	26	0.00001
Vannielia litorea	1217970	S	14	10	24	0.00001
Pelagibacteraceae bacterium	2026775	S	33818	28945	62763	0.01882
alpha proteobacterium SCGC AAA288-E13	939316	S	331	2292	2623	0.00079
Pelagibacteraceae bacterium AG-464-P07	2162008	S	230	453	683	0.00020
alpha proteobacterium SCGC AAA240-E13	939306	S	149	687	836	0.00025
alpha proteobacterium SCGC AAA288-G21	939324	S	116	343	459	0.00014
alpha proteobacterium SCGC AAA288-N07	939346	S	38	97	135	0.00004
Pelagibacteraceae bacterium TMED259	1986821	S	16	9	25	0.00001
Candidatus Pelagibacter sp.	2024849	S	17108	15245	32353	0.00970
uncultured Candidatus Pelagibacter sp.	372654	S	49	34	83	0.00002
uncultured Pelagibacteraceae bacterium	1667051	S	869	2635	3504	0.00105
Pelagibacterales bacterium	2026776	S	14	9	23	0.00001
Alphaproteobacteria bacterium MarineAlpha5_Bin3	2013078	S	13692	894	14586	0.00437
Alphaproteobacteria bacterium	1913988	S	6415	1489	7904	0.00237
Alphaproteobacteria bacterium MarineAlpha3_Bin2	2013068	S	4203	399	4602	0.00138
Alphaproteobacteria bacterium MarineAlpha10_Bin3	2013105	S	3966	402	4368	0.00131
Alphaproteobacteria bacterium MarineAlpha3_Bin3	2013069	S	3463	953	4416	0.00132
Alphaproteobacteria bacterium MarineAlpha9_Bin6	2013101	S	2717	31	2748	0.00082
Alphaproteobacteria bacterium MarineAlpha9_Bin1	2013096	S	1916	152	2068	0.00062
Alphaproteobacteria bacterium MarineAlpha6_Bin2	2013089	S	1026	50	1076	0.00032
Alphaproteobacteria bacterium MarineAlpha10_Bin2	2013104	S	254	7	261	0.00008
Alphaproteobacteria bacterium UBA6544	1948430	S	72	17	89	0.00003
Alphaproteobacteria bacterium MarineAlpha3_Bin6	2013072	S	47	4	51	0.00002
Alphaproteobacteria bacterium MarineAlpha9_Bin7	2013102	S	22	1	23	0.00001
alpha proteobacterium SCGC AAA015-N04	939296	S	18	51	69	0.00002
Ahrensia sp.	1872419	S	11730	9046	20776	0.00623
Roseibium aggregatum	187304	S	876	359	1235	0.00037
Stappia indica	538381	S	18	17	35	0.00001
Agrobacterium tumefaciens	358	S	78	130	208	0.00006
Agrobacterium salinitolerans	1183413	S	18	44	62	0.00002
Rhizobium rosettiformans	1368430	S	182	227	409	0.00012
Rhizobiaceae bacterium	1913961	S	20	4	24	0.00001
Nitratireductor aquibiodomus	204799	S	23	46	69	0.00002
Nitratireductor indicus	721133	S	12	17	29	0.00001
Hoeflea sp.	1940281	S	62	59	121	0.00004
Mesorhizobium sp. Pch-S	2082387	S	17	11	28	0.00001
Devosia indica	2079253	S	31	69	100	0.00003
Devosia subaequoris	395930	S	19	26	45	0.00001
Devosia marina	2683198	S	18	50	68	0.00002
Pelagibacterium sp.	1967288	S	19	18	37	0.00001
Afipia broomeae	56946	S	65	143	208	0.00006
Afipia birgiae	151414	S	15	13	28	0.00001
Aurantimonas coralicida	182270	S	44	99	143	0.00004
Rhodobiaceae bacterium	2026785	S	107	36	143	0.00004
Rhodobium orientis	34017	S	18	5	23	0.00001
Rhizobiales bacterium UBA3584	1951220	S	38	22	60	0.00002
Parvibaculum sp.	2024848	S	17	7	24	0.00001
Hyphomonas sp. L-53-1-40	1207058	S	5936	3261	9197	0.00276
Hyphomonas sp. UBA5111	1946637	S	23	34	57	0.00002
Hyphomonas sp. CY54-11-8	1280944	S	12	14	26	0.00001
Hyphomonas atlantica	1280948	S	277	390	667	0.00020
Henriciella sp.	1968823	S	254	118	372	0.00011
Henriciella aquimarina	545261	S	12	17	29	0.00001
Ponticaulis sp.	2020902	S	203	71	274	0.00008
Hyphomonadaceae bacterium TMED5	1986776	S	35	25	60	0.00002
Brevundimonas aurantiaca	74316	S	728	1681	2409	0.00072
Brevundimonas halotolerans	69670	S	193	181	374	0.00011
Brevundimonas sp.	1871086	S	65	56	121	0.00004
Brevundimonas sp. A19_0	2821087	S	27	14	41	0.00001
Brevundimonas mediterranea	74329	S	75	108	183	0.00005
Brevundimonas vitisensis	2800818	S	14	4	18	0.00001
Magnetococcales bacterium	2026759	S	1351	18	1369	0.00041
Rhodospirillales bacterium	2026786	S	531	123	654	0.00020
Thalassospira sp. MCCC 1A01148	501834	S	74	143	217	0.00007
Thalassospira povalilytica	732237	S	23	22	45	0.00001
Rhodospirillaceae bacterium	1898112	S	117	26	143	0.00004
Rhodospirillaceae bacterium TMED167	1986863	S	20	19	39	0.00001
uncultured Alphaproteobacteria bacterium	91750	S	432	170	602	0.00018
Rickettsiales bacterium	2026788	S	83	24	107	0.00003
Oceanicaulis sp. PT13A	2135616	S	22	21	43	0.00001
Alteromonas macleodii	28108	S	10977	29222	40199	0.01205
Alteromonas mediterranea	314275	S	9696	15171	24867	0.00746
Alteromonas australica	589873	S	2304	1265	3569	0.00107
Alteromonas abrolhosensis	1892904	S	991	1659	2650	0.00079
Alteromonas marina	203795	S	816	2077	2893	0.00087
Alteromonas sp. IB21	2779369	S	245	322	567	0.00017
Alteromonas sp. V450	1912139	S	40	37	77	0.00002
Alteromonas sp. KUL42	2480797	S	31	7	38	0.00001
Alteromonas sp. RKMC-009	2267264	S	24	5	29	0.00001
Alteromonas sp. LOR	1537994	S	13	13	26	0.00001
Alteromonas sp. KUL106	2480799	S	13	7	20	0.00001
Alteromonas antoniana	2803813	S	383	304	687	0.00021
Alteromonas confluentis	1656094	S	344	51	395	0.00012
Alteromonas profundi	2696062	S	233	160	393	0.00012
Alteromonas hispanica	315421	S	188	38	226	0.00007
Alteromonas genovensis	471225	S	174	191	365	0.00011
Alteromonas oceani	2071609	S	133	573	706	0.00021
Alteromonas alba	2079529	S	97	874	971	0.00029
Alteromonas oceanisediminis	2836180	S	65	16	81	0.00002
Alteromonas portus	2565549	S	56	75	131	0.00004
Alteromonas naphthalenivorans	715451	S	54	113	167	0.00005
Alteromonas gracilis	1479524	S	21	19	40	0.00001
Salinimonas sediminis	2303538	S	83	58	141	0.00004
Salinimonas lutimaris	914153	S	29	6	35	0.00001
Salinimonas iocasae	2572577	S	27	7	34	0.00001
Alteromonadaceae bacterium	1916082	S	245	124	369	0.00011
Alteromonadaceae bacterium UBA2620	1951386	S	162	703	865	0.00026
Marisediminitalea aggregata	634436	S	132	30	162	0.00005
uncultured Glaciecola sp.	291205	S	21	0	21	0.00001
Pseudoalteromonas atlantica	288	S	11157	21465	32622	0.00978
Pseudoalteromonas ruthenica	151081	S	8573	1949	10522	0.00315
Pseudoalteromonas arabiensis	874454	S	1819	1500	3319	0.00100
Pseudoalteromonas tetraodonis	43659	S	286	1174	1460	0.00044
Pseudoalteromonas prydzensis	182141	S	235	290	525	0.00016
Pseudoalteromonas shioyasakiensis	1190813	S	197	1497	1694	0.00051
Pseudoalteromonas sp. P1-25	1723758	S	55	83	138	0.00004
Pseudoalteromonas sp. EB27	1938368	S	17	93	110	0.00003
Pseudoalteromonas sp.	53249	S	14	64	78	0.00002
Pseudoalteromonas lipolytica	570156	S	125	332	457	0.00014
Pseudoalteromonas nigrifaciens	28109	S	37	162	199	0.00006
Pseudoalteromonas haloplanktis	228	S	32	24	56	0.00002
Pseudoalteromonas carrageenovora	227	S	27	72	99	0.00003
Pseudoalteromonas undina	43660	S	14	60	74	0.00002
Pseudoalteromonas espejiana	28107	S	12	17	29	0.00001
Idiomarina baltica	190892	S	390	550	940	0.00028
Idiomarina loihiensis	135577	S	263	176	439	0.00013
Idiomarina zobellii	86103	S	174	413	587	0.00018
Idiomarina aquatica	1327752	S	119	55	174	0.00005
Idiomarina piscisalsi	1096243	S	26	46	72	0.00002
Idiomarinaceae bacterium	1898113	S	301	308	609	0.00018
Colwellia sp.	56799	S	21	34	55	0.00002
Gammaproteobacteria bacterium	1913989	S	104365	22925	127290	0.03817
Gammaproteobacteria bacterium UBA6940	1948640	S	481	73	554	0.00017
gamma proteobacterium SCGC AAA007-O20	913327	S	278	119	397	0.00012
gamma proteobacterium SCGC AB-629-P17	1131274	S	90	116	206	0.00006
Gammaproteobacteria bacterium UBA3532	1948611	S	52	23	75	0.00002
Gammaproteobacteria bacterium REDSEA-S15_B12	1811666	S	37	22	59	0.00002
Gammaproteobacteria bacterium UBA1119	1948582	S	26	9	35	0.00001
Gammaproteobacteria bacterium UBA1961	1948588	S	21	4	25	0.00001
Gammaproteobacteria bacterium UBA2675	1948596	S	21	45	66	0.00002
Alcanivorax sp. DSM 26293	1798238	S	24082	32558	56640	0.01698
Alcanivorax sp.	1872427	S	4373	3263	7636	0.00229
Alcanivorax sp. DG881	236097	S	2421	2195	4616	0.00138
Alcanivorax sp. DP30	2606217	S	62	24	86	0.00003
Alcanivorax sp. UBA4485	1945988	S	33	33	66	0.00002
Alcanivorax jadensis	64988	S	2913	2101	5014	0.00150
Alcanivorax borkumensis	59754	S	1415	552	1967	0.00059
Alcanivorax hongdengensis	519051	S	129	66	195	0.00006
Alcanivorax profundi	2338368	S	77	243	320	0.00010
Alcanivorax nanhaiticus	1177154	S	40	50	90	0.00003
Alloalcanivorax venustensis	172371	S	528	1425	1953	0.00059
Alcanivoracaceae bacterium	2024895	S	260	261	521	0.00016
Thalassolituus oleivorans	187493	S	13130	6236	19366	0.00581
Thalassolituus sp. UBA2107	1947659	S	160	333	493	0.00015
Oceanospirillaceae bacterium	1899355	S	2399	594	2993	0.00090
Oceanobacter sp.	2030817	S	73	16	89	0.00003
Oleibacter marinus	484498	S	30	43	73	0.00002
Marinomonas profundimaris	1208321	S	19	24	43	0.00001
Neptuniibacter sp. UBA6509	1946976	S	30	3	33	0.00001
Halomonas aquamarina	77097	S	1576	7838	9414	0.00282
Halomonas sp. UBA3074	1946584	S	604	1009	1613	0.00048
Halomonas sp.	1486246	S	38	23	61	0.00002
Halomonas piezotolerans	2609667	S	312	436	748	0.00022
Halomonas lionensis	1144478	S	169	678	847	0.00025
Halomonas meridiana	29570	S	48	85	133	0.00004
Halomonas salicampi	1449798	S	44	18	62	0.00002
Halomonas sulfidaeris	115553	S	34	14	48	0.00001
Halomonas maris	2729617	S	18	65	83	0.00002
Halomonas sedimenti	2729618	S	17	37	54	0.00002
Halomonas titanicae	664683	S	16	51	67	0.00002
Halomonas glaciei	186761	S	15	57	72	0.00002
Salinicola salarius	430457	S	491	318	809	0.00024
Salinicola sp.	1978524	S	86	122	208	0.00006
Saccharospirillaceae bacterium	2497634	S	14	16	30	0.00001
Marinobacter salarius	1420917	S	2425	4826	7251	0.00217
Marinobacter alexandrii	2570351	S	1085	433	1518	0.00046
Marinobacter vinifirmus	355591	S	1021	1406	2427	0.00073
Marinobacter nauticus	2743	S	846	514	1360	0.00041
Marinobacter sp. B9-2	2137198	S	228	881	1109	0.00033
Marinobacter sp.	50741	S	110	92	202	0.00006
Marinobacter sp. Arc7-DN-1	2304594	S	44	41	85	0.00003
Marinobacter sp. LQ44	1749259	S	13	33	46	0.00001
Marinobacter sp. es.042	1761794	S	13	42	55	0.00002
Marinobacter sp. EhC06	1849169	S	13	26	39	0.00001
Marinobacter manganoxydans	1150997	S	507	8289	8796	0.00264
Marinobacter flavimaris	262076	S	219	3751	3970	0.00119
Marinobacter adhaerens	1033846	S	126	1107	1233	0.00037
Marinobacter salsuginis	418719	S	68	73	141	0.00004
Marinobacter antarcticus	564117	S	47	19	66	0.00002
Marinobacter algicola	236100	S	47	55	102	0.00003
Marinobacter fuscus	2109942	S	39	48	87	0.00003
Marinobacter persicus	930118	S	35	28	63	0.00002
Marinobacter oulmenensis	643747	S	28	4	32	0.00001
Marinobacter segnicrescens	430453	S	22	10	32	0.00001
Marinobacter maroccanus	2055143	S	12	16	28	0.00001
Stutzerimonas stutzeri	316	S	5942	7325	13267	0.00398
Stutzerimonas chloritidismutans	203192	S	51	905	956	0.00029
Stutzerimonas kunmingensis	1211807	S	18	220	238	0.00007
Halopseudomonas gallaeciensis	857227	S	776	598	1374	0.00041
Halopseudomonas pachastrellae	254161	S	461	461	922	0.00028
Halopseudomonas aestusnigri	857252	S	227	168	395	0.00012
Halopseudomonas oceani	1708783	S	18	13	31	0.00001
Halopseudomonas sabulinigri	472181	S	12	2	14	0.00000
Pseudomonadaceae bacterium SI-3	2079806	S	338	372	710	0.00021
Pseudomonadaceae bacterium	1914538	S	24	19	43	0.00001
Pseudomonadaceae bacterium UBA836	1952795	S	13	8	21	0.00001
Pseudomonas sp. SSM44	2487347	S	132	107	239	0.00007
Pseudomonas sp. SST3	2267882	S	29	87	116	0.00003
Pseudomonas sp. IC_126	2547400	S	16	8	24	0.00001
Pseudomonas marincola	437900	S	17	11	28	0.00001
Pseudomonadales bacterium	1891229	S	33	7	40	0.00001
Methylophaga sp.	2024840	S	9383	2205	11588	0.00347
Methylophaga sp. UBA2689	1946878	S	445	492	937	0.00028
Methylophaga sp. UBA3192	1946882	S	20	5	25	0.00001
Methylophaga aminisulfidivorans	230105	S	4807	2938	7745	0.00232
Methylophaga sulfidovorans	45496	S	52	18	70	0.00002
Methylophaga thiooxydans	392484	S	31	3	34	0.00001
Cycloclasticus sp.	2024830	S	17	4	21	0.00001
Thiotrichales bacterium	2026796	S	94	13	107	0.00003
uncultured Francisellaceae bacterium	393692	S	79	0	79	0.00002
Thiotrichaceae bacterium	2030882	S	52	4	56	0.00002
Spongiibacter marinus	354246	S	2105	1110	3215	0.00096
Spongiibacter tropicus	454602	S	611	355	966	0.00029
Spongiibacter nanhainus	2794344	S	39	6	45	0.00001
Spongiibacter sp. IMCC21906	1620392	S	24	7	31	0.00001
Spongiibacter thalassae	2721624	S	13	1	14	0.00000
Oceanicoccus sp. KOV_DT_Chl	1904639	S	21	0	21	0.00001
Porticoccaceae bacterium UBA1117	1952748	S	379	30	409	0.00012
Porticoccaceae bacterium	2026782	S	39	12	51	0.00002
Halieaceae bacterium UBA5085	1951918	S	153	44	197	0.00006
Halieaceae bacterium	2026743	S	14	1	15	0.00000
Halioglobus pacificus	930806	S	14	1	15	0.00000
Candidatus Thioglobus sp.	2026721	S	2014	1288	3302	0.00099
Candidatus Thioglobus sp. MED-G25	1986229	S	60	18	78	0.00002
uncultured Candidatus Thioglobus sp.	655186	S	27	31	58	0.00002
uncultured SAR86 cluster bacterium	648174	S	172	57	229	0.00007
SAR86 cluster bacterium REDSEA-S09_B4	1811643	S	18	1	19	0.00001
Pseudohongiella nitratireducens	1768907	S	109	58	167	0.00005
Acidiferrobacteraceae bacterium	2024893	S	1457	817	2274	0.00068
Acinetobacter venetianus	52133	S	58	142	200	0.00006
Acinetobacter johnsonii	40214	S	37	326	363	0.00011
Psychrobacter submarinus	154108	S	155	271	426	0.00013
Psychrobacter pacificensis	112002	S	18	147	165	0.00005
Kangiella geojedonensis	914150	S	226	27	253	0.00008
uncultured Gammaproteobacteria bacterium	86473	S	225	39	264	0.00008
Rheinheimera aquimaris	412437	S	143	39	182	0.00005
Woeseiaceae bacterium	2026806	S	33	20	53	0.00002
Vibrio caribbeanicus	701175	S	12	131	143	0.00004
Methylococcaceae bacterium UBA1147	1952219	S	136	20	156	0.00005
Salinisphaera shabanensis	180542	S	103	34	137	0.00004
Providencia huaxiensis	2027290	S	19	10	29	0.00001
Legionellales bacterium	2026754	S	16	1	17	0.00001
Candidatus Lambdaproteobacteria bacterium	2035771	S	9964	1006	10970	0.00329
Limnobacter sp. SAORIC-580	2732163	S	4572	10513	15085	0.00452
Limnobacter sp. MED105	391597	S	543	748	1291	0.00039
Limnobacter sp. 130	2653147	S	434	174	608	0.00018
Limnobacter sp. CACIAM 66H1	1813033	S	143	284	427	0.00013
Limnobacter thiooxidans	131080	S	17	2	19	0.00001
Hydrogenophaga sp.	1904254	S	15	56	71	0.00002
Acidovorax delafieldii	47920	S	31	72	103	0.00003
Proteobacteria bacterium UBA1148	1948131	S	2487	457	2944	0.00088
Proteobacteria bacterium UBA6503	1948193	S	1861	262	2123	0.00064
Pseudomonadota bacterium	1977087	S	233	84	317	0.00010
Proteobacteria bacterium UBA2136	1948145	S	13	9	22	0.00001
Candidatus Marinimicrobia bacterium	2026760	S	384231	64033	448264	0.13440
Candidatus Marinimicrobia bacterium UBA1134	1953213	S	2110	456	2566	0.00077
Candidatus Marinimicrobia bacterium UBA1611	1953216	S	292	130	422	0.00013
Candidatus Marinimicrobia bacterium UBA6531	1953244	S	98	50	148	0.00004
Candidatus Marinimicrobia bacterium UBA7300	1953254	S	32	14	46	0.00001
Candidatus Marinimicrobia bacterium UBA7301	1953255	S	31	4	35	0.00001
Candidatus Marinimicrobia bacterium UBA2125	1953217	S	24	28	52	0.00002
Candidatus Marinimicrobia bacterium UBA7303	1953256	S	23	8	31	0.00001
Marinimicrobia bacterium TCS55	1781246	S	15	1	16	0.00000
Flavobacteriaceae bacterium	1871037	S	22307	9255	31562	0.00946
Flavobacteriaceae bacterium PRS1	2483459	S	10498	2438	12936	0.00388
Flavobacteriaceae bacterium UBA5534	1951857	S	28	15	43	0.00001
Flavobacteriaceae bacterium TMED121	1986703	S	15	8	23	0.00001
Croceibacter atlanticus	313588	S	12988	2006	14994	0.00450
Leeuwenhoekiella blandensis	360293	S	9500	7154	16654	0.00499
Leeuwenhoekiella palythoae	573501	S	499	257	756	0.00023
Leeuwenhoekiella nanhaiensis	1655491	S	145	103	248	0.00007
Leeuwenhoekiella marinoflava	988	S	29	39	68	0.00002
Leeuwenhoekiella aequorea	283736	S	12	11	23	0.00001
Zunongwangia profunda	398743	S	3279	5185	8464	0.00254
Zunongwangia mangrovi	1334022	S	659	458	1117	0.00033
Zunongwangia atlantica	1502297	S	234	209	443	0.00013
Muricauda ruestringensis	111501	S	952	840	1792	0.00054
Muricauda oceani	2698672	S	738	856	1594	0.00048
Muricauda brasiliensis	2162892	S	469	160	629	0.00019
Muricauda taeanensis	1005926	S	284	97	381	0.00011
Muricauda sp. TMED12	1986608	S	98	111	209	0.00006
Muricauda sp.	192149	S	74	60	134	0.00004
Muricauda sp. ARW1Y1	2663843	S	50	15	65	0.00002
Muricauda sp. TY007	2683200	S	13	16	29	0.00001
Muricauda lutimaris	475082	S	80	56	136	0.00004
Muricauda oceanensis	2499163	S	71	68	139	0.00004
Muricauda sediminis	2696468	S	22	20	42	0.00001
Muricauda beolgyonensis	864064	S	21	3	24	0.00001
Mesonia mobilis	369791	S	1653	3067	4720	0.00142
Mesonia sp.	1960830	S	96	141	237	0.00007
Mesonia aquimarina	1504967	S	62	38	100	0.00003
Mesonia oceanica	2687242	S	17	7	24	0.00001
Aurantibacter aestuarii	1266046	S	2623	509	3132	0.00094
Nonlabens dokdonensis	328515	S	2186	256	2442	0.00073
Nonlabens tegetincola	323273	S	18	3	21	0.00001
Maribacter dokdonensis	320912	S	1552	660	2212	0.00066
Maribacter litoralis	2059726	S	40	35	75	0.00002
Maribacter cobaltidurans	1178778	S	25	26	51	0.00002
Maribacter sp. 4G9	1889777	S	18	16	34	0.00001
Winogradskyella sp.	1883156	S	875	308	1183	0.00035
Winogradskyella ouciana	2608631	S	96	55	151	0.00005
Mesoflavibacter zeaxanthinifaciens	393060	S	404	254	658	0.00020
Salegentibacter sp. R32	1486285	S	137	82	219	0.00007
Salegentibacter mishustinae	270918	S	58	143	201	0.00006
Dokdonia donghaensis	326320	S	134	87	221	0.00007
Dokdonia sp. Hel1_53	1566287	S	66	14	80	0.00002
Candidatus Ulvibacter alkanivorans	2267620	S	234	133	367	0.00011
Joostella marina	453852	S	223	200	423	0.00013
Aequorivita sp. UBA3180	1947773	S	52	55	107	0.00003
Euzebyella marina	1761453	S	54	74	128	0.00004
Euzebyella saccharophila	679664	S	29	48	77	0.00002
Arenibacter algicola	616991	S	41	31	72	0.00002
Meridianimaribacter flavus	571115	S	62	16	78	0.00002
Robiginitalea biformata	252307	S	44	0	44	0.00001
Psychroflexus salarius	1155689	S	19	15	34	0.00001
Kordia sp.	1965332	S	30	23	53	0.00002
Marinirhabdus gelatinilytica	1703343	S	23	9	32	0.00001
Aquaticitalea lipolytica	1247562	S	19	7	26	0.00001
uncultured Flavobacteriaceae bacterium	165436	S	12	4	16	0.00000
Flavobacteriales bacterium	2021391	S	22759	5692	28451	0.00853
Crocinitomicaceae bacterium	2026728	S	500	140	640	0.00019
Acidiluteibacter ferrifornacis	2692424	S	330	49	379	0.00011
Cryomorphaceae bacterium	1898111	S	31	14	45	0.00001
uncultured Flavobacteriales bacterium	213322	S	64	16	80	0.00002
Roseivirga spongicola	333140	S	602	56	658	0.00020
Algoriphagus iocasae	1836499	S	59	40	99	0.00003
Algoriphagus zhangzhouensis	1073327	S	27	1	28	0.00001
Cyclobacterium marinum	104	S	49	13	62	0.00002
Cytophagaceae bacterium	2026729	S	53	15	68	0.00002
Marivirga lumbricoides	1046115	S	46	18	64	0.00002
Bacteroidales bacterium	2030927	S	189	23	212	0.00006
Bacteroidota bacterium	1898104	S	144	22	166	0.00005
uncultured Bacteroidetes bacterium	152509	S	111	47	158	0.00005
Gracilimonas amylolytica	1749045	S	1270	267	1537	0.00046
Gracilimonas sp.	1974203	S	13	2	15	0.00000
Balneolaceae bacterium UBA3186	1951498	S	108	26	134	0.00004
Rubrivirga sp.	1885344	S	22	12	34	0.00001
Gemmatimonadota bacterium	2026742	S	43514	4686	48200	0.01445
Gemmatimonadales bacterium UBA1142	1951102	S	2993	345	3338	0.00100
Gemmatimonadales bacterium UBA2988	1951110	S	21	0	21	0.00001
Gemmatimonadales bacterium UBA1120	1951099	S	15	13	28	0.00001
Candidatus Hydrogenedentes bacterium	2030809	S	1980	125	2105	0.00063
Candidatus Latescibacteria bacterium	2053570	S	34	2	36	0.00001
Candidatus Kryptonium thompsoni	1633631	S	22	0	22	0.00001
Dehalococcoidia bacterium	2026734	S	105344	12079	117423	0.03521
Dehalococcoidia bacterium UBA1122	1948466	S	17732	1254	18986	0.00569
Dehalococcoidia bacterium UBA1123	1948467	S	13418	13980	27398	0.00821
Dehalococcoidia bacterium UBA1141	1948469	S	9374	1891	11265	0.00338
Dehalococcoidia bacterium UBA1151	1948470	S	3486	340	3826	0.00115
Dehalococcoidia bacterium UBA1127	1948468	S	2339	78	2417	0.00072
Dehalococcoidia bacterium UBA1152	1948471	S	748	278	1026	0.00031
Dehalococcoidia bacterium UBA6495	1948511	S	282	386	668	0.00020
Dehalococcoidia bacterium UBA2158	1948480	S	101	47	148	0.00004
Dehalococcoidia bacterium UBA7891	1948532	S	13	7	20	0.00001
uncultured Dehalococcoidales bacterium	2006128	S	20	2	22	0.00001
SAR202 cluster bacterium	2030829	S	27547	14887	42434	0.01272
SAR202 cluster bacterium AC-647-N09_OGT_505m	2587833	S	12	0	12	0.00000
Chloroflexota bacterium	2026724	S	1485	167	1652	0.00050
Anaerolineales bacterium UBA1136	1950187	S	1315	145	1460	0.00044
Acidimicrobiia bacterium	2080302	S	104177	43103	147280	0.04416
Acidimicrobiia bacterium UBA1281	1948316	S	21	28	49	0.00001
Acidimicrobiales bacterium	2201156	S	316	176	492	0.00015
Acidimicrobiaceae bacterium	2024894	S	84	22	106	0.00003
Candidatus Microthrix sp. UBA672	1946197	S	31	31	62	0.00002
uncultured Ilumatobacter sp.	879968	S	17	1	18	0.00001
Nocardioides salarius	374513	S	10114	25783	35897	0.01076
Nocardioides sp. REDSEA-S33_B3	1811554	S	393	1451	1844	0.00055
Nocardioides sp. Root140	1736460	S	13	26	39	0.00001
Nocardioides marinus	374514	S	333	1092	1425	0.00043
Nocardioides daphniae	402297	S	122	175	297	0.00009
Nocardioides perillae	1119534	S	77	154	231	0.00007
Pimelobacter sp. 30-1	2004991	S	94	143	237	0.00007
Cutibacterium acnes	1747	S	37	73	110	0.00003
Rhodococcus sp. KRD197	2729731	S	2182	1103	3285	0.00098
Mycolicibacterium poriferae	39694	S	28	167	195	0.00006
Microbacterium sp. UBA1097	1946941	S	99	182	281	0.00008
Microbacterium sp.	51671	S	67	91	158	0.00005
Microbacterium sp. 5K110	2578104	S	15	28	43	0.00001
Microbacterium chocolatum	84292	S	193	203	396	0.00012
Microbacterium schleiferi	69362	S	90	133	223	0.00007
Microbacterium luteum	2782167	S	53	181	234	0.00007
Marinisubtilis pacificus	2591847	S	31	140	171	0.00005
uncultured Candidatus Actinomarina sp.	1985113	S	78	248	326	0.00010
Pseudonocardia alni	33907	S	30	69	99	0.00003
Actinomycetia bacterium	1883427	S	18	13	31	0.00001
Synechococcus sp. WH 8020	32052	S	40	81	121	0.00004
Synechococcus sp. MIT S9220	166309	S	39	198	237	0.00007
Synechococcus sp. BL107	313625	S	23	134	157	0.00005
Synechococcus sp. AG-679-C18	2161967	S	13	5	18	0.00001
cf. Phormidesmis sp. LEGE 11477	1828680	S	16	2	18	0.00001
Bacillota bacterium	1879010	S	1134	55	1189	0.00036
SAR324 cluster bacterium	2024889	S	215363	9980	225343	0.06756
SAR324 cluster bacterium SAR324-CTD7B	1795556	S	36499	101246	137745	0.04130
uncultured SAR324 cluster bacterium	179114	S	6868	6881	13749	0.00412
SAR324 cluster bacterium REDSEA-S27_B3	1811637	S	222	19	241	0.00007
Deltaproteobacteria bacterium	2026735	S	252	30	282	0.00008
Microvenator marinus	2600177	S	66	1	67	0.00002
Verrucomicrobiota bacterium	2026799	S	29278	14192	43470	0.01303
Verrucomicrobia bacterium UBA673	1948281	S	87	679	766	0.00023
Verrucomicrobiales bacterium	2026801	S	533	288	821	0.00025
Akkermansiaceae bacterium UBA7890	1951374	S	27	40	67	0.00002
Akkermansiaceae bacterium UBA5688	1951365	S	12	20	32	0.00001
Roseibacillus sp.	2024856	S	31	26	57	0.00002
Verrucomicrobiaceae bacterium TMED86	1986881	S	17	42	59	0.00002
Verrucomicrobia subdivision 3 bacterium	2052186	S	15	5	20	0.00001
Verrucomicrobiae bacterium	2499141	S	15	19	34	0.00001
uncultured Opitutales bacterium	592834	S	92	56	148	0.00004
Opitutae bacterium	2026771	S	32	30	62	0.00002
Puniceicoccaceae bacterium	2026784	S	14	18	32	0.00001
Planctomycetaceae bacterium	2026779	S	9051	1075	10126	0.00304
Planctomycetaceae bacterium TMED10	1986833	S	126	16	142	0.00004
Pirellulales bacterium	2715253	S	886	55	941	0.00028
Rhodopirellula sp.	2024855	S	41	15	56	0.00002
Mariniblastus sp.	2005381	S	29	2	31	0.00001
Planctomycetota bacterium	2026780	S	1224	159	1383	0.00041
Planctomycetes bacterium UBA1135	1948124	S	928	42	970	0.00029
Planctomycetes bacterium UBA1146	1948125	S	361	38	399	0.00012
Phycisphaerales bacterium	2052180	S	442	343	785	0.00024
Phycisphaera sp. TMED24	1986832	S	19	92	111	0.00003
Phycisphaerae bacterium	2026778	S	135	220	355	0.00011
uncultured Planctomycetota bacterium	120965	S	18	9	27	0.00001
Nitrospina sp.	2024844	S	17056	3174	20230	0.00607
Nitrospina sp. LS_NOB	1671875	S	61	14	75	0.00002
Nitrospinaceae bacterium	2358456	S	47	5	52	0.00002
Candidatus Nitromaritima sp. SCGC AAA288-L16	913337	S	31	3	34	0.00001
Micavibrio sp.	2024841	S	1700	341	2041	0.00061
Micavibrio sp. TMED27	1986607	S	674	579	1253	0.00038
Micavibrio sp. UBA5572	1946924	S	92	14	106	0.00003
Micavibrio sp. TMED2	1986633	S	31	29	60	0.00002
Bdellovibrionaceae bacterium UBA6502	1961516	S	153	5	158	0.00005
Pseudobdellovibrionaceae bacterium	2026715	S	15	2	17	0.00001
Halobacteriovoraceae bacterium	2026745	S	1286	57	1343	0.00040
Halobacteriovorax sp. BALOs_7	2109558	S	458	28	486	0.00015
Halobacteriovorax sp.	2020862	S	257	30	287	0.00009
Bacteriovoracaceae bacterium	2081706	S	61	1	62	0.00002
Candidatus Dadabacteria bacterium UBA1144	1953208	S	3744	348	4092	0.00123
Patescibacteria group bacterium	2052139	S	32	1	33	0.00001
bacterium UBP10_UBA1149	1953411	S	49	67	116	0.00003
Candidatus Poribacteria bacterium	2026781	S	15	0	15	0.00000
Acidobacteriota bacterium	1978231	S	3797	324	4121	0.00124
Acidobacteria bacterium UBA2999	1953107	S	13	1	14	0.00000
Sulfurimonas sp.	2022749	S	1824	215	2039	0.00061
Nitrospiraceae bacterium UBA2166	1952976	S	222	90	312	0.00009
Nitrospirales bacterium	2358460	S	131	2	133	0.00004
Nitrospirae bacterium SPGG5	1842520	S	22	1	23	0.00001
Myxococcales bacterium	2026763	S	254	12	266	0.00008
Sandaracinaceae bacterium	2510337	S	24	1	25	0.00001
uncultured bacterium	77133	S	59	117	176	0.00005
Candidatus Desulfobacula maris	2841694	S	20	12	32	0.00001
Spirochaetales bacterium	2026792	S	20	0	20	0.00001
bacterium	1869227	S	17	18	35	0.00001
Marine Group I thaumarchaeote	2511932	S	241671	187330	429001	0.12863
Thaumarchaeota archaeon SCGC AAA007-O23	913333	S	451	561	1012	0.00030
Marine Group I thaumarchaeote SCGC AAA799-O18	1502294	S	12	1	13	0.00000
Candidatus Nitrosopelagicus sp.	2026808	S	2972	3438	6410	0.00192
Thaumarchaeota archaeon SCGC AAA282-K18	1298885	S	43888	87185	131073	0.03930
Nitrososphaerota archaeon	2026795	S	8926	2341	11267	0.00338
Nitrosopumilus sp. LS_AOA	1671876	S	650	1143	1793	0.00054
Nitrosopumilus sp.	2024843	S	277	261	538	0.00016
uncultured Candidatus Nitrosopumilus sp.	517606	S	120	229	349	0.00010
Nitrosopumilales archaeon	2026768	S	27	7	34	0.00001
Euryarchaeota archaeon UBA58	1915943	S	137178	12102	149280	0.04476
Candidatus Poseidoniales archaeon	2163009	S	8588	5489	14077	0.00422
Euryarchaeota archaeon UBA60	1915951	S	2200	22	2222	0.00067
Euryarchaeota archaeon UBA59	1915945	S	1262	11	1273	0.00038
Euryarchaeota archaeon UBA528	1915914	S	153	87	240	0.00007
Euryarchaeota archaeon UBA54	1915920	S	31	50	81	0.00002
Candidatus Thalassoarchaea betae	2599289	S	3622	400	4022	0.00121
Candidatus Poseidoniaceae archaeon	2666346	S	12	4	16	0.00000
Euryarchaeota archaeon UBA136	1915770	S	315	2798	3113	0.00093
Euryarchaeota archaeon UBA488	1915775	S	72	150	222	0.00007
Euryarchaeota archaeon	2026739	S	8629	3602	12231	0.00367
Marine Group IV archaeon HikBin4	2675329	S	1085	21	1106	0.00033
Candidatus Woesearchaeota archaeon	2026803	S	36	6	42	0.00001
Candidatus Pacearchaeota archaeon	2026773	S	26	13	39	0.00001
Nanoarchaeota archaeon	2026764	S	14	4	18	0.00001
archaeon	1906665	S	48	8	56	0.00002
archaeon MnTg01	2080451	S	12	1	13	0.00000
Candidatus Heimdallarchaeota archaeon	2026747	S	32	1	33	0.00001
