name	taxonomy_id	taxonomy_lvl	kraken_assigned_reads	added_reads	new_est_reads	fraction_total_reads
Alteromonas macleodii	28108	S	131850	285557	417407	0.03682
Alteromonas sp. RKMC-009	2267264	S	12351	2544	14895	0.00131
Alteromonas sp. IB21	2779369	S	4063	4269	8332	0.00073
Alteromonas sp. KUL42	2480797	S	460	71	531	0.00005
Alteromonas sp. BL110	1714845	S	294	461	755	0.00007
Alteromonas sp. KUL106	2480799	S	218	90	308	0.00003
Alteromonas sp. KUL49	2480798	S	213	13	226	0.00002
Alteromonas sp. V450	1912139	S	84	61	145	0.00001
Alteromonas sp. 38	2653129	S	57	63	120	0.00001
Alteromonas sp. KC3	2795688	S	52	15	67	0.00001
Alteromonas sp. ALT199	1298865	S	39	49	88	0.00001
Alteromonas australica	589873	S	11760	5702	17462	0.00154
Alteromonas alba	2079529	S	6699	51034	57733	0.00509
Alteromonas oceani	2071609	S	5377	20926	26303	0.00232
Alteromonas abrolhosensis	1892904	S	5128	7011	12139	0.00107
Alteromonas marina	203795	S	3996	8175	12171	0.00107
Alteromonas mediterranea	314275	S	3150	4393	7543	0.00067
Alteromonas antoniana	2803813	S	1324	1090	2414	0.00021
Alteromonas portus	2565549	S	1200	1313	2513	0.00022
Alteromonas profundi	2696062	S	1181	730	1911	0.00017
Alteromonas gracilis	1479524	S	233	174	407	0.00004
Alteromonas genovensis	471225	S	231	204	435	0.00004
Alteromonas naphthalenivorans	715451	S	193	348	541	0.00005
Alteromonas oceanisediminis	2836180	S	169	37	206	0.00002
Alteromonas pelagimontana	1858656	S	136	20	156	0.00001
Alteromonas confluentis	1656094	S	71	9	80	0.00001
Alteromonas lipolytica	1856405	S	62	10	72	0.00001
Alteromonas aestuariivivens	1938339	S	38	1	39	0.00000
Alteromonas hispanica	315421	S	33	5	38	0.00000
Alteromonas halophila	516698	S	23	4	27	0.00000
Alteromonas lipotrueiana	2803815	S	19	5	24	0.00000
Salinimonas lutimaris	914153	S	2098	545	2643	0.00023
Salinimonas iocasae	2572577	S	1011	381	1392	0.00012
Salinimonas sediminis	2303538	S	120	90	210	0.00002
Salinimonas chungwhensis	265425	S	72	15	87	0.00001
Salinimonas profundi	2729140	S	62	45	107	0.00001
Salinimonas marina	2785918	S	28	5	33	0.00000
Alteromonadaceae bacterium UBA2620	1951386	S	26312	95692	122004	0.01076
Alteromonadaceae bacterium	1916082	S	4540	2145	6685	0.00059
Alteromonadaceae bacterium XY-R5	1737567	S	20	1	21	0.00000
Marisediminitalea aggregata	634436	S	3007	515	3522	0.00031
Glaciecola sp. UBA1851	1946570	S	146	19	165	0.00001
Glaciecola sp. HTCC2999	455436	S	45	6	51	0.00000
Aestuariibacter sp.	1872400	S	55	14	69	0.00001
Aestuariibacter sp. GS-14	2590670	S	42	9	51	0.00000
Aestuariibacter salexigens	226010	S	18	0	18	0.00000
Paraglaciecola chathamensis	368405	S	28	5	33	0.00000
Ningiella ruwaisensis	2364274	S	19	6	25	0.00000
Hydrocarboniclastica marina	2259620	S	14	2	16	0.00000
Neptunicella marina	2125989	S	13	2	15	0.00000
Pseudoalteromonas sp. MEBiC 03607	2563601	S	1942	5065	7007	0.00062
Pseudoalteromonas sp. 0303	2743618	S	302	3207	3509	0.00031
Pseudoalteromonas sp.	53249	S	286	1224	1510	0.00013
Pseudoalteromonas sp. '520P1 No. 423'	1690037	S	176	40	216	0.00002
Pseudoalteromonas sp. XI10	1766621	S	120	1274	1394	0.00012
Pseudoalteromonas sp. NBT06-2	2025950	S	60	4	64	0.00001
Pseudoalteromonas sp. HM-SA03	2029678	S	28	141	169	0.00001
Pseudoalteromonas sp. T1lg23B	2077097	S	20	12	32	0.00000
Pseudoalteromonas sp. P1-25	1723758	S	17	25	42	0.00000
Pseudoalteromonas shioyasakiensis	1190813	S	1663	13511	15174	0.00134
Pseudoalteromonas atlantica	288	S	1657	3427	5084	0.00045
Pseudoalteromonas arabiensis	874454	S	809	711	1520	0.00013
Pseudoalteromonas ruthenica	151081	S	505	117	622	0.00005
Pseudoalteromonas tetraodonis	43659	S	247	1073	1320	0.00012
Pseudoalteromonas gelatinilytica	1703256	S	240	1147	1387	0.00012
Pseudoalteromonas lipolytica	570156	S	238	672	910	0.00008
Pseudoalteromonas marina	267375	S	45	73	118	0.00001
Pseudoalteromonas undina	43660	S	44	203	247	0.00002
Pseudoalteromonas distincta	77608	S	25	193	218	0.00002
Pseudoalteromonas espejiana	28107	S	19	28	47	0.00000
Pseudoalteromonas prydzensis	182141	S	18	23	41	0.00000
Pseudoalteromonas nigrifaciens	28109	S	16	75	91	0.00001
Pseudoalteromonas rhizosphaerae	2518973	S	14	52	66	0.00001
Algicola sp.	1872429	S	27	10	37	0.00000
Idiomarina baltica	190892	S	14028	14140	28168	0.00248
Idiomarina aquatica	1327752	S	1505	585	2090	0.00018
Idiomarina zobellii	86103	S	710	877	1587	0.00014
Idiomarina loihiensis	135577	S	435	218	653	0.00006
Idiomarina abyssalis	86102	S	235	117	352	0.00003
Idiomarina sp. MD25a	1889913	S	151	128	279	0.00002
Idiomarina sp. X4	2055892	S	67	77	144	0.00001
Idiomarina piscisalsi	1096243	S	204	177	381	0.00003
Idiomarina fontislapidosi	263723	S	100	25	125	0.00001
Idiomarina tyrosinivorans	1445662	S	14	3	17	0.00000
Idiomarinaceae bacterium	1898113	S	1663	1534	3197	0.00028
Pseudidiomarina aquimaris	641841	S	96	63	159	0.00001
Pseudidiomarina maritima	519453	S	17	18	35	0.00000
Litorilituus sediminis	718192	S	151	23	174	0.00002
Thalassotalea piscium	1230533	S	14	6	20	0.00000
Shewanella fidelis	173509	S	40	13	53	0.00000
Motilimonas pumila	2303987	S	19	8	27	0.00000
Marinobacter salsuginis	418719	S	191689	227445	419134	0.03697
Marinobacter nauticus	2743	S	31118	20334	51452	0.00454
Marinobacter sp.	50741	S	4654	4080	8734	0.00077
Marinobacter sp. B9-2	2137198	S	4413	17965	22378	0.00197
Marinobacter sp. EhC06	1849169	S	1368	2843	4211	0.00037
Marinobacter sp. NP-4(2019)	2488665	S	485	146	631	0.00006
Marinobacter sp. Arc7-DN-1	2304594	S	457	471	928	0.00008
Marinobacter sp. es.042	1761794	S	370	1252	1622	0.00014
Marinobacter sp. BW6	2592624	S	315	289	604	0.00005
Marinobacter sp. LQ44	1749259	S	291	821	1112	0.00010
Marinobacter sp. es.048	1761795	S	91	59	150	0.00001
Marinobacter sp. JH2	2547598	S	28	20	48	0.00000
Marinobacter sp. HL-58	1479237	S	23	5	28	0.00000
Marinobacter sp. F3R08	2841559	S	21	7	28	0.00000
Marinobacter sp. AC-23	1879031	S	21	4	25	0.00000
Marinobacter sp. R17	2484250	S	14	6	20	0.00000
Marinobacter sp. 1-4A	2582919	S	12	11	23	0.00000
Marinobacter flavimaris	262076	S	4291	78571	82862	0.00731
Marinobacter manganoxydans	1150997	S	4031	71535	75566	0.00667
Marinobacter segnicrescens	430453	S	2287	1193	3480	0.00031
Marinobacter vinifirmus	355591	S	1474	2270	3744	0.00033
Marinobacter adhaerens	1033846	S	1081	10032	11113	0.00098
Marinobacter fuscus	2109942	S	932	1263	2195	0.00019
Marinobacter algicola	236100	S	920	1160	2080	0.00018
Marinobacter santoriniensis	523742	S	511	88	599	0.00005
Marinobacter oulmenensis	643747	S	401	63	464	0.00004
Marinobacter salarius	1420917	S	321	672	993	0.00009
Marinobacter persicus	930118	S	320	294	614	0.00005
Marinobacter maroccanus	2055143	S	275	403	678	0.00006
Marinobacter litoralis	187981	S	273	64	337	0.00003
Marinobacter aromaticivorans	1494078	S	203	68	271	0.00002
Marinobacter lipolyticus	209639	S	176	133	309	0.00003
Marinobacter shengliensis	1389223	S	133	232	365	0.00003
Marinobacter profundi	2666256	S	108	75	183	0.00002
Marinobacter denitrificans	2597703	S	51	58	109	0.00001
Marinobacter pelagius	379482	S	35	23	58	0.00001
Marinobacter alexandrii	2570351	S	33	14	47	0.00000
Marinobacter excellens	218670	S	30	44	74	0.00001
Marinobacter antarcticus	564117	S	27	15	42	0.00000
Marinobacter nitratireducens	1137280	S	23	2	25	0.00000
Marinobacter lutaoensis	135739	S	17	5	22	0.00000
Marinobacter similis	1420916	S	16	10	26	0.00000
Marinobacter sediminum	256323	S	14	7	21	0.00000
Marinobacter subterrani	1658765	S	13	5	18	0.00000
Marinobacter nanhaiticus	1305740	S	12	2	14	0.00000
Halopseudomonas gallaeciensis	857227	S	35691	23688	59379	0.00524
Halopseudomonas aestusnigri	857252	S	2974	1974	4948	0.00044
Halopseudomonas pachastrellae	254161	S	2934	3236	6170	0.00054
Halopseudomonas oceani	1708783	S	717	504	1221	0.00011
Halopseudomonas sabulinigri	472181	S	190	35	225	0.00002
Halopseudomonas pelagia	553151	S	49	20	69	0.00001
Halopseudomonas salegens	1434072	S	22	3	25	0.00000
Halopseudomonas yangmingensis	1720063	S	12	7	19	0.00000
Pseudomonas sp.	306	S	222	812	1034	0.00009
Pseudomonas sp. SSM44	2487347	S	28	28	56	0.00000
Pseudomonas sp. IC_126	2547400	S	24	11	35	0.00000
Pseudomonas sp. SST3	2267882	S	17	27	44	0.00000
Pseudomonas khazarica	2502979	S	74	46	120	0.00001
Pseudomonas chengduensis	489632	S	57	428	485	0.00004
Pseudomonas mendocina	300	S	18	28	46	0.00000
Pseudomonas furukawaii	1149133	S	12	9	21	0.00000
Pseudomonas benzenivorans	556533	S	26	25	51	0.00000
Pseudomonas saliphila	2586906	S	16	5	21	0.00000
Pseudomonas tohonis	2725477	S	13	13	26	0.00000
Stutzerimonas stutzeri	316	S	469	882	1351	0.00012
Stutzerimonas chloritidismutans	203192	S	18	414	432	0.00004
Stutzerimonas kunmingensis	1211807	S	16	262	278	0.00002
Pseudomonadaceae bacterium UBA836	1952795	S	113	101	214	0.00002
Pseudomonadaceae bacterium SI-3	2079806	S	12	16	28	0.00000
Pseudomonadales bacterium	1891229	S	760	181	941	0.00008
Gammaproteobacteria bacterium UBA2168	1948591	S	282	14	296	0.00003
Gammaproteobacteria bacterium	1913989	S	598437	138818	737255	0.06503
Gammaproteobacteria bacterium UBA7310	1948647	S	32372	10697	43069	0.00380
Gammaproteobacteria bacterium REDSEA-S15_B12	1811666	S	7739	5689	13428	0.00118
Gammaproteobacteria bacterium UBA6940	1948640	S	5092	831	5923	0.00052
gamma proteobacterium SCGC AAA007-O20	913327	S	2576	1354	3930	0.00035
gamma proteobacterium SCGC AB-629-P17	1131274	S	832	1045	1877	0.00017
Gammaproteobacteria bacterium UBA1119	1948582	S	650	390	1040	0.00009
Gammaproteobacteria bacterium UBA3532	1948611	S	600	336	936	0.00008
Gammaproteobacteria bacterium UBA7803	1948658	S	101	82	183	0.00002
Gammaproteobacteria bacterium UBA3498	1948609	S	50	8	58	0.00001
Gammaproteobacteria bacterium UBA2675	1948596	S	45	194	239	0.00002
Gammaproteobacteria bacterium UBA1961	1948588	S	40	8	48	0.00000
Gammaproteobacteria bacterium TMED78	1986767	S	13	0	13	0.00000
Acidiferrobacteraceae bacterium	2024893	S	415772	253896	669668	0.05907
Cobetia amphilecti	1055104	S	74759	55233	129992	0.01147
Cobetia crustatorum	553385	S	2655	2076	4731	0.00042
Cobetia marina	28258	S	871	599	1470	0.00013
Cobetia sp. L2A1	2686360	S	84	58	142	0.00001
Halomonas piezotolerans	2609667	S	14927	17384	32311	0.00285
Halomonas litopenaei	2109328	S	11069	9493	20562	0.00181
Halomonas meridiana	29570	S	8162	11928	20090	0.00177
Halomonas aquamarina	77097	S	3874	16060	19934	0.00176
Halomonas taeanensis	284577	S	3269	1296	4565	0.00040
Halomonas zincidurans	1178777	S	2525	1334	3859	0.00034
Halomonas salina	42565	S	2068	3428	5496	0.00048
Halomonas sp.	1486246	S	495	257	752	0.00007
Halomonas sp. UBA3074	1946584	S	351	470	821	0.00007
Halomonas sp. A40-4	2785909	S	153	168	321	0.00003
Halomonas sp. 54_146	1635257	S	29	26	55	0.00000
Halomonas sp. FME66	2742615	S	16	23	39	0.00000
Halomonas sp. EAR18	2518972	S	13	5	18	0.00000
Halomonas sp. KAO	2783858	S	12	15	27	0.00000
Halomonas lionensis	1144478	S	1026	3345	4371	0.00039
Halomonas salicampi	1449798	S	176	59	235	0.00002
Halomonas hamiltonii	502829	S	137	410	547	0.00005
Halomonas lutescens	1602943	S	77	31	108	0.00001
Halomonas cupida	44933	S	77	9	86	0.00001
Halomonas sulfidaeris	115553	S	64	22	86	0.00001
Halomonas sedimenti	2729618	S	50	86	136	0.00001
Halomonas alkaliantarctica	232346	S	36	49	85	0.00001
Halomonas stevensii	502821	S	31	124	155	0.00001
Halomonas ventosae	229007	S	28	35	63	0.00001
Halomonas maris	2729617	S	17	50	67	0.00001
Halomonas campaniensis	213554	S	17	26	43	0.00000
Halomonas xianhensis	442341	S	16	6	22	0.00000
Chromohalobacter israelensis	141390	S	9945	10353	20298	0.00179
Chromohalobacter salexigens	158080	S	51	74	125	0.00001
Chromohalobacter japonicus	223900	S	35	69	104	0.00001
Chromohalobacter marismortui	42055	S	33	9	42	0.00000
Salinicola salarius	430457	S	1707	1180	2887	0.00025
Salinicola sp.	1978524	S	82	153	235	0.00002
Salinicola peritrichatus	1267424	S	44	24	68	0.00001
Kushneria konosiri	698828	S	980	1007	1987	0.00018
Kushneria marisflavi	157779	S	31	32	63	0.00001
Modicisalibacter sp. 'Wilcox'	2679914	S	229	1221	1450	0.00013
Halomonadaceae bacterium T82-2	1783518	S	124	713	837	0.00007
Carnimonas nigrificans	64323	S	17	2	19	0.00000
Oceanospirillaceae bacterium	1899355	S	46739	11349	58088	0.00512
Thalassolituus sp. UBA1087	1947651	S	9803	1073	10876	0.00096
Thalassolituus sp. UBA674	1947666	S	2544	816	3360	0.00030
Thalassolituus sp. UBA2107	1947659	S	628	1119	1747	0.00015
Thalassolituus sp. C2-1	2597518	S	18	6	24	0.00000
Marinobacterium litorale	404770	S	3942	1134	5076	0.00045
Marinobacterium iners	48076	S	80	8	88	0.00001
Marinobacterium sp. A346	2851016	S	14	8	22	0.00000
Neptuniibacter sp. UBA6509	1946976	S	324	52	376	0.00003
Neptuniibacter marinus	1806670	S	24	11	35	0.00000
Marinomonas piezotolerans	2213058	S	120	40	160	0.00001
Marinomonas profundimaris	1208321	S	24	50	74	0.00001
Marinomonas fungiae	1137284	S	16	18	34	0.00000
Oleibacter marinus	484498	S	69	86	155	0.00001
Oleibacter sp.	2024845	S	12	4	16	0.00000
Alloalcanivorax venustensis	172371	S	3982	13482	17464	0.00154
Alloalcanivorax profundimaris	2735259	S	3319	3955	7274	0.00064
Alloalcanivorax marinus	1177169	S	519	355	874	0.00008
Alloalcanivorax gelatiniphagus	1194167	S	354	297	651	0.00006
Alloalcanivorax mobilis	2019569	S	51	13	64	0.00001
Alloalcanivorax dieselolei	285091	S	25	22	47	0.00000
Alcanivorax sp. DSM 26293	1798238	S	2080	2559	4639	0.00041
Alcanivorax sp.	1872427	S	1993	1560	3553	0.00031
Alcanivorax sp. UBA4485	1945988	S	388	483	871	0.00008
Alcanivorax sp. DG881	236097	S	15	13	28	0.00000
Alcanivorax sp. DP30	2606217	S	12	3	15	0.00000
Alcanivorax profundi	2338368	S	432	1615	2047	0.00018
Alcanivorax jadensis	64988	S	54	34	88	0.00001
Alcanivorax nanhaiticus	1177154	S	48	54	102	0.00001
Alcanivorax hongdengensis	519051	S	23	11	34	0.00000
Alcanivoracaceae bacterium	2024895	S	231	300	531	0.00005
Ketobacter sp.	2083498	S	48	8	56	0.00000
Ketobacter sp. MCCC 1A13808	2602738	S	16	5	21	0.00000
Ketobacter alkanivorans	1917421	S	41	24	65	0.00001
Isoalcanivorax pacificus	1306787	S	19	17	36	0.00000
Endozoicomonas sp. G2_2	2821092	S	163	133	296	0.00003
Hahellaceae bacterium	2048971	S	56	5	61	0.00001
Oleiphilus sp.	2025907	S	34	2	36	0.00000
Spongiibacter tropicus	454602	S	21910	11699	33609	0.00296
Spongiibacter marinus	354246	S	680	477	1157	0.00010
Spongiibacter sp. IMCC21906	1620392	S	63	30	93	0.00001
Spongiibacter pelagi	2760804	S	15	11	26	0.00000
Zhongshania aliphaticivorans	1470434	S	18	6	24	0.00000
Sinobacterium caligoides	933926	S	12	0	12	0.00000
Halioglobus japonicus	930805	S	123	5	128	0.00001
Halioglobus sp.	2024834	S	101	36	137	0.00001
Halioglobus pacificus	930806	S	96	6	102	0.00001
Haliea sp.	1932666	S	230	24	254	0.00002
Haliea salexigens	287487	S	13	21	34	0.00000
Halieaceae bacterium	2026743	S	27	7	34	0.00000
Halieaceae bacterium UBA5085	1951918	S	17	20	37	0.00000
Halieaceae bacterium UBA5044	1951916	S	14	5	19	0.00000
Sediminihaliea albiluteola	2758564	S	31	3	34	0.00000
Porticoccus hydrocarbonoclasticus	1073414	S	95	123	218	0.00002
Porticoccus sp.	2024853	S	33	20	53	0.00000
Porticoccaceae bacterium UBA1117	1952748	S	87	6	93	0.00001
SAR92 bacterium BACL16 MAG-120619-bin48	1655625	S	24	11	35	0.00000
uncultured SAR92 cluster bacterium	1118066	S	21	4	25	0.00000
SAR92 clade bacterium	2315479	S	15	5	20	0.00000
Porticoccaceae bacterium	2026782	S	32	9	41	0.00000
Chromatiales bacterium	2026725	S	9334	728	10062	0.00089
Woeseiaceae bacterium	2026806	S	2955	1704	4659	0.00041
uncultured Woeseiaceae bacterium	1983305	S	38	2	40	0.00000
Rheinheimera aquimaris	412437	S	208	63	271	0.00002
Thiohalocapsa marina	424902	S	18	2	20	0.00000
Arsukibacterium sp. UBA3155	1946058	S	17	1	18	0.00000
Oceanococcus atlanticus	1317117	S	27	1	28	0.00000
Ectothiorhodospiraceae bacterium	2026737	S	13	1	14	0.00000
Halothiobacillaceae bacterium UBA5861	1951926	S	14	1	15	0.00000
Salinisphaera sp. UBA1666	1947454	S	5011	1558	6569	0.00058
Salinisphaera sp. UBA6602	1947455	S	388	232	620	0.00005
Salinisphaera sp.	1914330	S	197	82	279	0.00002
Salinisphaera shabanensis	180542	S	1285	400	1685	0.00015
Salinisphaera japonica	1304270	S	756	455	1211	0.00011
Salinisphaera hydrothermalis	563188	S	49	6	55	0.00000
Salinisphaera orenii	856731	S	20	33	53	0.00000
Abyssibacter profundi	2182787	S	304	54	358	0.00003
uncultured SAR86 cluster bacterium	648174	S	3776	895	4671	0.00041
SAR86 cluster bacterium REDSEA-S09_B4	1811643	S	369	18	387	0.00003
SAR86 cluster bacterium SAR86A	1123866	S	36	27	63	0.00001
SAR86 cluster bacterium AG-447-A08	2162557	S	12	1	13	0.00000
Candidatus Thioglobus sp. MED-G25	1986229	S	1859	673	2532	0.00022
Candidatus Thioglobus sp.	2026721	S	113	77	190	0.00002
uncultured Candidatus Thioglobus sp.	655186	S	48	55	103	0.00001
Candidatus Thioglobus perditus	2058498	S	39	3	42	0.00000
marine gamma proteobacterium HTCC2089	247632	S	23	0	23	0.00000
K189A clade bacterium	2315472	S	21	8	29	0.00000
uncultured OM182 clade bacterium	1128416	S	12	1	13	0.00000
Candidatus Pseudothioglobus aerophilus	2841689	S	12	26	38	0.00000
Pseudohongiella nitratireducens	1768907	S	14	8	22	0.00000
Vibrio campbellii	680	S	959	1751	2710	0.00024
Vibrio mytili	50718	S	34	43	77	0.00001
Vibrio sp. AND4	314289	S	13	4	17	0.00000
Vibrio chagasii	170679	S	72	380	452	0.00004
Vibrio sp. HI00D65	1822216	S	62	261	323	0.00003
Vibrio hibernica	2587465	S	16	15	31	0.00000
Vibrio penaeicida	104609	S	13	3	16	0.00000
Photobacterium angustum	661	S	179	818	997	0.00009
Photobacterium leiognathi	553611	S	117	414	531	0.00005
Photobacterium sp. GB-56	2022106	S	23	94	117	0.00001
Photobacterium lucens	2562949	S	16	51	67	0.00001
Enterovibrio pacificus	1080227	S	102	13	115	0.00001
Paraphotobacterium marinum	1755811	S	99	28	127	0.00001
Veronia nyctiphanis	1278244	S	23	3	26	0.00000
Psychrobacter submarinus	154108	S	1439	1281	2720	0.00024
Psychrobacter sp. bablab_jr014	2755139	S	80	32	112	0.00001
Psychrobacter sp.	56811	S	18	0	18	0.00000
Psychrobacter celer	306572	S	59	52	111	0.00001
Psychrobacter pacificensis	112002	S	59	195	254	0.00002
Psychrobacter piscatorii	554343	S	20	37	57	0.00001
Acinetobacter venetianus	52133	S	1184	979	2163	0.00019
Acinetobacter junii	40215	S	20	58	78	0.00001
Acinetobacter ursingii	108980	S	13	32	45	0.00000
Methylophaga sp.	2024840	S	2231	711	2942	0.00026
Methylophaga aminisulfidivorans	230105	S	65	65	130	0.00001
Cycloclasticus sp.	2024830	S	49	14	63	0.00001
uncultured Francisellaceae bacterium	393692	S	226	3	229	0.00002
Thiotrichales bacterium	2026796	S	119	16	135	0.00001
Cysteiniphilum litorale	2056700	S	13	13	26	0.00000
Thiotrichaceae bacterium	2030882	S	15	1	16	0.00000
Xanthomonadales bacterium	2006849	S	3292	475	3767	0.00033
Legionellales bacterium	2026754	S	1016	119	1135	0.00010
Legionella sp.	459	S	886	46	932	0.00008
Legionella rowbothamii	96229	S	30	5	35	0.00000
Coxiellaceae bacterium	2026727	S	33	3	36	0.00000
uncultured Gammaproteobacteria bacterium	86473	S	1619	298	1917	0.00017
Methylococcales bacterium OPU3_GD_OMZ	1920888	S	948	131	1079	0.00010
Methylococcaceae bacterium UBA1147	1952219	S	151	21	172	0.00002
Providencia huaxiensis	2027290	S	72	49	121	0.00001
Providencia rettgeri	587	S	35	29	64	0.00001
Polycyclovorans sp.	2024852	S	23	31	54	0.00000
Pelagibacteraceae bacterium	2026775	S	126105	113296	239401	0.02112
alpha proteobacterium SCGC AAA288-G21	939324	S	4531	10331	14862	0.00131
alpha proteobacterium SCGC AAA288-E13	939316	S	1385	6412	7797	0.00069
Pelagibacteraceae bacterium AG-464-P07	2162008	S	1339	1907	3246	0.00029
alpha proteobacterium SCGC AAA240-E13	939306	S	768	2413	3181	0.00028
alpha proteobacterium SCGC AAA288-N07	939346	S	359	693	1052	0.00009
Pelagibacteraceae bacterium AG-439-F23	2162002	S	98	174	272	0.00002
Pelagibacteraceae bacterium AG-464-B04	2162007	S	65	37	102	0.00001
Pelagibacteraceae bacterium AG-404-N13	2161987	S	56	107	163	0.00001
Pelagibacteraceae bacterium AG-319-F18	2162057	S	20	241	261	0.00002
Pelagibacteraceae bacterium AG-410-D23	2162050	S	12	21	33	0.00000
Candidatus Pelagibacter sp.	2024849	S	41333	57265	98598	0.00870
uncultured Candidatus Pelagibacter sp.	372654	S	88	67	155	0.00001
Candidatus Pelagibacter ubique	198252	S	33	423	456	0.00004
uncultured Pelagibacteraceae bacterium	1667051	S	27099	94053	121152	0.01069
Pelagibacterales bacterium	2026776	S	590	660	1250	0.00011
Pelagibacterales bacterium SAG-MED01	2760004	S	17	49	66	0.00001
Rhodospirillaceae bacterium	1898112	S	152669	30453	183122	0.01615
Rhodospirillaceae bacterium UBA2165	1952852	S	1758	88	1846	0.00016
Rhodospirillaceae bacterium UBA6608	1952863	S	126	26	152	0.00001
Rhodospirillaceae bacterium UBA1479	1952849	S	46	7	53	0.00000
Rhodospirillaceae bacterium UBA3470	1952854	S	44	11	55	0.00000
Hwanghaeella grinnelliae	2500179	S	62	1	63	0.00001
Rhodospirillales bacterium	2026786	S	3640	749	4389	0.00039
Thalassospira sp. MCCC 1A01148	501834	S	874	1247	2121	0.00019
Thalassospira sp. MCCC 1A01428	1470575	S	66	45	111	0.00001
Thalassospira povalilytica	732237	S	146	99	245	0.00002
Thalassospira xiamenensis	220697	S	23	119	142	0.00001
Thalassospira profundimaris	502049	S	14	26	40	0.00000
Thalassospira indica	1891279	S	14	110	124	0.00001
Magnetovibrio sp.	2024836	S	38	5	43	0.00000
Nisaea denitrificans	390877	S	22	23	45	0.00000
Nisaea nitritireducens	568392	S	17	18	35	0.00000
Tistrella mobilis	171437	S	41	10	51	0.00000
Alphaproteobacteria bacterium MarineAlpha5_Bin3	2013078	S	34971	2520	37491	0.00331
Alphaproteobacteria bacterium UBA7887	1948447	S	32567	6888	39455	0.00348
Alphaproteobacteria bacterium MarineAlpha3_Bin6	2013072	S	1660	159	1819	0.00016
Alphaproteobacteria bacterium	1913988	S	854	254	1108	0.00010
Alphaproteobacteria bacterium MarineAlpha9_Bin7	2013102	S	465	45	510	0.00004
Alphaproteobacteria bacterium MarineAlpha3_Bin3	2013069	S	449	144	593	0.00005
Alphaproteobacteria bacterium MarineAlpha3_Bin4	2013070	S	392	16	408	0.00004
Alphaproteobacteria bacterium MarineAlpha9_Bin6	2013101	S	127	1	128	0.00001
Alphaproteobacteria bacterium MarineAlpha3_Bin2	2013068	S	124	13	137	0.00001
Alphaproteobacteria bacterium MarineAlpha3_Bin7	2013073	S	111	6	117	0.00001
Alphaproteobacteria bacterium MarineAlpha6_Bin2	2013089	S	67	4	71	0.00001
Alphaproteobacteria bacterium UBA6544	1948430	S	51	13	64	0.00001
Alphaproteobacteria bacterium MarineAlpha10_Bin2	2013104	S	39	1	40	0.00000
Alphaproteobacteria bacterium UBA3002	1948380	S	36	1	37	0.00000
Alphaproteobacteria bacterium MarineAlpha5_Bin5	2013080	S	34	3	37	0.00000
Alphaproteobacteria bacterium MarineAlpha5_Bin12	2013087	S	28	13	41	0.00000
Alphaproteobacteria bacterium UBA828	1948450	S	27	0	27	0.00000
Alphaproteobacteria bacterium UBA7314	1948440	S	20	0	20	0.00000
Alphaproteobacteria bacterium MarineAlpha5_Bin7	2013082	S	17	0	17	0.00000
Alphaproteobacteria bacterium MarineAlpha9_Bin3	2013098	S	14	4	18	0.00000
Alphaproteobacteria bacterium MarineAlpha11_Bin1	2013106	S	14	28	42	0.00000
Albimonas donghaensis	356660	S	11019	3405	14424	0.00127
Albimonas pacifica	1114924	S	6093	2697	8790	0.00078
Tritonibacter mobilis	379347	S	4797	3822	8619	0.00076
Tritonibacter scottomollicae	483013	S	43	23	66	0.00001
Paracoccaceae bacterium	1904441	S	4742	1510	6252	0.00055
Paracoccus sp. UBA889	1947056	S	863	562	1425	0.00013
Paracoccus sp. R12_2	2821098	S	169	164	333	0.00003
Paracoccus sediminilitoris	2202419	S	16	13	29	0.00000
Thioclava sp. JE_KL1	2651187	S	18	303	321	0.00003
Thioclava sediminum	1915319	S	27	501	528	0.00005
Thioclava atlantica	1317124	S	17	37	54	0.00000
Thioclava electrotropha	1549850	S	14	265	279	0.00002
Pseudooceanicola atlanticus	1461694	S	287	615	902	0.00008
Pseudooceanicola lipolyticus	2029104	S	257	541	798	0.00007
Pseudooceanicola nanhaiensis	375761	S	47	76	123	0.00001
Pseudooceanicola marinus	396013	S	26	12	38	0.00000
Vannielia litorea	1217970	S	506	345	851	0.00008
Arenibacterium halophilum	2583821	S	413	164	577	0.00005
Allosediminivita pacifica	1267769	S	361	528	889	0.00008
Marinibacterium profundimaris	1679460	S	310	620	930	0.00008
Pacificitalea manganoxidans	1411902	S	223	84	307	0.00003
Thalassobium sp.	2030825	S	94	48	142	0.00001
Alterinioella nitratireducens	2735915	S	93	58	151	0.00001
Limimaricola cinnabarinus	1125964	S	54	42	96	0.00001
Cognatiyoonia sediminum	1508389	S	27	3	30	0.00000
Marivivens sp.	1978374	S	21	15	36	0.00000
Salipiger profundus	1229727	S	2859	3316	6175	0.00054
Salipiger bermudensis	344736	S	1036	1200	2236	0.00020
Salipiger marinus	555512	S	538	606	1144	0.00010
Salipiger thiooxidans	282683	S	163	212	375	0.00003
Salipiger pallidus	1775170	S	53	44	97	0.00001
Roseovarius mucosus	215743	S	1984	2889	4873	0.00043
Roseovarius atlanticus	1641875	S	332	502	834	0.00007
Roseovarius indicus	540747	S	326	78	404	0.00004
Roseovarius halotolerans	505353	S	325	546	871	0.00008
Roseovarius sp.	1486281	S	227	193	420	0.00004
Roseovarius sp. MCTG156(2b)	1354722	S	19	26	45	0.00000
Roseovarius sp. A-2	1570360	S	12	8	20	0.00000
Roseovarius nubinhibens	314263	S	200	130	330	0.00003
Roseovarius pacificus	337701	S	172	142	314	0.00003
Roseovarius nitratireducens	2044597	S	36	33	69	0.00001
Sulfitobacter sp. R18_2	2821105	S	635	1692	2327	0.00021
Sulfitobacter sp. HI0040	1822232	S	246	311	557	0.00005
Sulfitobacter sp. BDSS02	2663018	S	145	274	419	0.00004
Sulfitobacter sp. D7	1968541	S	86	462	548	0.00005
Sulfitobacter sp.	1903071	S	67	164	231	0.00002
Sulfitobacter pontiacus	60137	S	603	1062	1665	0.00015
Sulfitobacter delicatus	218672	S	27	54	81	0.00001
Sulfitobacter dubius	218673	S	23	43	66	0.00001
Sulfitobacter litoralis	335975	S	21	99	120	0.00001
Sulfitobacter alexandrii	1917485	S	12	5	17	0.00000
Actibacterium naphthalenivorans	1614693	S	1180	2321	3501	0.00031
Maritimibacter sp.	2003363	S	886	436	1322	0.00012
Maritimibacter sp. REDSEA-S28_B5	1811547	S	14	23	37	0.00000
Thalassobius sp.	1979401	S	884	339	1223	0.00011
Phaeobacter sp. 22II1-1F12B	1317111	S	399	744	1143	0.00010
Phaeobacter sp. CECT 5382	1712645	S	21	5	26	0.00000
Phaeobacter gallaeciensis	60890	S	258	89	347	0.00003
Roseobacter sp.	1907202	S	420	170	590	0.00005
Roseobacter sp. MED193	314262	S	28	34	62	0.00001
Thiosulfatihalobacter marinus	2792481	S	361	523	884	0.00008
Maribius pelagius	387096	S	96	179	275	0.00002
Sagittula sp. P11	2009329	S	142	76	218	0.00002
Yangia pacifica	311180	S	94	80	174	0.00002
Lutimaribacter saemankumensis	490829	S	104	38	142	0.00001
Celeribacter persicus	1651082	S	38	102	140	0.00001
Roseivivax marinus	1379903	S	47	32	79	0.00001
Tranquillimonas alkanivorans	441119	S	37	9	46	0.00000
Dinoroseobacter sp.	2003366	S	21	0	21	0.00000
Roseicyclus sp.	1914329	S	20	6	26	0.00000
uncultured Tateyamaria sp.	455651	S	16	0	16	0.00000
Erythrobacter sp. A30-3	2785907	S	8790	10054	18844	0.00166
Erythrobacter sp.	1042	S	3144	1867	5011	0.00044
Erythrobacter sp. HI0063	1822240	S	806	789	1595	0.00014
Erythrobacter sp. 3-20A1M	2653850	S	67	47	114	0.00001
Erythrobacter sp. UBA2510	1946470	S	48	80	128	0.00001
Erythrobacter aureus	2182384	S	1458	491	1949	0.00017
Erythrobacter longus	1044	S	47	5	52	0.00000
Erythrobacter litoralis	39960	S	21	19	40	0.00000
Qipengyuania flava	192812	S	2079	603	2682	0.00024
Qipengyuania citrea	225971	S	999	1006	2005	0.00018
Qipengyuania pelagi	994320	S	102	96	198	0.00002
Qipengyuania vulgaris	291985	S	77	43	120	0.00001
Croceicoccus sp.	1927144	S	194	390	584	0.00005
Aurantiacibacter zhengii	2307003	S	70	52	122	0.00001
Aurantiacibacter atlanticus	1648404	S	35	7	42	0.00000
Erythrobacteraceae bacterium	2026738	S	103	9	112	0.00001
Pseudopontixanthobacter vadosimaris	2726450	S	34	18	52	0.00000
Actirhodobacter atriluteus	2744473	S	31	13	44	0.00000
Citromicrobium sp.	2024827	S	2957	1717	4674	0.00041
Citromicrobium sp. UBA3494	1946345	S	111	194	305	0.00003
Citromicrobium sp. JLT1363	517722	S	51	90	141	0.00001
Citromicrobium bathyomarinum	72174	S	176	167	343	0.00003
Sphingomonas sp. SKA58	314266	S	2936	4657	7593	0.00067
Sphingomonas sp.	28214	S	121	40	161	0.00001
Sphingomonas abaci	237611	S	128	164	292	0.00003
Sphingomonas ginsenosidimutans	862134	S	27	43	70	0.00001
Sphingomonas ursincola	56361	S	14	16	30	0.00000
Novosphingopyxis iocasae	2762729	S	3167	1697	4864	0.00043
Novosphingopyxis baekryungensis	279369	S	74	13	87	0.00001
Sphingobium xenophagum	121428	S	837	1717	2554	0.00023
Sphingobium sp. TCM1	453246	S	363	604	967	0.00009
Sphingobium sp.	1912891	S	69	52	121	0.00001
Sphingobium sp. CCH11-B1	1768781	S	21	67	88	0.00001
Sphingobium yanoikuyae	13690	S	92	299	391	0.00003
Sphingobium lactosutens	522773	S	35	164	199	0.00002
Sphingobium algorifonticola	2008318	S	25	18	43	0.00000
Novosphingobium indicum	462949	S	432	303	735	0.00006
Novosphingobium sp. PC22D	1962403	S	12	23	35	0.00000
Novosphingobium aquimarinum	2682494	S	31	42	73	0.00001
Novosphingobium panipatense	428991	S	29	33	62	0.00001
Novosphingobium silvae	2692619	S	24	42	66	0.00001
Novosphingobium pentaromativorans	205844	S	20	14	34	0.00000
Novosphingobium barchaimii	1420591	S	19	21	40	0.00000
Novosphingobium marinum	1514948	S	15	12	27	0.00000
Stakelama pacifica	517720	S	213	164	377	0.00003
Sphingopyxis sp.	1908224	S	47	36	83	0.00001
Sphingomonadaceae bacterium MED-G03	1986231	S	22	10	32	0.00000
Sphingomonadaceae bacterium LXI357	2826939	S	14	5	19	0.00000
uncultured Parasphingopyxis sp.	1547918	S	45	77	122	0.00001
Rhizorhabdus sp.	1968843	S	39	64	103	0.00001
Sphingosinithalassobacter portus	2676234	S	35	12	47	0.00000
Pacificimonas flava	1234595	S	77	45	122	0.00001
Sphingomonadales bacterium	1978525	S	75	30	105	0.00001
Roseibium aggregatum	187304	S	15621	5988	21609	0.00191
Stappia indica	538381	S	562	597	1159	0.00010
Stappia sp.	1870903	S	451	307	758	0.00007
Stappia sp. BW2	2592622	S	83	68	151	0.00001
Parvibaculum indicum	562969	S	4411	4457	8868	0.00078
Parvibaculum sp.	2024848	S	174	75	249	0.00002
Rhodobiaceae bacterium	2026785	S	5005	1536	6541	0.00058
Rhodobiaceae bacterium UBA7804	1952834	S	263	178	441	0.00004
Ahrensia sp.	1872419	S	3973	2720	6693	0.00059
Hoeflea sp.	1940281	S	1303	922	2225	0.00020
Nitratireductor sp.	1872084	S	690	204	894	0.00008
Nitratireductor indicus	721133	S	20	19	39	0.00000
Nitratireductor aquibiodomus	204799	S	15	6	21	0.00000
Phyllobacteriaceae bacterium	1871068	S	601	182	783	0.00007
Mesorhizobium sediminum	1849104	S	13	13	26	0.00000
Fulvimarina manganoxydans	937218	S	773	61	834	0.00007
Fulvimarina sp.	1969479	S	320	370	690	0.00006
Aurantimonas coralicida	182270	S	148	605	753	0.00007
Aurantimonas manganoxydans	651183	S	15	59	74	0.00001
Martelella mediterranea	293089	S	306	177	483	0.00004
Martelella sp. AD-3	686597	S	99	135	234	0.00002
Jiella pacifica	2696469	S	63	33	96	0.00001
Methylobacterium fujisawaense	107400	S	635	734	1369	0.00012
Hyphomicrobiales bacterium	1909294	S	867	265	1132	0.00010
Rhizobiales bacterium CCH10-E5	1768797	S	14	15	29	0.00000
Filomicrobium sp.	2024831	S	587	46	633	0.00006
Methyloceanibacter sp.	1965321	S	293	37	330	0.00003
Afipia sp. OHSU_II-C1	1297860	S	16	35	51	0.00000
Bradyrhizobiaceae bacterium PARB1	2015576	S	27	25	52	0.00000
Acuticoccus yangtzensis	1443441	S	74	7	81	0.00001
Rhizobiaceae bacterium	1913961	S	52	10	62	0.00001
Rickettsiales bacterium	2026788	S	22043	6009	28052	0.00247
Hyphomonas sp.	87	S	1812	1405	3217	0.00028
Hyphomonas sp. L-53-1-40	1207058	S	942	418	1360	0.00012
Hyphomonas sp. CY54-11-8	1280944	S	165	178	343	0.00003
Hyphomonas sp. UBA5111	1946637	S	85	112	197	0.00002
Hyphomonas adhaerens	81029	S	1657	469	2126	0.00019
Hyphomonas atlantica	1280948	S	669	878	1547	0.00014
Hyphomonas pacifica	1280941	S	385	945	1330	0.00012
Ponticaulis sp.	2020902	S	2541	635	3176	0.00028
Hyphomonadaceae bacterium TMED5	1986776	S	2461	1556	4017	0.00035
Hyphomonadaceae bacterium UBA1849	1951945	S	20	12	32	0.00000
Hyphomonadaceae bacterium UBA5336	1951953	S	13	7	20	0.00000
Hirschia sp.	2024835	S	1545	204	1749	0.00015
Henriciella sp.	1968823	S	1195	551	1746	0.00015
Henriciella algicola	1608422	S	26	8	34	0.00000
Henriciella aquimarina	545261	S	19	24	43	0.00000
Oceanicaulis sp. HTCC2633	314254	S	11909	5830	17739	0.00156
Oceanicaulis sp. PT13A	2135616	S	298	87	385	0.00003
Maricaulis sp.	1486257	S	260	76	336	0.00003
Maricaulis maris	74318	S	97	31	128	0.00001
Maricaulis alexandrii	2570354	S	44	20	64	0.00001
Euryhalocaulis caribicus	1161401	S	22	3	25	0.00000
uncultured Alphaproteobacteria bacterium	91750	S	8696	3478	12174	0.00107
Parvularcula sp.	1979207	S	1223	599	1822	0.00016
Marinicaulis flavus	2058213	S	14	1	15	0.00000
uncultured SAR116 cluster alpha proteobacterium	281031	S	245	185	430	0.00004
SAR116 cluster bacterium	2024888	S	43	60	103	0.00001
OCS116 cluster bacterium AG-435-F03	2162589	S	20	108	128	0.00001
Magnetococcales bacterium	2026759	S	223	2	225	0.00002
Caulobacteraceae bacterium UBA3198	1951537	S	112	41	153	0.00001
Kordiimonas sp.	1970157	S	25	15	40	0.00000
Kordiimonas pumila	2161677	S	23	0	23	0.00000
Luteithermobacter gelatinilyticus	2582913	S	13	0	13	0.00000
Pseudomonadota bacterium	1977087	S	38277	11213	49490	0.00437
Proteobacteria bacterium UBA5680	1948185	S	31012	5258	36270	0.00320
Proteobacteria bacterium UBA1148	1948131	S	1466	238	1704	0.00015
Proteobacteria bacterium UBA2133	1948144	S	1438	42	1480	0.00013
Proteobacteria bacterium UBA2996	1948156	S	187	112	299	0.00003
Proteobacteria bacterium UBA6503	1948193	S	98	12	110	0.00001
Proteobacteria bacterium UBA1673	1948137	S	19	0	19	0.00000
Limnobacter sp. SAORIC-580	2732163	S	2438	4669	7107	0.00063
Limnobacter sp. MED105	391597	S	145	168	313	0.00003
Limnobacter sp. CACIAM 66H1	1813033	S	56	89	145	0.00001
Cupriavidus pauculus	82633	S	2895	1962	4857	0.00043
Cupriavidus campinensis	151783	S	151	85	236	0.00002
Burkholderia aenigmatica	2015348	S	13	10	23	0.00000
Variovorax paradoxus	34073	S	251	664	915	0.00008
Variovorax sp. GV040	2135734	S	15	39	54	0.00000
Delftia acidovorans	80866	S	30	102	132	0.00001
Curvibacter sp.	1888168	S	49	51	100	0.00001
Comamonadaceae bacterium ALPHA2B	2502232	S	23	151	174	0.00002
Pusillimonas sp. UBA3987	1947369	S	95	70	165	0.00001
Pusillimonas maritima	2026239	S	24	46	70	0.00001
Pelistega indica	1414851	S	18	4	22	0.00000
Herbaspirillum huttiense	863372	S	12	36	48	0.00000
uncultured Burkholderiales bacterium	208544	S	29	13	42	0.00000
Burkholderiales bacterium	1891238	S	26	19	45	0.00000
Nitrosomonadaceae bacterium	2026767	S	46	5	51	0.00000
Methylophilus sp.	29541	S	22	10	32	0.00000
Methyloversatilis discipulorum	1119528	S	20	12	32	0.00000
Candidatus Lambdaproteobacteria bacterium	2035771	S	331	30	361	0.00003
uncultured proteobacterium	153809	S	18	3	21	0.00000
Candidatus Marinimicrobia bacterium	2026760	S	1340203	221024	1561227	0.13770
Candidatus Marinimicrobia bacterium UBA7300	1953254	S	339679	207071	546750	0.04822
Candidatus Marinimicrobia bacterium UBA6531	1953244	S	267902	175392	443294	0.03910
Candidatus Marinimicrobia bacterium UBA2125	1953217	S	126580	203577	330157	0.02912
Candidatus Marinimicrobia bacterium UBA7303	1953256	S	20464	7834	28298	0.00250
Candidatus Marinimicrobia bacterium UBA7301	1953255	S	9393	1902	11295	0.00100
Candidatus Marinimicrobia bacterium UBA1611	1953216	S	5185	2872	8057	0.00071
Candidatus Marinimicrobia bacterium 408169	1958814	S	2610	354	2964	0.00026
Candidatus Marinimicrobia bacterium UBA7308	1953257	S	1272	100	1372	0.00012
uncultured Candidatus Marinimicrobia bacterium	195045	S	334	131	465	0.00004
Candidatus Marinimicrobia bacterium UBA6931	1953249	S	258	19	277	0.00002
Candidatus Marinimicrobia bacterium UBA1134	1953213	S	212	61	273	0.00002
Marinimicrobia bacterium TCS55	1781246	S	194	27	221	0.00002
Candidatus Marinimicrobia bacterium REDSEA-S14_B6	1811603	S	158	24	182	0.00002
Marinimicrobia bacterium SCGC AAA003-L08	939844	S	83	0	83	0.00001
Candidatus Marinimicrobia bacterium UBA2986	1953231	S	28	1	29	0.00000
Candidatus Marinimicrobia bacterium UBA2980	1953230	S	25	5	30	0.00000
Zunongwangia profunda	398743	S	13649	15634	29283	0.00258
Zunongwangia mangrovi	1334022	S	13030	8706	21736	0.00192
Zunongwangia atlantica	1502297	S	1950	1524	3474	0.00031
Flavobacteriaceae bacterium	1871037	S	37421	9078	46499	0.00410
Flavobacteriaceae bacterium UBA4166	1951841	S	720	13	733	0.00006
Flavobacteriaceae bacterium UBA3611	1951834	S	39	12	51	0.00000
Muricauda sediminis	2696468	S	2313	1792	4105	0.00036
Muricauda oceanensis	2499163	S	1973	1401	3374	0.00030
Muricauda ruestringensis	111501	S	1149	802	1951	0.00017
Muricauda sp. ARW1Y1	2663843	S	557	134	691	0.00006
Muricauda sp.	192149	S	213	162	375	0.00003
Muricauda sp. MAR_2010_75	1250232	S	46	27	73	0.00001
Muricauda sp. CP2A	1848189	S	19	12	31	0.00000
Muricauda sp. TMED12	1986608	S	19	14	33	0.00000
Muricauda hadalis	2597517	S	224	133	357	0.00003
Muricauda lutaonensis	516051	S	177	22	199	0.00002
Muricauda maritima	2306998	S	115	167	282	0.00002
Muricauda aequoris	2306997	S	98	78	176	0.00002
Muricauda amoyensis	2169401	S	29	8	37	0.00000
Muricauda zhangzhouensis	1073328	S	25	4	29	0.00000
Muricauda oceani	2698672	S	23	22	45	0.00000
Muricauda brasiliensis	2162892	S	13	4	17	0.00000
Winogradskyella sp.	1883156	S	6844	1661	8505	0.00075
Leeuwenhoekiella palythoae	573501	S	2303	684	2987	0.00026
Leeuwenhoekiella blandensis	360293	S	1944	935	2879	0.00025
Leeuwenhoekiella sp.	1977054	S	308	95	403	0.00004
Leeuwenhoekiella nanhaiensis	1655491	S	30	16	46	0.00000
Leeuwenhoekiella polynyae	1550906	S	24	60	84	0.00001
Salegentibacter mishustinae	270918	S	997	1620	2617	0.00023
Salegentibacter sp. Hel_I_6	1250278	S	108	120	228	0.00002
Salegentibacter sp.	1903072	S	72	25	97	0.00001
Salegentibacter sp. R32	1486285	S	28	11	39	0.00000
Salegentibacter sp. 24	2183986	S	26	21	47	0.00000
Salegentibacter agarivorans	345907	S	109	118	227	0.00002
Salegentibacter maritimus	2794347	S	25	4	29	0.00000
Salegentibacter salarius	435906	S	19	20	39	0.00000
Mesonia oceanica	2687242	S	1338	389	1727	0.00015
Mesonia mobilis	369791	S	421	656	1077	0.00009
Mesonia sp.	1960830	S	48	62	110	0.00001
Mesonia aquimarina	1504967	S	18	7	25	0.00000
Joostella marina	453852	S	575	305	880	0.00008
Aequorivita sp.	1872390	S	95	101	196	0.00002
Aequorivita aquimaris	1548749	S	27	54	81	0.00001
Croceibacter atlanticus	313588	S	265	29	294	0.00003
Aquimarina sp.	1872586	S	201	36	237	0.00002
Maribacter cobaltidurans	1178778	S	136	88	224	0.00002
Maribacter dokdonensis	320912	S	23	5	28	0.00000
Mesoflavibacter zeaxanthinifaciens	393060	S	119	64	183	0.00002
Christiangramia flava	1486245	S	42	21	63	0.00001
Christiangramia forsetii	411153	S	24	9	33	0.00000
Christiangramia bathymodioli	2541727	S	15	7	22	0.00000
Arenibacter algicola	616991	S	41	32	73	0.00001
Euzebyella marina	1761453	S	75	53	128	0.00001
Marinirhabdus gelatinilytica	1703343	S	40	11	51	0.00000
Tenacibaculum sp. SG-28	754426	S	24	4	28	0.00000
Candidatus Ulvibacter alkanivorans	2267620	S	33	10	43	0.00000
Altibacter sp.	2024823	S	20	1	21	0.00000
Flavobacteriales bacterium UBA7878	1951087	S	5408	1411	6819	0.00060
Flavobacteriales bacterium	2021391	S	4639	577	5216	0.00046
Flavobacteriales bacterium UBA5081	1951031	S	89	7	96	0.00001
Flavobacteriales bacterium UBA852	1951088	S	33	1	34	0.00000
Flavobacteriales bacterium UBA6770	1951056	S	24	1	25	0.00000
Flavobacteriales bacterium UBA1112	1950946	S	12	0	12	0.00000
Owenweeksia sp.	2024847	S	1040	30	1070	0.00009
Acidiluteibacter ferrifornacis	2692424	S	669	61	730	0.00006
Crocinitomicaceae bacterium	2026728	S	165	23	188	0.00002
uncultured Flavobacteriales bacterium	213322	S	22	2	24	0.00000
Bacteroidota bacterium	1898104	S	23476	1997	25473	0.00225
Bacteroidetes bacterium MED-G21	1986267	S	41	0	41	0.00000
Roseivirga spongicola	333140	S	205	21	226	0.00002
Roseivirga seohaensis	1914963	S	73	16	89	0.00001
Roseivirga pacifica	1267423	S	58	3	61	0.00001
Cyclobacterium marinum	104	S	223	40	263	0.00002
Algoriphagus iocasae	1836499	S	21	23	44	0.00000
Cytophagaceae bacterium	2026729	S	249	52	301	0.00003
Flammeovirgaceae bacterium UBA7330	1951792	S	79	15	94	0.00001
Flammeovirgaceae bacterium	2026740	S	55	14	69	0.00001
uncultured Marinoscillum sp.	932004	S	119	13	132	0.00001
Marivirga atlantica	1548457	S	42	7	49	0.00000
Marivirga lumbricoides	1046115	S	31	10	41	0.00000
Cytophagia bacterium	2026730	S	22	17	39	0.00000
uncultured Bacteroidetes bacterium	152509	S	1176	244	1420	0.00013
Bacteroidales bacterium	2030927	S	750	78	828	0.00007
Lentimicrobiaceae bacterium	2026756	S	127	8	135	0.00001
Phaeodactylibacter xiamenensis	1524460	S	105	7	112	0.00001
Saprospirales bacterium	2026790	S	67	5	72	0.00001
Balneolaceae bacterium UBA7797	1951519	S	2558	244	2802	0.00025
Balneolaceae bacterium UBA3186	1951498	S	286	61	347	0.00003
Balneola sp.	2024824	S	59	71	130	0.00001
Ignavibacteriota bacterium	2026749	S	1470	38	1508	0.00013
Rubrivirga sp. SAORIC476	1961794	S	236	114	350	0.00003
Rhodothermales bacterium	2306054	S	30	0	30	0.00000
Rhodothermia bacterium	2497633	S	25	2	27	0.00000
Rhodothermaeota bacterium MED-G19	1986240	S	185	9	194	0.00002
Gemmatimonadota bacterium	2026742	S	53047	10146	63193	0.00557
Gemmatimonadaceae bacterium	2026741	S	21798	6422	28220	0.00249
Gemmatimonadales bacterium UBA7889	1951131	S	3245	10386	13631	0.00120
Gemmatimonadales bacterium UBA1120	1951099	S	1001	5886	6887	0.00061
Gemmatimonadales bacterium UBA1142	1951102	S	135	46	181	0.00002
Gemmatimonadales bacterium UBA2988	1951110	S	130	2	132	0.00001
Gemmatimonadales bacterium UBA2982	1951109	S	33	0	33	0.00000
Gemmatimonadales bacterium UBA2975	1951107	S	27	44	71	0.00001
Gemmatimonadales bacterium UBA2989	1951111	S	23	10	33	0.00000
Candidatus Latescibacteria bacterium	2053570	S	1952	163	2115	0.00019
Latescibacteria bacterium UBA6620	1948115	S	47	0	47	0.00000
Candidatus Hydrogenedentes bacterium	2030809	S	42	2	44	0.00000
Candidatus Microthrix sp. UBA2131	1946167	S	182459	186993	369452	0.03259
Candidatus Microthrix sp. UBA3125	1946176	S	90119	121895	212014	0.01870
Candidatus Microthrix sp. UBA4542	1946188	S	2958	1601	4559	0.00040
Candidatus Microthrix sp. UBA7884	1946214	S	2265	5486	7751	0.00068
Candidatus Microthrix sp. UBA672	1946197	S	91	68	159	0.00001
Candidatus Microthrix sp. UBA814	1946218	S	57	16	73	0.00001
Candidatus Microthrix sp. UBA2110	1946164	S	51	198	249	0.00002
Candidatus Microthrix sp. UBA7388	1946207	S	29	1	30	0.00000
Candidatus Microthrix sp. UBA2974	1946174	S	24	2	26	0.00000
Candidatus Microthrix sp. UBA825	1946219	S	19	2	21	0.00000
Acidimicrobiaceae bacterium	2024894	S	15910	4699	20609	0.00182
Acidimicrobiales bacterium	2201156	S	762	319	1081	0.00010
Acidimicrobiales bacterium AG-410-I20	2162614	S	50	11	61	0.00001
Acidimicrobiales bacterium AG-414-N20	2162616	S	23	11	34	0.00000
Ilumatobacteraceae bacterium	2497619	S	254	205	459	0.00004
Acidimicrobiia bacterium	2080302	S	502	231	733	0.00006
Actinomycetia bacterium	1883427	S	101409	31750	133159	0.01175
OCS155 cluster bacterium AG-333-G23	2162605	S	83	51	134	0.00001
OCS155 cluster bacterium AG-426-D23	2162610	S	12	10	22	0.00000
marine actinobacterium MedAcidi-G2B	1550401	S	20	3	23	0.00000
Microbacterium sp. UBA1097	1946941	S	3218	2938	6156	0.00054
Microbacterium sp.	51671	S	28	9	37	0.00000
Microbacterium luteum	2782167	S	180	221	401	0.00004
Microbacterium ginsengisoli	400772	S	16	7	23	0.00000
Microbacteriaceae bacterium UBA1487	1952239	S	1457	852	2309	0.00020
Marinisubtilis pacificus	2591847	S	302	260	562	0.00005
Chryseoglobus indicus	2750620	S	300	266	566	0.00005
Brevibacterium sp. W7.2	2823518	S	172	473	645	0.00006
Brevibacterium casei	33889	S	20	36	56	0.00000
Ornithinimicrobium sp. CNJ-824	1904966	S	375	133	508	0.00004
Serinicoccus chungangensis	767452	S	38	33	71	0.00001
Serinicoccus marinus	247333	S	13	16	29	0.00000
Brachybacterium paraconglomeratum	173362	S	184	316	500	0.00004
Kocuria palustris	71999	S	24	30	54	0.00000
Micrococcus luteus	1270	S	24	54	78	0.00001
Dermacoccus nishinomiyaensis	1274	S	34	15	49	0.00000
Kytococcus sedentarius	1276	S	18	11	29	0.00000
Micrococcales bacterium	2026762	S	16	4	20	0.00000
Demequina sp. NBRC 110052	1570341	S	14	4	18	0.00000
Mycolicibacterium poriferae	39694	S	1149	2362	3511	0.00031
Mycolicibacterium hippocampi	659824	S	136	79	215	0.00002
Mycolicibacterium chlorophenolicum	37916	S	14	44	58	0.00001
Mycolicibacterium flavescens	1776	S	12	22	34	0.00000
Mycobacterium sp. PO1	1882219	S	66	134	200	0.00002
Gordonia sp. (in: high G+C Gram-positive bacteria)	84139	S	490	205	695	0.00006
Dietzia maris	37915	S	14	16	30	0.00000
Nocardioides sp.	35761	S	2431	591	3022	0.00027
Nocardioides sp. REDSEA-S33_B3	1811554	S	34	18	52	0.00000
Pimelobacter sp.	51662	S	16	17	33	0.00000
Cutibacterium acnes	1747	S	64	100	164	0.00001
uncultured Candidatus Actinomarina sp.	1985113	S	1829	863	2692	0.00024
Candidatus Actinomarinales bacterium	2510331	S	27	43	70	0.00001
Pseudonocardia alni	33907	S	24	21	45	0.00000
Euzebya pacifica	1608957	S	42	12	54	0.00000
Dehalococcoidia bacterium UBA2158	1948480	S	59984	25834	85818	0.00757
Dehalococcoidia bacterium UBA1122	1948466	S	17823	1157	18980	0.00167
Dehalococcoidia bacterium UBA2162	1948482	S	17190	1000	18190	0.00160
Dehalococcoidia bacterium UBA6495	1948511	S	15714	16362	32076	0.00283
Dehalococcoidia bacterium UBA7891	1948532	S	11045	5441	16486	0.00145
Dehalococcoidia bacterium	2026734	S	7532	856	8388	0.00074
Dehalococcoidia bacterium UBA7894	1948533	S	2318	1442	3760	0.00033
Dehalococcoidia bacterium UBA2160	1948481	S	639	94	733	0.00006
Dehalococcoidia bacterium UBA1152	1948471	S	333	112	445	0.00004
Dehalococcoidia bacterium UBA1332	1948476	S	271	225	496	0.00004
Dehalococcoidia bacterium UBA1123	1948467	S	234	246	480	0.00004
Dehalococcoidia bacterium UBA1151	1948470	S	226	20	246	0.00002
Dehalococcoidia bacterium UBA1141	1948469	S	112	18	130	0.00001
Dehalococcoidia bacterium UBA1127	1948468	S	41	1	42	0.00000
Dehalococcoidia bacterium UBA1328	1948475	S	15	4	19	0.00000
Dehalococcoidales bacterium	2026733	S	25487	2150	27637	0.00244
uncultured Dehalococcoidales bacterium	2006128	S	82	12	94	0.00001
Chloroflexota bacterium	2026724	S	70683	8156	78839	0.00695
Chloroflexi bacterium UBA6622	1947840	S	165	458	623	0.00005
SAR202 cluster bacterium	2030829	S	6980	3858	10838	0.00096
SAR202 cluster bacterium AC-647-N09_OGT_505m	2587833	S	301	12	313	0.00003
SAR202 cluster bacterium AC-409-J13_OGT_754m	2587834	S	188	2	190	0.00002
SAR202 cluster bacterium AD-804-J14_MRT_500m	2587836	S	15	0	15	0.00000
SAR202 cluster bacterium AG-426-M11	2162586	S	14	8	22	0.00000
Anaerolineales bacterium UBA1136	1950187	S	1515	231	1746	0.00015
Anaerolineales bacterium UBA832	1950226	S	76	63	139	0.00001
Anaerolineales bacterium UBA3001	1950202	S	28	131	159	0.00001
Anaerolineales bacterium UBA3499	1950205	S	16	64	80	0.00001
Anaerolineaceae bacterium	2024896	S	479	39	518	0.00005
Prochlorococcus sp. AG-402-O21	2162099	S	27	1077	1104	0.00010
Prochlorococcus sp. MIT 0701	1499502	S	13	164	177	0.00002
Prochlorococcus marinus	1219	S	29	1323	1352	0.00012
uncultured Prochlorococcus sp.	159733	S	29	2495	2524	0.00022
Cyanobium sp. ARS6	2024869	S	721	1021	1742	0.00015
Synechococcus sp. MIT S9220	166309	S	86	388	474	0.00004
Synechococcus sp. BIOS-E4-1	1400864	S	63	109	172	0.00002
Synechococcus sp. AG-679-A04	2161965	S	16	42	58	0.00001
Synechococcus sp. CPC35	2024880	S	12	14	26	0.00000
Aulosira sp. FACHB-615	2692777	S	21	7	28	0.00000
Candidatus Margulisbacteria bacterium	2053573	S	31	4	35	0.00000
Candidatus Saganbacteria bacterium	2575572	S	27	0	27	0.00000
Marinococcus halotolerans	301092	S	54	143	197	0.00002
Marinococcus halophilus	1371	S	16	24	40	0.00000
Bacillus amyloliquefaciens	1390	S	13	36	49	0.00000
Pseudalkalibacillus hwajinpoensis	208199	S	19	33	52	0.00000
Salinicoccus roseus	45670	S	88	57	145	0.00001
Staphylococcus hominis	1290	S	23	40	63	0.00001
Jeotgalibacillus alimentarius	135826	S	19	19	38	0.00000
Jeotgalibacillus malaysiensis	1508404	S	13	14	27	0.00000
Aerococcus viridans	1377	S	12	41	53	0.00000
Marinilactibacillus piezotolerans	258723	S	48	15	63	0.00001
Oscillospiraceae bacterium	2485925	S	20	10	30	0.00000
Mycoplasmatales bacterium	2023991	S	41	3	44	0.00000
Mycoplasmataceae bacterium	2685873	S	17	3	20	0.00000
SAR324 cluster bacterium SAR324-CTD7B	1795556	S	40224	227858	268082	0.02365
uncultured SAR324 cluster bacterium	179114	S	27599	45075	72674	0.00641
SAR324 cluster bacterium REDSEA-S27_B3	1811637	S	1237	115	1352	0.00012
SAR324 cluster bacterium	2024889	S	739	37	776	0.00007
SAR324 cluster bacterium lautmerah10	1764262	S	190	62	252	0.00002
Deltaproteobacteria bacterium	2026735	S	299272	27832	327104	0.02885
Acidobacteriota bacterium	1978231	S	299269	28125	327394	0.02888
Acidobacteria bacterium UBA823	1953113	S	1510	1262	2772	0.00024
Acidobacteria bacterium UBA2161	1953103	S	270	663	933	0.00008
Acidobacteria bacterium UBA2999	1953107	S	110	10	120	0.00001
Kocuria sp. cx-455	2771377	S	30	26	56	0.00000
Candidatus Scalindua arabica	1127984	S	26484	14634	41118	0.00363
Candidatus Scalindua rubra	1872076	S	939	226	1165	0.00010
Candidatus Scalindua sediminis	2798304	S	325	48	373	0.00003
Candidatus Scalindua sp.	2268189	S	80	57	137	0.00001
Candidatus Brocadiaceae bacterium S225	2528033	S	64	166	230	0.00002
Phycisphaerales bacterium	2052180	S	24132	5612	29744	0.00262
Phycisphaerales bacterium UBA7812	1951207	S	599	128	727	0.00006
Phycisphaerales bacterium UBA1910	1951186	S	346	49	395	0.00003
Phycisphaeraceae bacterium	2026777	S	76	21	97	0.00001
Phycisphaerae bacterium	2026778	S	8557	6394	14951	0.00132
Planctomycetaceae bacterium	2026779	S	30157	9584	39741	0.00351
Planctomycetaceae bacterium UBA2972	1952733	S	82	2	84	0.00001
Planctomycetaceae bacterium UBA7805	1952745	S	28	23	51	0.00000
Planctomycetaceae bacterium TMED10	1986833	S	22	4	26	0.00000
Rubinisphaera brasiliensis	119	S	301	24	325	0.00003
Gimesia panareensis	2527978	S	103	105	208	0.00002
Fuerstiella sp.	1936112	S	19	0	19	0.00000
Blastopirellula marina	124	S	573	27	600	0.00005
Rhodopirellula sp.	2024855	S	384	132	516	0.00005
Mariniblastus sp.	2005381	S	46	3	49	0.00000
Pirellulales bacterium	2715253	S	21	3	24	0.00000
Planctomycetota bacterium	2026780	S	16539	9999	26538	0.00234
Planctomycetes bacterium UBA7888	1948130	S	5832	244	6076	0.00054
Planctomycetes bacterium UBA1662	1948126	S	199	501	700	0.00006
Planctomycetes bacterium RIFCSPLOWO2_12_FULL_40_19	1801983	S	112	32	144	0.00001
Planctomycetes bacterium UBA1135	1948124	S	31	10	41	0.00000
Akkermansiaceae bacterium UBA7890	1951374	S	48162	26314	74476	0.00657
Akkermansiaceae bacterium UBA4145	1951361	S	30	52	82	0.00001
Verrucomicrobiales bacterium	2026801	S	6607	3282	9889	0.00087
Roseibacillus sp.	2024856	S	368	96	464	0.00004
Verrucomicrobiaceae bacterium	2026800	S	20	9	29	0.00000
Verrucomicrobia subdivision 3 bacterium	2052186	S	54	7	61	0.00001
uncultured Verrucomicrobiales bacterium	100234	S	30	7	37	0.00000
Verrucomicrobiae bacterium	2499141	S	16	4	20	0.00000
Verrucomicrobiota bacterium	2026799	S	10642	4780	15422	0.00136
Verrucomicrobia bacterium UBA673	1948281	S	121	765	886	0.00008
Verrucomicrobia bacterium UBA6775	1948282	S	47	406	453	0.00004
Opitutae bacterium	2026771	S	597	254	851	0.00008
Opitutae bacterium UBA1116	1948703	S	39	0	39	0.00000
Opitutae bacterium UBA7876	1948743	S	39	1	40	0.00000
Opitutae bacterium UBA3534	1948719	S	18	0	18	0.00000
Puniceicoccaceae bacterium	2026784	S	612	103	715	0.00006
uncultured Opitutales bacterium	592834	S	154	26	180	0.00002
Opitutaceae bacterium	2006848	S	77	12	89	0.00001
Opitutales bacterium	2026772	S	34	13	47	0.00000
uncultured Verrucomicrobiota bacterium	156588	S	247	143	390	0.00003
Chlamydiia bacterium	2052156	S	46	2	48	0.00000
Kiritimatiellaceae bacterium	2026752	S	12	0	12	0.00000
Candidatus Poribacteria bacterium	2026781	S	62279	2174	64453	0.00568
Parcubacteria group bacterium	2026774	S	24992	1822	26814	0.00237
Candidatus Magasanikbacteria bacterium	2026717	S	1102	30	1132	0.00010
Candidatus Uhrbacteria bacterium	2053634	S	1088	66	1154	0.00010
Candidatus Kaiserbacteria bacterium	2030810	S	16	1	17	0.00000
Patescibacteria group bacterium UBA6532	1948854	S	2981	17	2998	0.00026
Patescibacteria group bacterium UBA2163	1948796	S	1245	21	1266	0.00011
Patescibacteria group bacterium	2052139	S	582	34	616	0.00005
Patescibacteria group bacterium UBA2135	1948793	S	157	0	157	0.00001
Patescibacteria group bacterium UBA3466	1948809	S	91	0	91	0.00001
Candidatus Woesebacteria bacterium	2026804	S	80	1	81	0.00001
Candidatus Saccharibacteria bacterium	2026720	S	5365	266	5631	0.00050
Candidatus Saccharibacteria bacterium UBA4215	1953341	S	4475	202	4677	0.00041
Candidatus Saccharibacteria bacterium UBA2112	1953324	S	82	0	82	0.00001
Candidatus Peribacter sp. UBA2144	1961372	S	557	623	1180	0.00010
Candidatus Peribacter sp. UBA6535	1961374	S	146	9	155	0.00001
Candidatus Aminicenantes bacterium	2052149	S	746	29	775	0.00007
Candidatus Dadabacteria bacterium UBA1144	1953208	S	115	9	124	0.00001
Candidatus Binatota bacterium	2528255	S	28	23	51	0.00000
Candidatus Aerophobetes bacterium Ae_b3a	2012485	S	21	18	39	0.00000
candidate division NC10 bacterium SPGG6	1842517	S	20	0	20	0.00000
Nitrospinota bacterium	2026769	S	45421	3565	48986	0.00432
Candidatus Nitromaritima sp. SCGC AAA288-L16	913337	S	5843	1338	7181	0.00063
Nitrospinaceae bacterium UBA7883	1953054	S	2895	100	2995	0.00026
Nitrospinaceae bacterium	2358456	S	469	89	558	0.00005
Nitrospina sp.	2024844	S	2345	536	2881	0.00025
uncultured Nitrospinaceae bacterium	407034	S	40	24	64	0.00001
Desulfobacteraceae bacterium UBA2156	1961529	S	24364	12906	37270	0.00329
Candidatus Desulfobacula maris	2841694	S	255	162	417	0.00004
Desulfobacterales bacterium	2044940	S	154	39	193	0.00002
Halobacteriovoraceae bacterium	2026745	S	14435	390	14825	0.00131
Bacteriovoracaceae bacterium	2081706	S	78	13	91	0.00001
Micavibrio sp.	2024841	S	7171	1249	8420	0.00074
Micavibrio sp. TMED2	1986633	S	3592	3046	6638	0.00059
Micavibrio sp. UBA2638	1946917	S	575	164	739	0.00007
Micavibrio sp. TMED27	1986607	S	101	77	178	0.00002
Micavibrio sp. UBA1850	1946909	S	56	7	63	0.00001
Micavibrio sp. UBA1672	1946908	S	45	5	50	0.00000
Micavibrio sp. UBA2137	1946913	S	39	8	47	0.00000
Bdellovibrionaceae bacterium UBA6502	1961516	S	854	20	874	0.00008
Pseudobdellovibrionaceae bacterium	2026715	S	96	1	97	0.00001
Nitrospiraceae bacterium	2026770	S	20968	512	21480	0.00189
Nitrospiraceae bacterium UBA2166	1952976	S	1198	551	1749	0.00015
Nitrospira sp.	70125	S	42	2	44	0.00000
Nitrospirales bacterium	2358460	S	1043	34	1077	0.00009
Spirochaetales bacterium	2026792	S	4300	170	4470	0.00039
Spirochaetaceae bacterium	1898206	S	732	30	762	0.00007
Spirochaeta sp. UBA1101	1947540	S	16	0	16	0.00000
Sandaracinus sp.	2024858	S	678	54	732	0.00006
Myxococcales bacterium	2026763	S	318	13	331	0.00003
Myxococcales bacterium UBA1660	1961462	S	38	3	41	0.00000
bacterium	1869227	S	816	824	1640	0.00014
bacterium TMED217	1986780	S	30	0	30	0.00000
Sulfurimonas sp.	2022749	S	523	52	575	0.00005
Fusobacteriia bacterium UBA1095	1948575	S	216	2	218	0.00002
uncultured PS1 clade bacterium	1118065	S	63	99	162	0.00001
uncultured bacterium	77133	S	28	50	78	0.00001
Marine Group I thaumarchaeote	2511932	S	35220	238770	273990	0.02417
Thaumarchaeota archaeon SCGC AAA007-O23	913333	S	10652	127861	138513	0.01222
uncultured marine group I thaumarchaeote	360837	S	888	2400	3288	0.00029
Marine Group I thaumarchaeote SCGC AAA799-O18	1502294	S	205	131	336	0.00003
Candidatus Nitrosopelagicus sp.	2026808	S	9066	55164	64230	0.00567
Thaumarchaeota archaeon UBA141	1915753	S	9239	8205	17444	0.00154
Nitrososphaerota archaeon	2026795	S	3349	5498	8847	0.00078
Nitrososphaerales archaeon TH5895	2721602	S	12	0	12	0.00000
Candidatus Bathyarchaeota archaeon	2026714	S	18711	1102	19813	0.00175
Candidatus Methanosuratincola sp.	2495426	S	81	17	98	0.00001
Euryarchaeota archaeon UBA136	1915770	S	44509	36740	81249	0.00717
Euryarchaeota archaeon UBA488	1915775	S	656	440	1096	0.00010
Marine Group III euryarchaeote CG-Bathy1	1889001	S	113	12	125	0.00001
Euryarchaeota archaeon UBA528	1915914	S	12444	4661	17105	0.00151
Candidatus Poseidoniales archaeon	2163009	S	983	265	1248	0.00011
Euryarchaeota archaeon UBA623	1915969	S	363	52	415	0.00004
Euryarchaeota archaeon UBA111	1915792	S	82	3	85	0.00001
Euryarchaeota archaeon UBA19	1915829	S	74	29	103	0.00001
Euryarchaeota archaeon UBA439	1915887	S	41	55	96	0.00001
Euryarchaeota archaeon UBA438	1915886	S	39	8	47	0.00000
Euryarchaeota archaeon UBA121	1915796	S	28	3	31	0.00000
Euryarchaeota archaeon UBA128	1915803	S	26	3	29	0.00000
Euryarchaeota archaeon UBA86	1915978	S	24	8	32	0.00000
Euryarchaeota archaeon UBA250	1915859	S	19	14	33	0.00000
Euryarchaeota archaeon UBA28	1915871	S	19	2	21	0.00000
Euryarchaeota archaeon UBA126	1915801	S	18	24	42	0.00000
Euryarchaeota archaeon UBA10	1915780	S	17	9	26	0.00000
Euryarchaeota archaeon UBA443	1915890	S	16	4	20	0.00000
Euryarchaeota archaeon UBA552	1915930	S	14	0	14	0.00000
Euryarchaeota archaeon UBA82	1915974	S	14	5	19	0.00000
Euryarchaeota archaeon UBA251	1915860	S	13	2	15	0.00000
Euryarchaeota archaeon UBA602	1915954	S	13	2	15	0.00000
Euryarchaeota archaeon UBA220	1915845	S	13	1	14	0.00000
Euryarchaeota archaeon UBA39	1915881	S	12	1	13	0.00000
Marine group II euryarchaeote REDSEA-S42_B7	1811659	S	12	18	30	0.00000
Euryarchaeota archaeon UBA23	1915854	S	12	2	14	0.00000
Marine Group II euryarchaeote MED-G34	2007295	S	12	2	14	0.00000
Euryarchaeota archaeon UBA60	1915951	S	12	0	12	0.00000
Candidatus Thalassarchaeaceae archaeon	2670411	S	284	175	459	0.00004
Candidatus Thalassoarchaea betae	2599289	S	96	45	141	0.00001
uncultured Candidatus Poseidoniales archaeon	274854	S	66	31	97	0.00001
Candidatus Poseidoniaceae archaeon	2666346	S	29	14	43	0.00000
Euryarchaeota archaeon	2026739	S	68823	11101	79924	0.00705
Euryarchaeota archaeon UBA24	1915765	S	19	0	19	0.00000
Marine Group IV archaeon HikBin4	2675329	S	79	2	81	0.00001
Candidatus Pacearchaeota archaeon	2026773	S	35610	1628	37238	0.00328
Candidatus Woesearchaeota archaeon	2026803	S	1874	54	1928	0.00017
Candidatus Woesearchaeota archaeon UBA489	1916024	S	1431	11	1442	0.00013
Nanoarchaeota archaeon	2026764	S	490	19	509	0.00004
archaeon	1906665	S	15462	889	16351	0.00144
archaeon UBA543	1917432	S	20	0	20	0.00000
