name	taxonomy_id	taxonomy_lvl	kraken_assigned_reads	added_reads	new_est_reads	fraction_total_reads
Alteromonas australica	589873	S	794914	282822	1077736	0.07815
Alteromonas macleodii	28108	S	62655	86737	149392	0.01083
Alteromonas sp. RKMC-009	2267264	S	4074	728	4802	0.00035
Alteromonas sp. IB21	2779369	S	2509	1809	4318	0.00031
Alteromonas sp. ALT199	1298865	S	316	225	541	0.00004
Alteromonas sp. BL110	1714845	S	231	206	437	0.00003
Alteromonas sp. KUL42	2480797	S	106	10	116	0.00001
Alteromonas sp. KUL106	2480799	S	104	29	133	0.00001
Alteromonas sp. V450	1912139	S	68	34	102	0.00001
Alteromonas sp. 38	2653129	S	67	46	113	0.00001
Alteromonas sp. KC3	2795688	S	46	9	55	0.00000
Alteromonas mediterranea	314275	S	7868	8144	16012	0.00116
Alteromonas alba	2079529	S	6319	35747	42066	0.00305
Alteromonas antoniana	2803813	S	3053	2366	5419	0.00039
Alteromonas abrolhosensis	1892904	S	2979	2753	5732	0.00042
Alteromonas oceanisediminis	2836180	S	2826	534	3360	0.00024
Alteromonas marina	203795	S	2326	2965	5291	0.00038
Alteromonas profundi	2696062	S	1944	1083	3027	0.00022
Alteromonas oceani	2071609	S	1772	5252	7024	0.00051
Alteromonas portus	2565549	S	1003	721	1724	0.00013
Alteromonas genovensis	471225	S	339	190	529	0.00004
Alteromonas gracilis	1479524	S	113	55	168	0.00001
Alteromonas naphthalenivorans	715451	S	111	139	250	0.00002
Alteromonas confluentis	1656094	S	31	3	34	0.00000
Alteromonas lipolytica	1856405	S	21	2	23	0.00000
Alteromonas halophila	516698	S	19	3	22	0.00000
Alteromonas hispanica	315421	S	15	1	16	0.00000
Salinimonas sediminis	2303538	S	208	173	381	0.00003
Salinimonas chungwhensis	265425	S	93	12	105	0.00001
Salinimonas iocasae	2572577	S	35	7	42	0.00000
Salinimonas profundi	2729140	S	27	14	41	0.00000
Salinimonas lutimaris	914153	S	24	5	29	0.00000
Alteromonadaceae bacterium UBA2620	1951386	S	43049	117370	160419	0.01163
Alteromonadaceae bacterium	1916082	S	1476	565	2041	0.00015
Alteromonadaceae bacterium XY-R5	1737567	S	13	0	13	0.00000
Marisediminitalea aggregata	634436	S	278	33	311	0.00002
Aliiglaciecola lipolytica	477689	S	140	7	147	0.00001
Glaciecola sp. UBA1851	1946570	S	61	7	68	0.00000
Glaciecola sp. XM2	1914931	S	45	1	46	0.00000
Glaciecola sp. HTCC2999	455436	S	21	2	23	0.00000
Bowmanella denitrificans	366582	S	47	0	47	0.00000
Aestuariibacter sp.	1872400	S	15	1	16	0.00000
Neptunicella marina	2125989	S	24	3	27	0.00000
Hydrocarboniclastica marina	2259620	S	17	2	19	0.00000
Ningiella ruwaisensis	2364274	S	16	4	20	0.00000
Saccharobesus litoralis	2172099	S	15	0	15	0.00000
Pseudoalteromonas shioyasakiensis	1190813	S	5544	47565	53109	0.00385
Pseudoalteromonas sp. MEBiC 03607	2563601	S	289	772	1061	0.00008
Pseudoalteromonas sp. XI10	1766621	S	268	2988	3256	0.00024
Pseudoalteromonas sp. 0303	2743618	S	243	2688	2931	0.00021
Pseudoalteromonas sp. NBT06-2	2025950	S	155	11	166	0.00001
Pseudoalteromonas sp.	53249	S	138	615	753	0.00005
Pseudoalteromonas sp. HM-SA03	2029678	S	121	610	731	0.00005
Pseudoalteromonas sp. T1lg23B	2077097	S	43	27	70	0.00001
Pseudoalteromonas sp. '520P1 No. 423'	1690037	S	15	3	18	0.00000
Pseudoalteromonas sp. P1-25	1723758	S	14	22	36	0.00000
Pseudoalteromonas gelatinilytica	1703256	S	234	1194	1428	0.00010
Pseudoalteromonas lipolytica	570156	S	179	530	709	0.00005
Pseudoalteromonas arabiensis	874454	S	81	75	156	0.00001
Pseudoalteromonas ruthenica	151081	S	59	13	72	0.00001
Pseudoalteromonas rhizosphaerae	2518973	S	32	127	159	0.00001
Pseudoalteromonas atlantica	288	S	29	63	92	0.00001
Pseudoalteromonas piscicida	43662	S	26	98	124	0.00001
Pseudoalteromonas elyakovii	81037	S	15	173	188	0.00001
Idiomarina loihiensis	135577	S	977	475	1452	0.00011
Idiomarina baltica	190892	S	654	672	1326	0.00010
Idiomarina abyssalis	86102	S	179	92	271	0.00002
Idiomarina aquatica	1327752	S	144	53	197	0.00001
Idiomarina zobellii	86103	S	112	167	279	0.00002
Idiomarina seosinensis	281739	S	39	10	49	0.00000
Idiomarina piscisalsi	1096243	S	38	41	79	0.00001
Idiomarina xiamenensis	1207041	S	24	2	26	0.00000
Idiomarinaceae bacterium	1898113	S	180	153	333	0.00002
Pseudidiomarina aquimaris	641841	S	40	19	59	0.00000
Litorilituus sediminis	718192	S	870	125	995	0.00007
Acidiferrobacteraceae bacterium	2024893	S	514948	276201	791149	0.05737
Gammaproteobacteria bacterium	1913989	S	376879	82211	459090	0.03329
Gammaproteobacteria bacterium UBA6940	1948640	S	32051	4509	36560	0.00265
Gammaproteobacteria bacterium REDSEA-S15_B12	1811666	S	9876	6605	16481	0.00120
gamma proteobacterium SCGC AAA007-O20	913327	S	5055	2802	7857	0.00057
gamma proteobacterium SCGC AB-629-P17	1131274	S	2478	3053	5531	0.00040
Gammaproteobacteria bacterium UBA3532	1948611	S	613	341	954	0.00007
Gammaproteobacteria bacterium UBA1119	1948582	S	464	391	855	0.00006
Gammaproteobacteria bacterium UBA7310	1948647	S	222	66	288	0.00002
Gammaproteobacteria bacterium UBA1961	1948588	S	57	11	68	0.00000
Gammaproteobacteria bacterium UBA7803	1948658	S	42	43	85	0.00001
Gammaproteobacteria bacterium UBA2955	1948602	S	32	3	35	0.00000
gamma proteobacterium HdN1	83406	S	29	12	41	0.00000
Gammaproteobacteria bacterium UBA3498	1948609	S	14	2	16	0.00000
Marinobacter nauticus	2743	S	28638	14946	43584	0.00316
Marinobacter segnicrescens	430453	S	12252	5120	17372	0.00126
Marinobacter sp.	50741	S	2095	1472	3567	0.00026
Marinobacter sp. B9-2	2137198	S	746	2398	3144	0.00023
Marinobacter sp. LQ44	1749259	S	344	759	1103	0.00008
Marinobacter sp. Arc7-DN-1	2304594	S	71	61	132	0.00001
Marinobacter sp. es.042	1761794	S	63	164	227	0.00002
Marinobacter sp. F3R08	2841559	S	48	14	62	0.00000
Marinobacter sp. AC-23	1879031	S	44	7	51	0.00000
Marinobacter sp. EhC06	1849169	S	35	57	92	0.00001
Marinobacter sp. es.048	1761795	S	24	12	36	0.00000
Marinobacter sp. BW6	2592624	S	20	14	34	0.00000
Marinobacter manganoxydans	1150997	S	1857	25177	27034	0.00196
Marinobacter fuscus	2109942	S	1641	1841	3482	0.00025
Marinobacter vinifirmus	355591	S	1201	1495	2696	0.00020
Marinobacter flavimaris	262076	S	579	8084	8663	0.00063
Marinobacter salsuginis	418719	S	424	397	821	0.00006
Marinobacter adhaerens	1033846	S	321	2269	2590	0.00019
Marinobacter aromaticivorans	1494078	S	204	55	259	0.00002
Marinobacter persicus	930118	S	198	151	349	0.00003
Marinobacter shengliensis	1389223	S	185	247	432	0.00003
Marinobacter salarius	1420917	S	144	236	380	0.00003
Marinobacter lipolyticus	209639	S	131	78	209	0.00002
Marinobacter oulmenensis	643747	S	92	11	103	0.00001
Marinobacter litoralis	187981	S	84	15	99	0.00001
Marinobacter profundi	2666256	S	47	25	72	0.00001
Marinobacter algicola	236100	S	36	35	71	0.00001
Marinobacter santoriniensis	523742	S	28	3	31	0.00000
Marinobacter lutaoensis	135739	S	25	6	31	0.00000
Marinobacter pelagius	379482	S	17	8	25	0.00000
Marinobacter maroccanus	2055143	S	12	13	25	0.00000
Halopseudomonas pachastrellae	254161	S	13397	19826	33223	0.00241
Halopseudomonas aestusnigri	857252	S	10988	10925	21913	0.00159
Halopseudomonas gallaeciensis	857227	S	4700	4909	9609	0.00070
Halopseudomonas oceani	1708783	S	910	886	1796	0.00013
Halopseudomonas sabulinigri	472181	S	474	106	580	0.00004
Halopseudomonas yangmingensis	1720063	S	65	38	103	0.00001
Halopseudomonas pelagia	553151	S	41	26	67	0.00000
Halopseudomonas formosensis	1002526	S	22	16	38	0.00000
Pseudomonas khazarica	2502979	S	1314	1433	2747	0.00020
Pseudomonas sp. SSM44	2487347	S	145	133	278	0.00002
Pseudomonas sp. SST3	2267882	S	50	116	166	0.00001
Pseudomonas saliphila	2586906	S	108	48	156	0.00001
Pseudomonas tohonis	2725477	S	98	169	267	0.00002
Pseudomonas chengduensis	489632	S	64	1041	1105	0.00008
Pseudomonas mendocina	300	S	42	118	160	0.00001
Pseudomonas bharatica	2692112	S	38	101	139	0.00001
Pseudomonas profundi	1981513	S	30	27	57	0.00000
Pseudomonas benzenivorans	556533	S	22	30	52	0.00000
Pseudomonas yangonensis	2579922	S	13	40	53	0.00000
Stutzerimonas stutzeri	316	S	2321	5831	8152	0.00059
Stutzerimonas kunmingensis	1211807	S	139	2801	2940	0.00021
Stutzerimonas chloritidismutans	203192	S	31	867	898	0.00007
Stutzerimonas xanthomarina	271420	S	18	400	418	0.00003
Pseudomonadaceae bacterium UBA836	1952795	S	449	514	963	0.00007
Pseudomonadaceae bacterium SI-3	2079806	S	261	426	687	0.00005
Pseudomonadales bacterium	1891229	S	321	67	388	0.00003
Gammaproteobacteria bacterium UBA2168	1948591	S	304	12	316	0.00002
Oceanospirillaceae bacterium	1899355	S	55977	12423	68400	0.00496
Neptuniibacter sp. UBA6509	1946976	S	20646	3299	23945	0.00174
Thalassolituus sp. UBA2107	1947659	S	4982	10738	15720	0.00114
Thalassolituus sp. UBA674	1947666	S	4877	1386	6263	0.00045
Thalassolituus sp. UBA1087	1947651	S	788	79	867	0.00006
Thalassolituus sp. C2-1	2597518	S	32	10	42	0.00000
Oleibacter marinus	484498	S	1741	2450	4191	0.00030
Oleibacter sp.	2024845	S	169	54	223	0.00002
Marinobacterium litorale	404770	S	262	67	329	0.00002
Marinobacterium iners	48076	S	26	2	28	0.00000
Marinobacterium stanieri	49186	S	12	1	13	0.00000
Marinomonas profundimaris	1208321	S	42	31	73	0.00001
Halomonas zincidurans	1178777	S	2748	1416	4164	0.00030
Halomonas taeanensis	284577	S	2597	1044	3641	0.00026
Halomonas piezotolerans	2609667	S	1598	1839	3437	0.00025
Halomonas litopenaei	2109328	S	1575	1334	2909	0.00021
Halomonas aquamarina	77097	S	1358	5627	6985	0.00051
Halomonas sp.	1486246	S	379	191	570	0.00004
Halomonas sp. A40-4	2785909	S	202	225	427	0.00003
Halomonas sp. UBA3074	1946584	S	25	33	58	0.00000
Halomonas sp. 54_146	1635257	S	16	13	29	0.00000
Halomonas meridiana	29570	S	621	904	1525	0.00011
Halomonas lionensis	1144478	S	209	690	899	0.00007
Halomonas salina	42565	S	100	167	267	0.00002
Halomonas salicampi	1449798	S	68	22	90	0.00001
Halomonas sedimenti	2729618	S	30	53	83	0.00001
Halomonas hamiltonii	502829	S	26	79	105	0.00001
Halomonas stevensii	502821	S	16	63	79	0.00001
Halomonas sulfidaeris	115553	S	13	4	17	0.00000
Cobetia amphilecti	1055104	S	5663	4172	9835	0.00071
Cobetia crustatorum	553385	S	243	184	427	0.00003
Cobetia marina	28258	S	72	47	119	0.00001
Salinicola salarius	430457	S	1406	1058	2464	0.00018
Salinicola sp.	1978524	S	88	183	271	0.00002
Salinicola peritrichatus	1267424	S	12	7	19	0.00000
Chromohalobacter israelensis	141390	S	175	218	393	0.00003
Alloalcanivorax profundimaris	2735259	S	7248	8079	15327	0.00111
Alloalcanivorax venustensis	172371	S	1017	3193	4210	0.00031
Alloalcanivorax marinus	1177169	S	434	276	710	0.00005
Alloalcanivorax dieselolei	285091	S	132	110	242	0.00002
Alloalcanivorax gelatiniphagus	1194167	S	118	92	210	0.00002
Alcanivorax sp.	1872427	S	212	168	380	0.00003
Alcanivorax sp. UBA4485	1945988	S	122	145	267	0.00002
Alcanivorax sp. DSM 26293	1798238	S	111	145	256	0.00002
Alcanivorax sp. 24	2545266	S	19	17	36	0.00000
Alcanivorax hongdengensis	519051	S	85	40	125	0.00001
Alcanivorax jadensis	64988	S	17	12	29	0.00000
Alcanivoracaceae bacterium	2024895	S	157	188	345	0.00003
Ketobacter sp.	2083498	S	60	10	70	0.00001
Ketobacter sp. MCCC 1A13808	2602738	S	28	6	34	0.00000
Isoalcanivorax pacificus	1306787	S	21	17	38	0.00000
Endozoicomonas sp. G2_2	2821092	S	147	107	254	0.00002
Hahellaceae bacterium	2048971	S	54	4	58	0.00000
Oleiphilus sp.	2025907	S	34	2	36	0.00000
Acinetobacter venetianus	52133	S	6848	5462	12310	0.00089
Acinetobacter junii	40215	S	89	254	343	0.00002
Acinetobacter ihumii	2483802	S	73	107	180	0.00001
Psychrobacter submarinus	154108	S	258	261	519	0.00004
Rheinheimera aquimaris	412437	S	4961	1335	6296	0.00046
Chromatiales bacterium	2026725	S	2741	188	2929	0.00021
Woeseiaceae bacterium	2026806	S	1730	818	2548	0.00018
uncultured Woeseiaceae bacterium	1983305	S	20	1	21	0.00000
Ectothiorhodospiraceae bacterium	2026737	S	43	3	46	0.00000
Halothiobacillaceae bacterium UBA5861	1951926	S	28	2	30	0.00000
uncultured SAR86 cluster bacterium	648174	S	2282	797	3079	0.00022
SAR86 cluster bacterium REDSEA-S09_B4	1811643	S	492	25	517	0.00004
SAR86 cluster bacterium SAR86A	1123866	S	32	48	80	0.00001
SAR86 cluster bacterium AG-422-P06	2162555	S	22	3	25	0.00000
Candidatus Thioglobus sp. MED-G25	1986229	S	1919	613	2532	0.00018
Candidatus Thioglobus sp.	2026721	S	107	67	174	0.00001
Candidatus Thioglobus perditus	2058498	S	152	14	166	0.00001
uncultured Candidatus Thioglobus sp.	655186	S	80	79	159	0.00001
Candidatus Thioglobus autotrophicus	1705394	S	26	6	32	0.00000
K189A clade bacterium	2315472	S	26	8	34	0.00000
marine gamma proteobacterium HTCC2089	247632	S	19	0	19	0.00000
uncultured OM182 clade bacterium	1128416	S	20	2	22	0.00000
Candidatus Pseudothioglobus aerophilus	2841689	S	12	17	29	0.00000
Salinisphaera sp. UBA6602	1947455	S	643	366	1009	0.00007
Salinisphaera sp. UBA1666	1947454	S	90	32	122	0.00001
Salinisphaera sp.	1914330	S	66	28	94	0.00001
Salinisphaera orenii	856731	S	331	1177	1508	0.00011
Salinisphaera shabanensis	180542	S	233	84	317	0.00002
Salinisphaera japonica	1304270	S	129	80	209	0.00002
Salinisphaera halophila	1304158	S	119	433	552	0.00004
Salinisphaera hydrothermalis	563188	S	71	8	79	0.00001
Spongiibacter tropicus	454602	S	1028	580	1608	0.00012
Spongiibacter marinus	354246	S	69	39	108	0.00001
Spongiibacter sp. IMCC21906	1620392	S	23	9	32	0.00000
Zhongshania aliphaticivorans	1470434	S	90	16	106	0.00001
Halioglobus sp.	2024834	S	176	44	220	0.00002
Halioglobus pacificus	930806	S	170	10	180	0.00001
Halioglobus japonicus	930805	S	19	0	19	0.00000
Haliea sp.	1932666	S	91	6	97	0.00001
Halieaceae bacterium UBA5085	1951918	S	41	18	59	0.00000
Halieaceae bacterium	2026743	S	39	5	44	0.00000
Congregibacter litoralis	393662	S	12	6	18	0.00000
Porticoccaceae bacterium	2026782	S	72	23	95	0.00001
Porticoccaceae bacterium UBA1117	1952748	S	64	4	68	0.00000
SAR92 bacterium BACL16 MAG-120619-bin48	1655625	S	23	10	33	0.00000
SAR92 clade bacterium	2315479	S	18	6	24	0.00000
Porticoccus hydrocarbonoclasticus	1073414	S	70	151	221	0.00002
Porticoccus sp.	2024853	S	29	28	57	0.00000
Gilvimarinus agarilyticus	679259	S	13	0	13	0.00000
uncultured Gammaproteobacteria bacterium	86473	S	2426	398	2824	0.00020
Methylococcales bacterium OPU3_GD_OMZ	1920888	S	1313	146	1459	0.00011
Methylococcaceae bacterium UBA1147	1952219	S	204	24	228	0.00002
Methylophaga sp.	2024840	S	267	151	418	0.00003
Cycloclasticus sp.	2024830	S	154	36	190	0.00001
Hydrogenovibrio thermophilus	265883	S	20	16	36	0.00000
uncultured Francisellaceae bacterium	393692	S	190	2	192	0.00001
Thiotrichales bacterium	2026796	S	83	8	91	0.00001
uncultured Thiothrix sp.	223185	S	25	1	26	0.00000
Thiotrichaceae bacterium	2030882	S	20	1	21	0.00000
Vibrio campbellii	680	S	31	60	91	0.00001
Vibrio azureus	512649	S	13	13	26	0.00000
Vibrio chagasii	170679	S	33	164	197	0.00001
Vibrio caribbeanicus	701175	S	33	4	37	0.00000
Vibrio penaeicida	104609	S	17	5	22	0.00000
Vibrio sp. HI00D65	1822216	S	12	52	64	0.00000
Photobacterium sp. GB-56	2022106	S	12	64	76	0.00001
Photobacterium salinisoli	1616783	S	15	76	91	0.00001
Photobacterium angustum	661	S	12	79	91	0.00001
Paraphotobacterium marinum	1755811	S	59	19	78	0.00001
Xanthomonadales bacterium	2006849	S	599	81	680	0.00005
Luteimonas terricola	645597	S	14	10	24	0.00000
Luteibacter sp.	1886636	S	19	2	21	0.00000
Legionellales bacterium	2026754	S	225	23	248	0.00002
Legionella rowbothamii	96229	S	171	30	201	0.00001
Legionella sp.	459	S	14	0	14	0.00000
Coxiellaceae bacterium	2026727	S	12	0	12	0.00000
Escherichia coli	562	S	12	269	281	0.00002
Providencia huaxiensis	2027290	S	57	47	104	0.00001
Polycyclovorans sp.	2024852	S	77	101	178	0.00001
Pelagibacteraceae bacterium	2026775	S	428118	281372	709490	0.05145
alpha proteobacterium SCGC AAA288-G21	939324	S	8730	15902	24632	0.00179
Pelagibacteraceae bacterium AG-464-P07	2162008	S	2613	2996	5609	0.00041
alpha proteobacterium SCGC AAA288-E13	939316	S	1743	6484	8227	0.00060
alpha proteobacterium SCGC AAA240-E13	939306	S	1109	2802	3911	0.00028
alpha proteobacterium SCGC AAA288-N07	939346	S	460	717	1177	0.00009
Pelagibacteraceae bacterium AG-464-B04	2162007	S	167	77	244	0.00002
Pelagibacteraceae bacterium AG-439-F23	2162002	S	22	31	53	0.00000
alpha proteobacterium HIMB59	744985	S	20	2	22	0.00000
Pelagibacteraceae bacterium AG-430-P08	2162055	S	16	523	539	0.00004
Pelagibacteraceae bacterium AG-414-M23	2162016	S	13	18	31	0.00000
Pelagibacteraceae bacterium AG-404-N13	2161987	S	13	20	33	0.00000
Pelagibacteraceae bacterium AG-414-E02	2162014	S	12	13	25	0.00000
Candidatus Pelagibacter sp.	2024849	S	99956	100952	200908	0.01457
uncultured Candidatus Pelagibacter sp.	372654	S	89	54	143	0.00001
Candidatus Pelagibacter ubique	198252	S	62	677	739	0.00005
uncultured Pelagibacteraceae bacterium	1667051	S	27351	76554	103905	0.00753
Pelagibacterales bacterium	2026776	S	767	562	1329	0.00010
Pelagibacterales bacterium SAG-MED01	2760004	S	26	41	67	0.00000
Rhodospirillaceae bacterium	1898112	S	183035	26555	209590	0.01520
Rhodospirillaceae bacterium UBA2165	1952852	S	1783	90	1873	0.00014
Rhodospirillaceae bacterium UBA6608	1952863	S	370	50	420	0.00003
Rhodospirillaceae bacterium UBA3470	1952854	S	19	4	23	0.00000
Rhodospirillaceae bacterium UBA1479	1952849	S	12	1	13	0.00000
Rhodospirillales bacterium	2026786	S	7894	1138	9032	0.00065
Thalassospira sp. MCCC 1A01148	501834	S	1702	2105	3807	0.00028
Thalassospira sp. MCCC 1A01428	1470575	S	105	62	167	0.00001
Thalassospira povalilytica	732237	S	234	134	368	0.00003
Thalassospira lucentensis	168935	S	37	72	109	0.00001
Thalassospira xiamenensis	220697	S	16	70	86	0.00001
Thalassospira indica	1891279	S	16	105	121	0.00001
Thalassospira profundimaris	502049	S	15	15	30	0.00000
Magnetovibrio sp.	2024836	S	38	3	41	0.00000
Tistrella mobilis	171437	S	1238	206	1444	0.00010
Nisaea denitrificans	390877	S	21	35	56	0.00000
Oceanibaculum nanhaiense	1909734	S	63	31	94	0.00001
Roseomonas ludipueritiae	198093	S	16	7	23	0.00000
Citromicrobium sp.	2024827	S	44806	20394	65200	0.00473
Citromicrobium sp. UBA3494	1946345	S	206	224	430	0.00003
Citromicrobium sp. JLT1363	517722	S	111	134	245	0.00002
Citromicrobium bathyomarinum	72174	S	760	691	1451	0.00011
Sphingobium xenophagum	121428	S	5322	9147	14469	0.00105
Sphingobium sp. TCM1	453246	S	1088	1496	2584	0.00019
Sphingobium sp.	1912891	S	287	179	466	0.00003
Sphingobium sp. CCH11-B1	1768781	S	74	208	282	0.00002
Sphingobium sp. C100	1207055	S	60	92	152	0.00001
Sphingobium sp. KCTC 72723	2733867	S	38	46	84	0.00001
Sphingobium sp. Ant17	1461752	S	24	60	84	0.00001
Sphingobium sp. OAE613	2663803	S	20	6	26	0.00000
Sphingobium sp. D43FB	2017595	S	15	33	48	0.00000
Sphingobium yanoikuyae	13690	S	325	871	1196	0.00009
Sphingobium lactosutens	522773	S	158	613	771	0.00006
Sphingobium algorifonticola	2008318	S	68	42	110	0.00001
Sphingobium terrigena	2304063	S	44	133	177	0.00001
Sphingobium abikonense	86193	S	33	105	138	0.00001
Sphingobium scionense	1404341	S	29	76	105	0.00001
Sphingobium psychrophilum	2728834	S	26	67	93	0.00001
Sphingobium limneticum	1007511	S	25	45	70	0.00001
Sphingobium indicum	332055	S	16	26	42	0.00000
Sphingomonas sp. SKA58	314266	S	10733	14560	25293	0.00183
Sphingomonas sp.	28214	S	521	136	657	0.00005
Sphingomonas sp. ATCC 31555	194867	S	82	35	117	0.00001
Sphingomonas sp. 3P27F8	2502213	S	38	86	124	0.00001
Sphingomonas sp. S2M10	2705010	S	21	36	57	0.00000
Sphingomonas sp. EC-HK361	2038397	S	17	15	32	0.00000
Sphingomonas sp. Ant H11	1564113	S	12	22	34	0.00000
Sphingomonas abaci	237611	S	820	841	1661	0.00012
Sphingomonas ursincola	56361	S	200	205	405	0.00003
Sphingomonas ginsenosidimutans	862134	S	97	123	220	0.00002
Sphingomonas corticis	2722791	S	44	25	69	0.00001
Sphingomonas sanxanigenens	397260	S	29	15	44	0.00000
Sphingomonas yabuuchiae	172044	S	19	20	39	0.00000
Novosphingopyxis iocasae	2762729	S	3734	1890	5624	0.00041
Novosphingopyxis baekryungensis	279369	S	92	13	105	0.00001
Novosphingobium indicum	462949	S	877	677	1554	0.00011
Novosphingobium aquimarinum	2682494	S	123	150	273	0.00002
Novosphingobium panipatense	428991	S	102	118	220	0.00002
Novosphingobium silvae	2692619	S	90	146	236	0.00002
Novosphingobium sp. GV002	2135687	S	19	35	54	0.00000
Novosphingobium barchaimii	1420591	S	65	75	140	0.00001
Novosphingobium marinum	1514948	S	22	17	39	0.00000
Novosphingobium pentaromativorans	205844	S	20	14	34	0.00000
Novosphingobium fluoreni	1391222	S	16	1	17	0.00000
Novosphingobium subterraneum	48936	S	13	23	36	0.00000
Novosphingobium malaysiense	1348853	S	12	2	14	0.00000
Stakelama pacifica	517720	S	584	352	936	0.00007
Sphingopyxis sp.	1908224	S	122	78	200	0.00001
Sphingopyxis macrogoltabida	33050	S	35	39	74	0.00001
Sphingopyxis terrae	33052	S	24	27	51	0.00000
Sphingomonadaceae bacterium	1930536	S	74	17	91	0.00001
Sphingomonadaceae bacterium LXI357	2826939	S	66	22	88	0.00001
Sphingomonadaceae bacterium MED-G03	1986231	S	45	18	63	0.00000
Rhizorhabdus sp.	1968843	S	132	162	294	0.00002
uncultured Parasphingopyxis sp.	1547918	S	69	75	144	0.00001
Sphingosinithalassobacter portus	2676234	S	44	15	59	0.00000
Erythrobacter sp. A30-3	2785907	S	12525	13423	25948	0.00188
Erythrobacter sp.	1042	S	5033	2486	7519	0.00055
Erythrobacter sp. HI0063	1822240	S	910	813	1723	0.00012
Erythrobacter sp. 3-20A1M	2653850	S	172	116	288	0.00002
Erythrobacter sp. UBA2510	1946470	S	64	86	150	0.00001
Erythrobacter sp. UBA1916	1946469	S	29	29	58	0.00000
Erythrobacter sp. AP23	499656	S	15	10	25	0.00000
Erythrobacter sp. SD-21	161528	S	12	4	16	0.00000
Erythrobacter aureus	2182384	S	4699	1255	5954	0.00043
Erythrobacter longus	1044	S	84	9	93	0.00001
Erythrobacter litoralis	39960	S	58	47	105	0.00001
Qipengyuania citrea	225971	S	1482	1272	2754	0.00020
Qipengyuania flava	192812	S	745	188	933	0.00007
Qipengyuania pelagi	994320	S	189	165	354	0.00003
Qipengyuania vulgaris	291985	S	152	78	230	0.00002
Qipengyuania nanhaisediminis	604088	S	21	22	43	0.00000
Croceicoccus sp.	1927144	S	350	557	907	0.00007
Croceicoccus sp. YJ47	2798724	S	12	4	16	0.00000
Croceicoccus bisphenolivorans	1783232	S	22	14	36	0.00000
Aurantiacibacter zhengii	2307003	S	102	69	171	0.00001
Aurantiacibacter atlanticus	1648404	S	67	11	78	0.00001
Erythrobacteraceae bacterium	2026738	S	63	4	67	0.00000
Erythrobacteraceae bacterium CCH12-C2	1768805	S	23	32	55	0.00000
Pseudopontixanthobacter vadosimaris	2726450	S	47	24	71	0.00001
Actirhodobacter atriluteus	2744473	S	38	15	53	0.00000
Pelagerythrobacter marinus	538382	S	24	17	41	0.00000
Tsuneonella suprasediminis	2306996	S	20	18	38	0.00000
Croceibacterium atlanticum	1267766	S	14	8	22	0.00000
Pacificimonas flava	1234595	S	137	68	205	0.00001
Sphingomonadales bacterium	1978525	S	84	28	112	0.00001
Sphingomonadales bacterium Ga0077557	1752232	S	52	17	69	0.00001
Thalassobius sp.	1979401	S	29399	8585	37984	0.00275
Salipiger bermudensis	344736	S	7785	5914	13699	0.00099
Salipiger profundus	1229727	S	3990	3275	7265	0.00053
Salipiger thiooxidans	282683	S	616	637	1253	0.00009
Salipiger marinus	555512	S	281	207	488	0.00004
Salipiger abyssi	1250539	S	12	11	23	0.00000
Roseovarius sp.	1486281	S	746	329	1075	0.00008
Roseovarius sp. A-2	1570360	S	25	9	34	0.00000
Roseovarius halotolerans	505353	S	482	515	997	0.00007
Roseovarius indicus	540747	S	139	20	159	0.00001
Roseovarius nitratireducens	2044597	S	56	27	83	0.00001
Roseovarius pacificus	337701	S	29	14	43	0.00000
Roseovarius atlanticus	1641875	S	18	15	33	0.00000
Roseovarius nubinhibens	314263	S	16	6	22	0.00000
Roseovarius mucosus	215743	S	12	10	22	0.00000
Sulfitobacter pontiacus	60137	S	429	448	877	0.00006
Sulfitobacter sp. BDSS02	2663018	S	171	211	382	0.00003
Sulfitobacter sp. R18_2	2821105	S	58	114	172	0.00001
Sulfitobacter sp.	1903071	S	14	42	56	0.00000
Sulfitobacter alexandrii	1917485	S	29	7	36	0.00000
Sulfitobacter delicatus	218672	S	28	32	60	0.00000
Sulfitobacter litoralis	335975	S	28	73	101	0.00001
Actibacterium naphthalenivorans	1614693	S	929	1158	2087	0.00015
Maritimibacter sp.	2003363	S	414	140	554	0.00004
Roseobacter sp.	1907202	S	203	51	254	0.00002
Roseobacter sp. MED193	314262	S	110	86	196	0.00001
Maribius pelagius	387096	S	91	118	209	0.00002
Sagittula sp. P11	2009329	S	145	53	198	0.00001
Phaeobacter sp. 22II1-1F12B	1317111	S	111	130	241	0.00002
Phaeobacter sp. CECT 5382	1712645	S	35	6	41	0.00000
Lutimaribacter saemankumensis	490829	S	124	32	156	0.00001
Tranquillimonas alkanivorans	441119	S	47	7	54	0.00000
Tranquillimonas rosea	641238	S	31	6	37	0.00000
Yangia pacifica	311180	S	56	30	86	0.00001
Roseivivax marinus	1379903	S	23	13	36	0.00000
Celeribacter baekdonensis	875171	S	14	13	27	0.00000
Leisingera caerulea	506591	S	27	6	33	0.00000
Roseicyclus sp.	1914329	S	23	4	27	0.00000
Tropicibacter alexandrii	2267683	S	12	9	21	0.00000
Thiosulfatihalobacter marinus	2792481	S	13	12	25	0.00000
Albimonas donghaensis	356660	S	23486	4405	27891	0.00202
Albimonas pacifica	1114924	S	600	173	773	0.00006
Paracoccaceae bacterium	1904441	S	9871	2395	12266	0.00089
Thioclava sediminum	1915319	S	74	1379	1453	0.00011
Thioclava sp. JE_KL1	2651187	S	34	575	609	0.00004
Thioclava electrotropha	1549850	S	42	798	840	0.00006
Thioclava atlantica	1317124	S	30	51	81	0.00001
Paracoccus sp. UBA889	1947056	S	744	293	1037	0.00008
Paracoccus sp. R12_2	2821098	S	176	109	285	0.00002
Paracoccus sp. MKU1	1745182	S	15	32	47	0.00000
Paracoccus denitrificans	266	S	29	26	55	0.00000
Paracoccus halophilus	376733	S	13	7	20	0.00000
Pseudooceanicola atlanticus	1461694	S	347	508	855	0.00006
Pseudooceanicola nanhaiensis	375761	S	58	66	124	0.00001
Pseudooceanicola lipolyticus	2029104	S	25	37	62	0.00000
Pseudooceanicola marinus	396013	S	22	8	30	0.00000
Marinibacterium profundimaris	1679460	S	442	618	1060	0.00008
Allosediminivita pacifica	1267769	S	375	401	776	0.00006
Pacificitalea manganoxidans	1411902	S	245	74	319	0.00002
Vannielia litorea	1217970	S	176	84	260	0.00002
Thalassobium sp.	2030825	S	86	41	127	0.00001
Limimaricola cinnabarinus	1125964	S	42	25	67	0.00000
Tritonibacter mobilis	379347	S	27	16	43	0.00000
Pararhodobacter zhoushanensis	2479545	S	12	5	17	0.00000
Kandeliimicrobium roseum	1737570	S	21	5	26	0.00000
Pseudorhodobacter aquimaris	687412	S	16	5	21	0.00000
Maliponia aquimaris	1673631	S	16	7	23	0.00000
Arenibacterium halophilum	2583821	S	12	3	15	0.00000
Alphaproteobacteria bacterium UBA7887	1948447	S	49697	6566	56263	0.00408
Alphaproteobacteria bacterium MarineAlpha5_Bin3	2013078	S	23210	1115	24325	0.00176
Alphaproteobacteria bacterium MarineAlpha3_Bin6	2013072	S	1748	138	1886	0.00014
Alphaproteobacteria bacterium	1913988	S	1214	267	1481	0.00011
Alphaproteobacteria bacterium MarineAlpha9_Bin7	2013102	S	535	43	578	0.00004
Alphaproteobacteria bacterium MarineAlpha3_Bin3	2013069	S	491	103	594	0.00004
Alphaproteobacteria bacterium MarineAlpha3_Bin4	2013070	S	481	18	499	0.00004
Alphaproteobacteria bacterium MarineAlpha9_Bin6	2013101	S	222	2	224	0.00002
Alphaproteobacteria bacterium MarineAlpha3_Bin2	2013068	S	189	13	202	0.00001
Alphaproteobacteria bacterium MarineAlpha6_Bin2	2013089	S	62	3	65	0.00000
Alphaproteobacteria bacterium MarineAlpha10_Bin2	2013104	S	50	1	51	0.00000
Alphaproteobacteria bacterium MarineAlpha3_Bin7	2013073	S	34	1	35	0.00000
Alphaproteobacteria bacterium HT1-32	2665153	S	33	0	33	0.00000
Alphaproteobacteria bacterium UBA3002	1948380	S	30	0	30	0.00000
Alphaproteobacteria bacterium MarineAlpha9_Bin1	2013096	S	26	1	27	0.00000
Alphaproteobacteria bacterium UBA6544	1948430	S	24	3	27	0.00000
Alphaproteobacteria bacterium MarineAlpha5_Bin12	2013087	S	21	5	26	0.00000
Alphaproteobacteria bacterium UBA7314	1948440	S	20	0	20	0.00000
alpha proteobacterium MED-G10	2007300	S	20	0	20	0.00000
Alphaproteobacteria bacterium MarineAlpha11_Bin1	2013106	S	19	21	40	0.00000
Alphaproteobacteria bacterium UBA828	1948450	S	16	0	16	0.00000
Alphaproteobacteria bacterium MarineAlpha5_Bin5	2013080	S	16	0	16	0.00000
Alphaproteobacteria bacterium MarineAlpha9_Bin3	2013098	S	16	3	19	0.00000
Alphaproteobacteria bacterium UBA2966	1948377	S	13	4	17	0.00000
Nitratireductor sp.	1872084	S	5269	1365	6634	0.00048
Nitratireductor indicus	721133	S	46	36	82	0.00001
Hoeflea sp.	1940281	S	2063	1074	3137	0.00023
Hoeflea sp. EC-HK425	2038388	S	12	5	17	0.00000
Phyllobacteriaceae bacterium	1871068	S	642	165	807	0.00006
Mesorhizobium sediminum	1849104	S	21	12	33	0.00000
Martelella mediterranea	293089	S	2534	1193	3727	0.00027
Martelella sp. AD-3	686597	S	914	1014	1928	0.00014
Martelella limonii	1647649	S	18	4	22	0.00000
Fulvimarina manganoxydans	937218	S	374	23	397	0.00003
Fulvimarina sp.	1969479	S	354	311	665	0.00005
Aurantimonas coralicida	182270	S	42	107	149	0.00001
Jiella pacifica	2696469	S	77	29	106	0.00001
Ahrensia sp.	1872419	S	6096	3296	9392	0.00068
Parvibaculum indicum	562969	S	3884	3415	7299	0.00053
Parvibaculum sp.	2024848	S	138	45	183	0.00001
Rhodobiaceae bacterium	2026785	S	3080	696	3776	0.00027
Rhodobiaceae bacterium UBA7804	1952834	S	523	303	826	0.00006
Roseibium aggregatum	187304	S	1603	491	2094	0.00015
Stappia sp.	1870903	S	299	166	465	0.00003
Stappia sp. BW2	2592622	S	13	8	21	0.00000
Stappia indica	538381	S	178	204	382	0.00003
Methylobacterium fujisawaense	107400	S	1100	1258	2358	0.00017
Methylobacterium dankookense	560405	S	22	28	50	0.00000
Hyphomicrobiales bacterium	1909294	S	1764	529	2293	0.00017
Rhizobiales bacterium CCH10-E5	1768797	S	55	47	102	0.00001
Filomicrobium sp.	2024831	S	494	32	526	0.00004
Methyloceanibacter sp.	1965321	S	110	33	143	0.00001
Afipia sp. OHSU_II-C1	1297860	S	64	96	160	0.00001
Afipia broomeae	56946	S	33	66	99	0.00001
Bradyrhizobiaceae bacterium PARB1	2015576	S	110	69	179	0.00001
Bosea sp. RAC05	1842539	S	26	103	129	0.00001
Acuticoccus yangtzensis	1443441	S	57	9	66	0.00000
Acuticoccus sediminis	2184697	S	23	3	26	0.00000
Rhizobiaceae bacterium	1913961	S	13	1	14	0.00000
Rickettsiales bacterium	2026788	S	34816	7061	41877	0.00304
Hyphomonas adhaerens	81029	S	6845	2322	9167	0.00066
Hyphomonas sp. L-53-1-40	1207058	S	1864	700	2564	0.00019
Hyphomonas sp.	87	S	742	468	1210	0.00009
Hyphomonas sp. CY54-11-8	1280944	S	705	640	1345	0.00010
Hyphomonas sp. UBA5111	1946637	S	123	157	280	0.00002
Hyphomonas sp. 34-62-18	1970392	S	18	22	40	0.00000
Hyphomonas sp. BRH_c22	1629710	S	14	29	43	0.00000
Hyphomonas pacifica	1280941	S	408	617	1025	0.00007
Hyphomonas atlantica	1280948	S	311	414	725	0.00005
Hyphomonas chukchiensis	1280947	S	36	69	105	0.00001
Hyphomonas oceanitis	81033	S	27	45	72	0.00001
Hyphomonas beringensis	1280946	S	14	6	20	0.00000
Ponticaulis sp.	2020902	S	4880	982	5862	0.00043
Henriciella sp.	1968823	S	2130	666	2796	0.00020
Henriciella algicola	1608422	S	33	9	42	0.00000
Henriciella aquimarina	545261	S	19	15	34	0.00000
Hyphomonadaceae bacterium TMED5	1986776	S	1511	665	2176	0.00016
Hyphomonadaceae bacterium BRH_c29	1629720	S	20	10	30	0.00000
Hirschia sp.	2024835	S	55	6	61	0.00000
uncultured Alphaproteobacteria bacterium	91750	S	7200	1762	8962	0.00065
Oceanicaulis sp. HTCC2633	314254	S	1718	538	2256	0.00016
Oceanicaulis sp. PT13A	2135616	S	63	15	78	0.00001
Maricaulis maris	74318	S	582	119	701	0.00005
Maricaulis sp.	1486257	S	126	22	148	0.00001
Maricaulis alexandrii	2570354	S	33	9	42	0.00000
Hellea sp.	2715692	S	30	3	33	0.00000
Parvularcula sp.	1979207	S	1144	344	1488	0.00011
Marinicaulis flavus	2058213	S	21	1	22	0.00000
Caulobacter sp. CCH9-E1	1768768	S	143	243	386	0.00003
Caulobacter sp. FWC26	69665	S	88	100	188	0.00001
Caulobacter sp. 602-1	2492472	S	17	13	30	0.00000
Caulobacter sp. FWC2	69664	S	14	10	24	0.00000
Brevundimonas sp. A19_0	2821087	S	14	12	26	0.00000
Caulobacteraceae bacterium UBA3198	1951537	S	15	4	19	0.00000
uncultured SAR116 cluster alpha proteobacterium	281031	S	336	182	518	0.00004
SAR116 cluster bacterium	2024888	S	70	71	141	0.00001
Candidatus Micropelagos thuwalensis	1397666	S	22	2	24	0.00000
Kordiimonas sp.	1970157	S	110	62	172	0.00001
Kordiimonas pumila	2161677	S	52	0	52	0.00000
Luteithermobacter gelatinilyticus	2582913	S	83	4	87	0.00001
Magnetococcales bacterium	2026759	S	42	0	42	0.00000
Proteobacteria bacterium UBA5680	1948185	S	89138	14281	103419	0.00750
Pseudomonadota bacterium	1977087	S	65660	17605	83265	0.00604
Proteobacteria bacterium UBA2133	1948144	S	2013	55	2068	0.00015
Proteobacteria bacterium UBA1148	1948131	S	1369	184	1553	0.00011
Proteobacteria bacterium UBA2996	1948156	S	187	104	291	0.00002
Proteobacteria bacterium UBA6503	1948193	S	36	3	39	0.00000
Cupriavidus pauculus	82633	S	10138	7580	17718	0.00128
Cupriavidus campinensis	151783	S	298	185	483	0.00004
Cupriavidus necator	106590	S	30	50	80	0.00001
Cupriavidus sp. 2SB	2502199	S	27	12	39	0.00000
Cupriavidus basilensis	68895	S	23	24	47	0.00000
Limnobacter sp. SAORIC-580	2732163	S	343	617	960	0.00007
Limnobacter sp. MED105	391597	S	27	29	56	0.00000
Limnobacter sp. CACIAM 66H1	1813033	S	17	25	42	0.00000
Limnobacter alexandrii	2570352	S	12	6	18	0.00000
Ralstonia solanacearum	305	S	12	7	19	0.00000
Pandoraea nosoerga	2508296	S	15	9	24	0.00000
Paraburkholderia azotifigens	2057004	S	12	3	15	0.00000
Variovorax paradoxus	34073	S	3485	8400	11885	0.00086
Variovorax sp. GV040	2135734	S	162	431	593	0.00004
Variovorax sp. SG533	2587118	S	15	33	48	0.00000
Acidovorax sp. KKS102	358220	S	114	531	645	0.00005
Acidovorax sp. NB1	1943571	S	25	94	119	0.00001
Acidovorax delafieldii	47920	S	208	640	848	0.00006
Curvibacter sp.	1888168	S	612	663	1275	0.00009
Delftia acidovorans	80866	S	82	252	334	0.00002
Comamonadaceae bacterium ALPHA2B	2502232	S	155	1166	1321	0.00010
Pelomonas puraquae	431059	S	67	212	279	0.00002
Herbaspirillum huttiense	863372	S	788	1879	2667	0.00019
Pusillimonas sp. UBA3987	1947369	S	1098	638	1736	0.00013
Pusillimonas sp. DMV24BSW_D	2716226	S	19	15	34	0.00000
Pusillimonas sp. (ex Stolz et al. 2005)	1979962	S	14	6	20	0.00000
Pusillimonas maritima	2026239	S	42	46	88	0.00001
Burkholderiales bacterium	1891238	S	84	81	165	0.00001
Rubrivivax sp.	50259	S	13	72	85	0.00001
Xylophilus sp.	2653893	S	21	29	50	0.00000
uncultured Burkholderiales bacterium	208544	S	27	16	43	0.00000
Methylophilus sp.	29541	S	287	122	409	0.00003
Methyloversatilis discipulorum	1119528	S	69	47	116	0.00001
Nitrosomonadaceae bacterium	2026767	S	52	5	57	0.00000
Gallionellaceae bacterium	2052162	S	28	5	33	0.00000
Candidatus Lambdaproteobacteria bacterium	2035771	S	322	24	346	0.00003
uncultured proteobacterium	153809	S	22	3	25	0.00000
Candidatus Marinimicrobia bacterium	2026760	S	1651164	231409	1882573	0.13651
Candidatus Marinimicrobia bacterium UBA7300	1953254	S	534018	273264	807282	0.05854
Candidatus Marinimicrobia bacterium UBA6531	1953244	S	400516	219310	619826	0.04495
Candidatus Marinimicrobia bacterium UBA2125	1953217	S	143740	194042	337782	0.02449
Candidatus Marinimicrobia bacterium UBA7303	1953256	S	34010	10839	44849	0.00325
Candidatus Marinimicrobia bacterium UBA7301	1953255	S	11929	2027	13956	0.00101
Candidatus Marinimicrobia bacterium UBA1611	1953216	S	8658	4026	12684	0.00092
Candidatus Marinimicrobia bacterium 408169	1958814	S	3795	431	4226	0.00031
Candidatus Marinimicrobia bacterium UBA7308	1953257	S	1588	106	1694	0.00012
uncultured Candidatus Marinimicrobia bacterium	195045	S	343	113	456	0.00003
Candidatus Marinimicrobia bacterium UBA6931	1953249	S	246	15	261	0.00002
Marinimicrobia bacterium TCS55	1781246	S	221	25	246	0.00002
Candidatus Marinimicrobia bacterium UBA1134	1953213	S	201	48	249	0.00002
Candidatus Marinimicrobia bacterium REDSEA-S14_B6	1811603	S	199	25	224	0.00002
Marinimicrobia bacterium SCGC AAA003-L08	939844	S	91	0	91	0.00001
Candidatus Marinimicrobia bacterium UBA2986	1953231	S	36	1	37	0.00000
Candidatus Marinimicrobia bacterium UBA2980	1953230	S	16	3	19	0.00000
Flavobacteriaceae bacterium	1871037	S	32545	8114	40659	0.00295
Flavobacteriaceae bacterium UBA4166	1951841	S	1259	26	1285	0.00009
Flavobacteriaceae bacterium UBA3611	1951834	S	127	49	176	0.00001
Flavobacteriaceae bacterium UBA1978	1951807	S	14	0	14	0.00000
Muricauda oceanensis	2499163	S	5460	4321	9781	0.00071
Muricauda sediminis	2696468	S	3169	2741	5910	0.00043
Muricauda sp. ARW1Y1	2663843	S	1501	394	1895	0.00014
Muricauda sp.	192149	S	405	334	739	0.00005
Muricauda sp. MAR_2010_75	1250232	S	34	22	56	0.00000
Muricauda sp. CP2A	1848189	S	23	16	39	0.00000
Muricauda sp. TMED12	1986608	S	21	17	38	0.00000
Muricauda sp. TY007	2683200	S	16	28	44	0.00000
Muricauda ruestringensis	111501	S	1656	1308	2964	0.00021
Muricauda hadalis	2597517	S	678	455	1133	0.00008
Muricauda maritima	2306998	S	247	410	657	0.00005
Muricauda aequoris	2306997	S	195	178	373	0.00003
Muricauda lutaonensis	516051	S	77	10	87	0.00001
Muricauda amoyensis	2169401	S	57	17	74	0.00001
Muricauda zhangzhouensis	1073328	S	49	9	58	0.00000
Muricauda oceani	2698672	S	46	50	96	0.00001
Muricauda olearia	552546	S	26	13	39	0.00000
Muricauda lutimaris	475082	S	16	10	26	0.00000
Muricauda aquimarina	254955	S	15	5	20	0.00000
Muricauda alvinocaridis	2530200	S	14	9	23	0.00000
Muricauda brasiliensis	2162892	S	14	4	18	0.00000
Mesonia oceanica	2687242	S	8566	2892	11458	0.00083
Mesonia mobilis	369791	S	129	168	297	0.00002
Leeuwenhoekiella blandensis	360293	S	3381	1856	5237	0.00038
Leeuwenhoekiella palythoae	573501	S	1375	429	1804	0.00013
Leeuwenhoekiella sp.	1977054	S	138	47	185	0.00001
Leeuwenhoekiella nanhaiensis	1655491	S	26	13	39	0.00000
Leeuwenhoekiella polynyae	1550906	S	18	47	65	0.00000
Winogradskyella sp.	1883156	S	3658	965	4623	0.00034
Zunongwangia profunda	398743	S	2359	2689	5048	0.00037
Zunongwangia mangrovi	1334022	S	141	64	205	0.00001
Zunongwangia atlantica	1502297	S	66	40	106	0.00001
Joostella marina	453852	S	2158	1330	3488	0.00025
Mesoflavibacter zeaxanthinifaciens	393060	S	1173	628	1801	0.00013
Mesoflavibacter profundi	2708110	S	52	27	79	0.00001
Flavobacterium sp.	239	S	774	334	1108	0.00008
Flavobacterium sasangense	503361	S	12	45	57	0.00000
Aequorivita sp.	1872390	S	312	278	590	0.00004
Aequorivita sp. UBA3180	1947773	S	19	17	36	0.00000
Aequorivita aquimaris	1548749	S	103	166	269	0.00002
Aequorivita vladivostokensis	171194	S	20	21	41	0.00000
Salegentibacter mishustinae	270918	S	114	215	329	0.00002
Salegentibacter sp. R32	1486285	S	49	24	73	0.00001
Maribacter dokdonensis	320912	S	70	29	99	0.00001
Maribacter cobaltidurans	1178778	S	28	23	51	0.00000
Maribacter litoralis	2059726	S	15	13	28	0.00000
Aquimarina sp.	1872586	S	147	29	176	0.00001
Arenibacter algicola	616991	S	52	40	92	0.00001
Arenibacter aquaticus	2489054	S	23	2	25	0.00000
Arenibacter sp. P308M17	2303391	S	14	3	17	0.00000
Croceibacter atlanticus	313588	S	115	13	128	0.00001
Euzebyella marina	1761453	S	109	86	195	0.00001
Christiangramia portivictoriae	326069	S	15	26	41	0.00000
Marinirhabdus gelatinilytica	1703343	S	58	19	77	0.00001
Candidatus Ulvibacter alkanivorans	2267620	S	55	19	74	0.00001
Altibacter sp.	2024823	S	27	0	27	0.00000
Tenacibaculum sp. SZ-18	754423	S	17	2	19	0.00000
Tenacibaculum sp. SG-28	754426	S	14	1	15	0.00000
Pukyongia salina	2094025	S	32	19	51	0.00000
Mangrovimonas yunxiaonensis	1197477	S	17	5	22	0.00000
Luteirhabdus pelagi	2792783	S	21	5	26	0.00000
Xanthomarina gelatinilytica	1137281	S	16	2	18	0.00000
Psychroflexus aestuariivivens	1795040	S	12	2	14	0.00000
Flavobacteriales bacterium UBA7878	1951087	S	8466	2028	10494	0.00076
Flavobacteriales bacterium	2021391	S	5469	643	6112	0.00044
Flavobacteriales bacterium UBA852	1951088	S	1156	48	1204	0.00009
Flavobacteriales bacterium UBA2104	1950971	S	87	5	92	0.00001
Flavobacteriales bacterium UBA6770	1951056	S	38	1	39	0.00000
Flavobacteriales bacterium UBA5081	1951031	S	30	2	32	0.00000
Flavobacteriales bacterium 32-35-8	1970509	S	14	6	20	0.00000
Acidiluteibacter ferrifornacis	2692424	S	5427	436	5863	0.00043
Cryomorphaceae bacterium	1898111	S	47	10	57	0.00000
Owenweeksia sp.	2024847	S	1605	43	1648	0.00012
Croceimicrobium hydrocarbonivorans	2761580	S	26	8	34	0.00000
Crocinitomicaceae bacterium	2026728	S	165	22	187	0.00001
uncultured Flavobacteriales bacterium	213322	S	25	2	27	0.00000
Bacteroidota bacterium	1898104	S	29352	2448	31800	0.00231
Cyclobacterium marinum	104	S	999	204	1203	0.00009
Algoriphagus iocasae	1836499	S	47	34	81	0.00001
Algoriphagus sp. Y33	2772483	S	20	5	25	0.00000
Roseivirga spongicola	333140	S	348	32	380	0.00003
Roseivirga seohaensis	1914963	S	233	32	265	0.00002
Roseivirga pacifica	1267423	S	32	1	33	0.00000
Flammeovirgaceae bacterium UBA7330	1951792	S	399	66	465	0.00003
Flammeovirgaceae bacterium	2026740	S	66	13	79	0.00001
Cytophagaceae bacterium	2026729	S	110	20	130	0.00001
Marivirga atlantica	1548457	S	62	9	71	0.00001
Marivirga lumbricoides	1046115	S	41	11	52	0.00000
uncultured Marinoscillum sp.	932004	S	52	8	60	0.00000
Cytophagales bacterium Alg240-R148	2305985	S	18	1	19	0.00000
Cytophagia bacterium	2026730	S	50	41	91	0.00001
uncultured Bacteroidetes bacterium	152509	S	1436	305	1741	0.00013
Bacteroidales bacterium	2030927	S	1099	91	1190	0.00009
Lentimicrobiaceae bacterium	2026756	S	167	9	176	0.00001
Mariniphaga sp.	1954475	S	17	1	18	0.00000
Saprospirales bacterium	2026790	S	516	25	541	0.00004
Ignavibacteriota bacterium	2026749	S	7210	190	7400	0.00054
Balneolaceae bacterium UBA7797	1951519	S	1245	182	1427	0.00010
Balneolaceae bacterium UBA3186	1951498	S	14	4	18	0.00000
Balneola sp.	2024824	S	228	246	474	0.00003
Rubrivirga sp. SAORIC476	1961794	S	623	252	875	0.00006
Rubrivirga marina	1196024	S	17	9	26	0.00000
Rhodothermaeota bacterium MED-G19	1986240	S	14	0	14	0.00000
Gemmatimonadota bacterium	2026742	S	77594	12787	90381	0.00655
Gemmatimonadaceae bacterium	2026741	S	30168	7666	37834	0.00274
Gemmatimonadales bacterium UBA7889	1951131	S	3772	11179	14951	0.00108
Gemmatimonadales bacterium UBA1120	1951099	S	1506	8126	9632	0.00070
Gemmatimonadales bacterium UBA1142	1951102	S	163	49	212	0.00002
Gemmatimonadales bacterium UBA2988	1951110	S	102	1	103	0.00001
Gemmatimonadales bacterium UBA2975	1951107	S	41	69	110	0.00001
Gemmatimonadales bacterium UBA2982	1951109	S	41	0	41	0.00000
Gemmatimonadales bacterium UBA2989	1951111	S	35	12	47	0.00000
Candidatus Latescibacteria bacterium	2053570	S	2022	156	2178	0.00016
Latescibacteria bacterium UBA6620	1948115	S	65	0	65	0.00000
Candidatus Latescibacter anaerobius	1432313	S	16	0	16	0.00000
Candidatus Microthrix sp. UBA2131	1946167	S	231781	169795	401576	0.02912
Candidatus Microthrix sp. UBA3125	1946176	S	222625	188094	410719	0.02978
Candidatus Microthrix sp. UBA4542	1946188	S	2858	1283	4141	0.00030
Candidatus Microthrix sp. UBA7884	1946214	S	1909	2695	4604	0.00033
Candidatus Microthrix sp. UBA7388	1946207	S	111	3	114	0.00001
Candidatus Microthrix sp. UBA814	1946218	S	108	18	126	0.00001
Candidatus Microthrix sp. UBA672	1946197	S	100	57	157	0.00001
Candidatus Microthrix sp. UBA2110	1946164	S	46	136	182	0.00001
Candidatus Microthrix sp. UBA2974	1946174	S	33	1	34	0.00000
Candidatus Microthrix sp. UBA825	1946219	S	21	1	22	0.00000
Candidatus Microthrix sp. UBA2983	1946175	S	16	5	21	0.00000
Acidimicrobiaceae bacterium	2024894	S	12940	2509	15449	0.00112
Acidimicrobiaceae bacterium UBA7830	1951343	S	21	0	21	0.00000
Acidimicrobiales bacterium	2201156	S	469	129	598	0.00004
Ilumatobacteraceae bacterium	2497619	S	269	125	394	0.00003
Acidimicrobiia bacterium	2080302	S	394	119	513	0.00004
Microbacterium sp. UBA1097	1946941	S	47886	36698	84584	0.00613
Microbacterium sp. 67-17	1895782	S	30	17	47	0.00000
Microbacterium sp.	51671	S	27	8	35	0.00000
Microbacterium sp. T32	1776083	S	20	11	31	0.00000
Microbacterium luteum	2782167	S	391	423	814	0.00006
Microbacterium schleiferi	69362	S	53	19	72	0.00001
Microbacterium ginsengisoli	400772	S	41	15	56	0.00000
Microbacterium testaceum	2033	S	29	6	35	0.00000
Microbacteriaceae bacterium UBA1487	1952239	S	7445	3871	11316	0.00082
Chryseoglobus indicus	2750620	S	189	166	355	0.00003
Marinisubtilis pacificus	2591847	S	182	161	343	0.00002
Microcella flavibacter	1804990	S	31	11	42	0.00000
Leucobacter sp. Ag1	1642040	S	22	3	25	0.00000
Brevibacterium sp. W7.2	2823518	S	475	1062	1537	0.00011
Brevibacterium sp. XM4083	2583238	S	18	49	67	0.00000
Brevibacterium casei	33889	S	68	97	165	0.00001
Ornithinimicrobium sp. CNJ-824	1904966	S	136	43	179	0.00001
Serinicoccus chungangensis	767452	S	13	22	35	0.00000
Dermacoccus nishinomiyaensis	1274	S	51	18	69	0.00001
Micrococcales bacterium	2026762	S	31	6	37	0.00000
Actinomycetia bacterium	1883427	S	51489	11784	63273	0.00459
OCS155 cluster bacterium AG-426-D23	2162610	S	44	41	85	0.00001
OCS155 cluster bacterium AG-333-G23	2162605	S	30	10	40	0.00000
Mycolicibacterium poriferae	39694	S	2755	5441	8196	0.00059
Mycolicibacterium hippocampi	659824	S	243	137	380	0.00003
Mycolicibacterium flavescens	1776	S	40	73	113	0.00001
Mycolicibacterium vinylchloridicum	2736928	S	30	56	86	0.00001
Mycolicibacterium chlorophenolicum	37916	S	21	61	82	0.00001
Mycolicibacterium gilvum	1804	S	15	25	40	0.00000
Mycobacterium sp. PO1	1882219	S	264	525	789	0.00006
Mycobacterium sp. shizuoka-1	2039281	S	20	24	44	0.00000
Gordonia sp. (in: high G+C Gram-positive bacteria)	84139	S	1243	515	1758	0.00013
Lawsonella clevelandensis	1528099	S	32	10	42	0.00000
Rhodococcus sp. KRD162	2729725	S	12	16	28	0.00000
Nocardioides sp.	35761	S	3024	861	3885	0.00028
Nocardioides sp. REDSEA-S33_B3	1811554	S	158	104	262	0.00002
Nocardioides salarius	374513	S	32	14	46	0.00000
Nocardioides marinus	374514	S	13	6	19	0.00000
Pimelobacter sp.	51662	S	57	56	113	0.00001
Nocardioidaceae bacterium	1871072	S	14	2	16	0.00000
Cutibacterium acnes	1747	S	175	228	403	0.00003
uncultured Candidatus Actinomarina sp.	1985113	S	1659	1133	2792	0.00020
Pseudonocardia alni	33907	S	84	114	198	0.00001
Euzebya pacifica	1608957	S	64	20	84	0.00001
Dehalococcoidia bacterium UBA2158	1948480	S	124711	46462	171173	0.01241
Dehalococcoidia bacterium UBA1122	1948466	S	13074	709	13783	0.00100
Dehalococcoidia bacterium UBA7891	1948532	S	12904	5822	18726	0.00136
Dehalococcoidia bacterium UBA2162	1948482	S	11772	649	12421	0.00090
Dehalococcoidia bacterium UBA6495	1948511	S	9590	11335	20925	0.00152
Dehalococcoidia bacterium UBA7894	1948533	S	7432	4139	11571	0.00084
Dehalococcoidia bacterium	2026734	S	5737	643	6380	0.00046
Dehalococcoidia bacterium UBA2160	1948481	S	746	111	857	0.00006
Dehalococcoidia bacterium UBA1123	1948467	S	365	391	756	0.00005
Dehalococcoidia bacterium UBA1152	1948471	S	343	95	438	0.00003
Dehalococcoidia bacterium UBA1332	1948476	S	283	207	490	0.00004
Dehalococcoidia bacterium UBA1151	1948470	S	246	18	264	0.00002
Dehalococcoidia bacterium UBA1141	1948469	S	186	33	219	0.00002
Dehalococcoidia bacterium UBA1127	1948468	S	43	1	44	0.00000
Dehalococcoidia bacterium UBA1328	1948475	S	24	7	31	0.00000
Dehalococcoidales bacterium	2026733	S	27406	2223	29629	0.00215
uncultured Dehalococcoidales bacterium	2006128	S	115	18	133	0.00001
Chloroflexota bacterium	2026724	S	98637	11163	109800	0.00796
Chloroflexi bacterium UBA6622	1947840	S	283	696	979	0.00007
Anaerolineaceae bacterium	2024896	S	5897	463	6360	0.00046
Anaerolineales bacterium UBA1136	1950187	S	1132	132	1264	0.00009
Anaerolineales bacterium UBA832	1950226	S	140	94	234	0.00002
Anaerolineales bacterium UBA3001	1950202	S	100	321	421	0.00003
Anaerolineales bacterium UBA3499	1950205	S	41	111	152	0.00001
SAR202 cluster bacterium	2030829	S	5750	3204	8954	0.00065
SAR202 cluster bacterium AC-647-N09_OGT_505m	2587833	S	454	17	471	0.00003
SAR202 cluster bacterium AC-409-J13_OGT_754m	2587834	S	61	0	61	0.00000
SAR202 cluster bacterium AC-647-P02_OGT_505m	2587832	S	33	12	45	0.00000
SAR202 cluster bacterium AG-426-M11	2162586	S	29	14	43	0.00000
SAR202 cluster bacterium AD-804-J14_MRT_500m	2587836	S	22	0	22	0.00000
uncultured SAR202 cluster bacterium	648178	S	13	10	23	0.00000
Prochlorococcus marinus	1219	S	214	921	1135	0.00008
uncultured Prochlorococcus sp.	159733	S	212	2890	3102	0.00022
Cyanobium sp. ARS6	2024869	S	831	285	1116	0.00008
Synechococcus sp. MIT S9220	166309	S	148	572	720	0.00005
Synechococcus sp. BIOS-E4-1	1400864	S	39	52	91	0.00001
Synechococcus sp. AG-679-B05	2161966	S	31	227	258	0.00002
Synechococcus sp. UW179A	2575510	S	21	24	45	0.00000
Synechococcus sp. AG-679-D13	2161954	S	20	125	145	0.00001
Synechococcus sp. CPC35	2024880	S	19	17	36	0.00000
Candidatus Margulisbacteria bacterium	2053573	S	34	5	39	0.00000
Candidatus Saganbacteria bacterium	2575572	S	16	0	16	0.00000
Staphylococcus warneri	1292	S	32	42	74	0.00001
Staphylococcus epidermidis	1282	S	23	40	63	0.00000
Staphylococcus capitis	29388	S	22	9	31	0.00000
Staphylococcus hominis	1290	S	21	9	30	0.00000
Staphylococcus saprophyticus	29385	S	13	11	24	0.00000
Staphylococcus saccharolyticus	33028	S	12	2	14	0.00000
Salinicoccus roseus	45670	S	49	24	73	0.00001
Clostridia bacterium	2044939	S	17	3	20	0.00000
Mycoplasmatales bacterium	2023991	S	32	1	33	0.00000
Mycoplasmataceae bacterium	2685873	S	20	2	22	0.00000
Deltaproteobacteria bacterium	2026735	S	472992	36911	509903	0.03697
SAR324 cluster bacterium SAR324-CTD7B	1795556	S	50823	256094	306917	0.02226
uncultured SAR324 cluster bacterium	179114	S	34044	53293	87337	0.00633
SAR324 cluster bacterium REDSEA-S27_B3	1811637	S	1986	154	2140	0.00016
SAR324 cluster bacterium	2024889	S	1028	44	1072	0.00008
SAR324 cluster bacterium lautmerah10	1764262	S	334	90	424	0.00003
SAR324 cluster bacterium JCVI-SC AAA005	1073573	S	14	14	28	0.00000
Planctomycetaceae bacterium	2026779	S	85769	14629	100398	0.00728
Planctomycetaceae bacterium UBA2972	1952733	S	120	1	121	0.00001
Planctomycetaceae bacterium TMED10	1986833	S	14	1	15	0.00000
Gimesia panareensis	2527978	S	320	100	420	0.00003
Gimesia benthica	2608982	S	21	74	95	0.00001
Gimesia chilikensis	2605989	S	19	58	77	0.00001
Rubinisphaera brasiliensis	119	S	537	21	558	0.00004
Planctomyces sp.	37635	S	77	6	83	0.00001
Symmachiella dynata	2527995	S	27	15	42	0.00000
Fuerstiella sp.	1936112	S	42	0	42	0.00000
Planctomycetales bacterium ZRK34	2723666	S	41	1	42	0.00000
Blastopirellula marina	124	S	748	26	774	0.00006
Rhodopirellula sp.	2024855	S	203	46	249	0.00002
Mariniblastus sp.	2005381	S	44	2	46	0.00000
Pirellulales bacterium	2715253	S	35	3	38	0.00000
Phycisphaerales bacterium	2052180	S	44158	6097	50255	0.00364
Phycisphaerales bacterium UBA7812	1951207	S	373	58	431	0.00003
Phycisphaerales bacterium UBA1910	1951186	S	139	16	155	0.00001
Phycisphaeraceae bacterium	2026777	S	223	33	256	0.00002
Phycisphaera sp. TMED24	1986832	S	124	150	274	0.00002
Phycisphaerae bacterium	2026778	S	14688	6074	20762	0.00151
Candidatus Scalindua arabica	1127984	S	29342	13923	43265	0.00314
Candidatus Scalindua rubra	1872076	S	1147	231	1378	0.00010
Candidatus Scalindua sediminis	2798304	S	411	50	461	0.00003
Candidatus Scalindua sp.	2268189	S	116	77	193	0.00001
Candidatus Brocadiaceae bacterium S225	2528033	S	72	164	236	0.00002
Planctomycetes bacterium UBA7888	1948130	S	18391	269	18660	0.00135
Planctomycetota bacterium	2026780	S	15413	4714	20127	0.00146
Planctomycetes bacterium RIFCSPLOWO2_12_FULL_40_19	1801983	S	313	51	364	0.00003
Planctomycetes bacterium UBA1662	1948126	S	88	72	160	0.00001
Planctomycetes bacterium UBA1135	1948124	S	25	2	27	0.00000
Puniceicoccaceae bacterium	2026784	S	123848	8152	132000	0.00957
Opitutae bacterium	2026771	S	506	124	630	0.00005
Opitutae bacterium UBA7441	1948740	S	80	23	103	0.00001
Opitutae bacterium UBA7876	1948743	S	47	1	48	0.00000
Opitutae bacterium UBA3534	1948719	S	26	0	26	0.00000
uncultured Opitutales bacterium	592834	S	79	7	86	0.00001
Opitutales bacterium UBA5694	1951179	S	24	2	26	0.00000
Opitutales bacterium	2026772	S	23	5	28	0.00000
Opitutaceae bacterium	2006848	S	13	1	14	0.00000
Akkermansiaceae bacterium UBA7890	1951374	S	24866	13642	38508	0.00279
Akkermansiaceae bacterium UBA4145	1951361	S	34	60	94	0.00001
Akkermansiaceae bacterium UBA1506	1951351	S	29	7	36	0.00000
Akkermansiaceae bacterium	2562705	S	12	6	18	0.00000
Verrucomicrobiales bacterium	2026801	S	7112	2235	9347	0.00068
Roseibacillus sp.	2024856	S	381	102	483	0.00004
Verrucomicrobia subdivision 3 bacterium	2052186	S	82	11	93	0.00001
Pedosphaera sp.	2024890	S	46	12	58	0.00000
uncultured Verrucomicrobiales bacterium	100234	S	51	12	63	0.00000
Verrucomicrobiae bacterium	2499141	S	12	4	16	0.00000
Verrucomicrobiota bacterium	2026799	S	13216	4337	17553	0.00127
Verrucomicrobia bacterium UBA673	1948281	S	131	745	876	0.00006
Verrucomicrobia bacterium UBA6775	1948282	S	64	314	378	0.00003
uncultured Verrucomicrobiota bacterium	156588	S	177	59	236	0.00002
Chlamydiia bacterium	2052156	S	55	1	56	0.00000
Acidobacteriota bacterium	1978231	S	206138	15281	221419	0.01606
Acidobacteria bacterium UBA823	1953113	S	1314	814	2128	0.00015
Acidobacteria bacterium UBA2161	1953103	S	158	279	437	0.00003
Acidobacteria bacterium UBA2999	1953107	S	65	5	70	0.00001
Acidobacteria bacterium UBA2994	1953106	S	49	71	120	0.00001
Acidobacteria bacterium UBA2990	1953105	S	12	5	17	0.00000
Candidatus Poribacteria bacterium	2026781	S	43280	1235	44515	0.00323
Parcubacteria group bacterium	2026774	S	19599	1261	20860	0.00151
Candidatus Uhrbacteria bacterium	2053634	S	1863	94	1957	0.00014
Candidatus Magasanikbacteria bacterium	2026717	S	932	21	953	0.00007
Candidatus Kaiserbacteria bacterium	2030810	S	48	3	51	0.00000
Patescibacteria group bacterium UBA6532	1948854	S	5649	32	5681	0.00041
Patescibacteria group bacterium UBA2163	1948796	S	1213	20	1233	0.00009
Patescibacteria group bacterium	2052139	S	508	27	535	0.00004
Patescibacteria group bacterium UBA2135	1948793	S	381	1	382	0.00003
Candidatus Woesebacteria bacterium	2026804	S	84	1	85	0.00001
Candidatus Peribacter sp. UBA2144	1961372	S	1372	1447	2819	0.00020
Candidatus Peribacter sp. UBA6535	1961374	S	124	4	128	0.00001
Candidatus Saccharibacteria bacterium	2026720	S	813	35	848	0.00006
Candidatus Saccharibacteria bacterium UBA2112	1953324	S	258	1	259	0.00002
Candidatus Saccharibacteria bacterium UBA4215	1953341	S	191	8	199	0.00001
Candidatus Aminicenantes bacterium	2052149	S	1208	38	1246	0.00009
Candidatus Dadabacteria bacterium UBA1144	1953208	S	140	9	149	0.00001
candidate division NC10 bacterium SPGG6	1842517	S	28	1	29	0.00000
Candidatus Aerophobetes bacterium Ae_b3a	2012485	S	28	16	44	0.00000
Candidatus Binatota bacterium	2528255	S	15	10	25	0.00000
Halobacteriovoraceae bacterium	2026745	S	38708	1191	39899	0.00289
Halobacteriovorax sp.	2020862	S	195	29	224	0.00002
Halobacteriovorax sp. JY17	2014617	S	147	9	156	0.00001
Bacteriovoracaceae bacterium	2081706	S	107	29	136	0.00001
Bacteriovoracaceae bacterium UBA7317	1961497	S	25	0	25	0.00000
Micavibrio sp.	2024841	S	22037	3098	25135	0.00182
Micavibrio sp. TMED2	1986633	S	10018	6909	16927	0.00123
Micavibrio sp. TMED27	1986607	S	443	278	721	0.00005
Micavibrio sp. UBA1672	1946908	S	155	14	169	0.00001
Micavibrio sp. UBA2137	1946913	S	60	9	69	0.00001
Micavibrio sp. UBA1850	1946909	S	27	2	29	0.00000
Bdellovibrionaceae bacterium UBA6502	1961516	S	220	23	243	0.00002
Pseudobdellovibrionaceae bacterium	2026715	S	79	3	82	0.00001
Bdellovibrionaceae bacterium UBA3535	1961513	S	40	0	40	0.00000
Bdellovibrionaceae bacterium UBA6776	1961519	S	36	0	36	0.00000
Nitrospinota bacterium	2026769	S	31996	2138	34134	0.00248
Candidatus Nitromaritima sp. SCGC AAA288-L16	913337	S	6498	1421	7919	0.00057
Nitrospinaceae bacterium UBA7883	1953054	S	4828	135	4963	0.00036
Nitrospinaceae bacterium	2358456	S	608	106	714	0.00005
Nitrospina sp.	2024844	S	2038	434	2472	0.00018
uncultured Nitrospinaceae bacterium	407034	S	66	39	105	0.00001
Desulfobacteraceae bacterium UBA2156	1961529	S	30268	15491	45759	0.00332
Candidatus Desulfobacula maris	2841694	S	391	202	593	0.00004
Desulfobacterales bacterium	2044940	S	224	48	272	0.00002
Pseudodesulfovibrio profundus	57320	S	42	41	83	0.00001
Desulfofustis glycolicus	51195	S	18	16	34	0.00000
Nitrospiraceae bacterium	2026770	S	31223	691	31914	0.00231
Nitrospiraceae bacterium UBA2166	1952976	S	1404	645	2049	0.00015
Nitrospira sp.	70125	S	42	1	43	0.00000
Nitrospirales bacterium	2358460	S	1089	34	1123	0.00008
Sandaracinus sp.	2024858	S	13269	889	14158	0.00103
Myxococcales bacterium	2026763	S	156	5	161	0.00001
Myxococcales bacterium UBA1660	1961462	S	37	2	39	0.00000
Spirochaetales bacterium	2026792	S	8409	280	8689	0.00063
Spirochaetaceae bacterium	1898206	S	1426	48	1474	0.00011
Spirochaeta sp. UBA1101	1947540	S	121	2	123	0.00001
Leptospiraceae bacterium	2026757	S	15	0	15	0.00000
Spirochaetia bacterium	2053615	S	14	1	15	0.00000
Fusobacteriia bacterium UBA1095	1948575	S	1149	11	1160	0.00008
bacterium	1869227	S	859	708	1567	0.00011
bacterium MnTg04	2080454	S	12	1	13	0.00000
Sulfurimonas sp.	2022749	S	657	83	740	0.00005
Sulfurovum sp.	1969726	S	36	4	40	0.00000
uncultured bacterium	77133	S	125	183	308	0.00002
uncultured PS1 clade bacterium	1118065	S	59	76	135	0.00001
Marine Group I thaumarchaeote	2511932	S	53746	306947	360693	0.02615
Thaumarchaeota archaeon SCGC AAA007-O23	913333	S	15055	154843	169898	0.01232
uncultured marine group I thaumarchaeote	360837	S	634	1434	2068	0.00015
Marine Group I thaumarchaeote SCGC AAA799-O18	1502294	S	374	205	579	0.00004
Candidatus Nitrosopelagicus sp.	2026808	S	13638	69653	83291	0.00604
Thaumarchaeota archaeon UBA141	1915753	S	11408	10394	21802	0.00158
Nitrososphaerota archaeon	2026795	S	4932	6731	11663	0.00085
Candidatus Bathyarchaeota archaeon	2026714	S	34588	1947	36535	0.00265
Candidatus Methanosuratincola sp.	2495426	S	24	4	28	0.00000
Euryarchaeota archaeon UBA136	1915770	S	68490	55966	124456	0.00902
Euryarchaeota archaeon UBA488	1915775	S	1048	637	1685	0.00012
Marine Group III euryarchaeote CG-Bathy1	1889001	S	160	18	178	0.00001
Euryarchaeota archaeon UBA528	1915914	S	16269	6032	22301	0.00162
Candidatus Poseidoniales archaeon	2163009	S	1625	421	2046	0.00015
Euryarchaeota archaeon UBA623	1915969	S	370	53	423	0.00003
Euryarchaeota archaeon UBA19	1915829	S	129	49	178	0.00001
Euryarchaeota archaeon UBA13	1915805	S	96	23	119	0.00001
Euryarchaeota archaeon UBA250	1915859	S	49	33	82	0.00001
Euryarchaeota archaeon UBA86	1915978	S	46	15	61	0.00000
Euryarchaeota archaeon UBA128	1915803	S	44	5	49	0.00000
Euryarchaeota archaeon UBA121	1915796	S	36	4	40	0.00000
Euryarchaeota archaeon UBA28	1915871	S	35	4	39	0.00000
Euryarchaeota archaeon UBA439	1915887	S	29	39	68	0.00000
Euryarchaeota archaeon UBA438	1915886	S	27	5	32	0.00000
Euryarchaeota archaeon UBA23	1915854	S	26	5	31	0.00000
Euryarchaeota archaeon UBA52	1915913	S	24	6	30	0.00000
Euryarchaeota archaeon UBA220	1915845	S	22	2	24	0.00000
Euryarchaeota archaeon UBA487	1915899	S	21	3	24	0.00000
Marine group II euryarchaeote REDSEA-S11_B3N4	1811651	S	19	37	56	0.00000
Euryarchaeota archaeon UBA558	1915936	S	18	2	20	0.00000
Euryarchaeota archaeon UBA126	1915801	S	17	23	40	0.00000
Euryarchaeota archaeon UBA552	1915930	S	17	0	17	0.00000
Euryarchaeota archaeon UBA106	1915786	S	16	2	18	0.00000
Euryarchaeota archaeon UBA10	1915780	S	15	8	23	0.00000
Marine Group II euryarchaeote MED-G34	2007295	S	14	2	16	0.00000
Candidatus Thalassarchaeaceae archaeon	2670411	S	399	244	643	0.00005
Candidatus Thalassoarchaea betae	2599289	S	129	60	189	0.00001
uncultured Candidatus Poseidoniales archaeon	274854	S	189	88	277	0.00002
Candidatus Poseidoniaceae archaeon	2666346	S	92	45	137	0.00001
Euryarchaeota archaeon	2026739	S	95624	14378	110002	0.00798
Euryarchaeota archaeon UBA24	1915765	S	26	0	26	0.00000
Haloferax volcanii	2246	S	28	374	402	0.00003
Marine Group IV archaeon HikBin4	2675329	S	28	0	28	0.00000
Candidatus Pacearchaeota archaeon	2026773	S	41904	1927	43831	0.00318
Candidatus Woesearchaeota archaeon	2026803	S	2434	72	2506	0.00018
Candidatus Woesearchaeota archaeon UBA489	1916024	S	1402	15	1417	0.00010
Nanoarchaeota archaeon	2026764	S	713	30	743	0.00005
archaeon	1906665	S	15915	830	16745	0.00121
archaeon UBA543	1917432	S	20	0	20	0.00000
Candidatus Lokiarchaeota archaeon Loki_b32	2012491	S	14	0	14	0.00000
