name	taxonomy_id	taxonomy_lvl	kraken_assigned_reads	added_reads	new_est_reads	fraction_total_reads
Gammaproteobacteria bacterium	1913989	S	1665309	813664	2478973	0.06672
gamma proteobacterium SCGC AAA007-O20	913327	S	175502	229084	404586	0.01089
gamma proteobacterium SCGC AB-629-P17	1131274	S	88807	189504	278311	0.00749
Gammaproteobacteria bacterium REDSEA-S15_B12	1811666	S	67220	132874	200094	0.00539
Gammaproteobacteria bacterium UBA6940	1948640	S	5921	2192	8113	0.00022
Gammaproteobacteria bacterium UBA1119	1948582	S	3914	6676	10590	0.00029
Gammaproteobacteria bacterium UBA3532	1948611	S	2950	4392	7342	0.00020
Gammaproteobacteria bacterium UBA7310	1948647	S	1672	1433	3105	0.00008
Gammaproteobacteria bacterium UBA2955	1948602	S	387	83	470	0.00001
Gammaproteobacteria bacterium UBA3498	1948609	S	183	60	243	0.00001
Gammaproteobacteria bacterium UBA2675	1948596	S	135	1849	1984	0.00005
Gammaproteobacteria bacterium UBA1961	1948588	S	74	25	99	0.00000
Gammaproteobacteria bacterium UBA7803	1948658	S	62	132	194	0.00001
gamma proteobacterium HdN1	83406	S	15	14	29	0.00000
Alteromonas macleodii	28108	S	311355	712119	1023474	0.02755
Alteromonas australica	589873	S	222136	155395	377531	0.01016
Alteromonas mediterranea	314275	S	21030	43423	64453	0.00173
Alteromonas abrolhosensis	1892904	S	18739	26780	45519	0.00123
Alteromonas sp. IB21	2779369	S	8441	11594	20035	0.00054
Alteromonas sp. RKMC-009	2267264	S	1157	350	1507	0.00004
Alteromonas sp. KUL106	2480799	S	677	323	1000	0.00003
Alteromonas sp. KC3	2795688	S	436	155	591	0.00002
Alteromonas sp. BL110	1714845	S	384	671	1055	0.00003
Alteromonas sp. V450	1912139	S	265	220	485	0.00001
Alteromonas sp. ALT199	1298865	S	261	376	637	0.00002
Alteromonas sp. 38	2653129	S	154	185	339	0.00001
Alteromonas sp. KUL42	2480797	S	143	25	168	0.00000
Alteromonas sp. KUL49	2480798	S	87	8	95	0.00000
Alteromonas sp. C1M14	2841567	S	73	7	80	0.00000
Alteromonas sp. LOR	1537994	S	28	22	50	0.00000
Alteromonas sp. 5E99-2	2817683	S	16	1	17	0.00000
Alteromonas sp. MMG017	2822692	S	16	16	32	0.00000
Alteromonas marina	203795	S	12180	25083	37263	0.00100
Alteromonas alba	2079529	S	11448	132249	143697	0.00387
Alteromonas oceani	2071609	S	7199	48340	55539	0.00149
Alteromonas profundi	2696062	S	3444	2832	6276	0.00017
Alteromonas antoniana	2803813	S	2998	4916	7914	0.00021
Alteromonas portus	2565549	S	2222	2595	4817	0.00013
Alteromonas oceanisediminis	2836180	S	916	275	1191	0.00003
Alteromonas genovensis	471225	S	431	396	827	0.00002
Alteromonas gracilis	1479524	S	390	317	707	0.00002
Alteromonas naphthalenivorans	715451	S	348	844	1192	0.00003
Alteromonas pelagimontana	1858656	S	151	46	197	0.00001
Alteromonas hispanica	315421	S	86	16	102	0.00000
Alteromonas lipolytica	1856405	S	66	16	82	0.00000
Alteromonas halophila	516698	S	27	7	34	0.00000
Alteromonas stellipolaris	233316	S	22	28	50	0.00000
Alteromonas sediminis	2259342	S	18	0	18	0.00000
Alteromonas lipotrueiana	2803815	S	16	5	21	0.00000
Salinimonas sediminis	2303538	S	158	171	329	0.00001
Salinimonas iocasae	2572577	S	133	40	173	0.00000
Salinimonas chungwhensis	265425	S	113	19	132	0.00000
Salinimonas lutimaris	914153	S	58	25	83	0.00000
Salinimonas profundi	2729140	S	56	46	102	0.00000
Salinimonas marina	2785918	S	23	4	27	0.00000
Alteromonadaceae bacterium UBA2620	1951386	S	38411	217626	256037	0.00689
Alteromonadaceae bacterium	1916082	S	7462	6413	13875	0.00037
Alteromonadaceae bacterium 2052S.S.stab0a.01	1304900	S	15	2	17	0.00000
Marisediminitalea aggregata	634436	S	16082	3078	19160	0.00052
Glaciecola sp. UBA1851	1946570	S	364	47	411	0.00001
Glaciecola sp. HTCC2999	455436	S	44	9	53	0.00000
Glaciecola sp. XM2	1914931	S	18	0	18	0.00000
Neptunicella marina	2125989	S	258	76	334	0.00001
Aestuariibacter sp.	1872400	S	140	36	176	0.00000
Aestuariibacter sp. GS-14	2590670	S	30	8	38	0.00000
Aestuariibacter salexigens	226010	S	30	1	31	0.00000
Aliiglaciecola lipolytica	477689	S	137	111	248	0.00001
Ningiella ruwaisensis	2364274	S	57	42	99	0.00000
Paraglaciecola chathamensis	368405	S	36	7	43	0.00000
uncultured Paraglaciecola sp.	1765024	S	14	5	19	0.00000
Pseudoalteromonas gelatinilytica	1703256	S	29543	94061	123604	0.00333
Pseudoalteromonas lipolytica	570156	S	14862	31054	45916	0.00124
Pseudoalteromonas sp. MEBiC 03607	2563601	S	2888	6579	9467	0.00025
Pseudoalteromonas sp. 0303	2743618	S	1149	8529	9678	0.00026
Pseudoalteromonas sp. '520P1 No. 423'	1690037	S	714	182	896	0.00002
Pseudoalteromonas sp. T1lg23B	2077097	S	290	121	411	0.00001
Pseudoalteromonas sp.	53249	S	181	522	703	0.00002
Pseudoalteromonas sp. XI10	1766621	S	162	1098	1260	0.00003
Pseudoalteromonas sp. NBT06-2	2025950	S	159	10	169	0.00000
Pseudoalteromonas sp. GCY	2003316	S	29	117	146	0.00000
Pseudoalteromonas sp. H105	1348393	S	19	6	25	0.00000
Pseudoalteromonas sp. P1-9	1710354	S	13	15	28	0.00000
Pseudoalteromonas shioyasakiensis	1190813	S	1083	6465	7548	0.00020
Pseudoalteromonas arabiensis	874454	S	678	416	1094	0.00003
Pseudoalteromonas ruthenica	151081	S	142	40	182	0.00000
Pseudoalteromonas tetraodonis	43659	S	68	226	294	0.00001
Pseudoalteromonas piscicida	43662	S	65	154	219	0.00001
Pseudoalteromonas prydzensis	182141	S	46	46	92	0.00000
Pseudoalteromonas marina	267375	S	46	62	108	0.00000
Pseudoalteromonas atlantica	288	S	36	55	91	0.00000
Pseudoalteromonas phenolica	161398	S	21	4	25	0.00000
Pseudoalteromonas luteoviolacea	43657	S	18	1	19	0.00000
Pseudoalteromonas piratica	1348114	S	18	8	26	0.00000
Pseudoalteromonas elyakovii	81037	S	15	103	118	0.00000
Pseudoalteromonas undina	43660	S	13	40	53	0.00000
Algicola sp.	1872429	S	24	14	38	0.00000
Idiomarinaceae bacterium	1898113	S	14540	16921	31461	0.00085
Idiomarina baltica	190892	S	4129	6609	10738	0.00029
Idiomarina aquatica	1327752	S	2647	1811	4458	0.00012
Idiomarina zobellii	86103	S	934	2087	3021	0.00008
Idiomarina fontislapidosi	263723	S	525	236	761	0.00002
Idiomarina piscisalsi	1096243	S	234	338	572	0.00002
Idiomarina sp. MD25a	1889913	S	204	248	452	0.00001
Idiomarina sp. X4	2055892	S	26	53	79	0.00000
Idiomarina loihiensis	135577	S	229	179	408	0.00001
Idiomarina abyssalis	86102	S	59	58	117	0.00000
Pseudidiomarina aquimaris	641841	S	148	200	348	0.00001
Aliidiomarina taiwanensis	946228	S	15	8	23	0.00000
Litorilituus sediminis	718192	S	304	78	382	0.00001
Thalassotalea marina	1673741	S	61	59	120	0.00000
Thalassotalea profundi	2036687	S	36	29	65	0.00000
Thalassotalea piscium	1230533	S	17	14	31	0.00000
Shewanella sp. 10N.286.51.B7	1880836	S	73	114	187	0.00001
Shewanella sp. UCD-KL12	1917163	S	59	25	84	0.00000
Shewanella sp. NIFS-20-20	2853806	S	13	15	28	0.00000
Shewanella algidipiscicola	614070	S	21	22	43	0.00000
Shewanella inventionis	1738770	S	18	55	73	0.00000
Moritella sp. F3	2718882	S	16	60	76	0.00000
Motilimonas pumila	2303987	S	15	13	28	0.00000
Acidiferrobacteraceae bacterium	2024893	S	621303	882279	1503582	0.04047
uncultured SAR86 cluster bacterium	648174	S	73616	27690	101306	0.00273
SAR86 cluster bacterium REDSEA-S09_B4	1811643	S	62589	5670	68259	0.00184
SAR86 cluster bacterium SAR86A	1123866	S	96	87	183	0.00000
SAR86 cluster bacterium SAR86B	1123867	S	27	22	49	0.00000
Candidatus Thioglobus sp. MED-G25	1986229	S	30247	28775	59022	0.00159
Candidatus Thioglobus sp.	2026721	S	223	340	563	0.00002
Candidatus Thioglobus sp. NP1	2508687	S	189	44	233	0.00001
Candidatus Thioglobus sp. REDSEA-S12_B1	1811594	S	157	121	278	0.00001
uncultured Candidatus Thioglobus sp.	655186	S	3704	7298	11002	0.00030
Candidatus Thioglobus perditus	2058498	S	1677	346	2023	0.00005
Candidatus Thioglobus autotrophicus	1705394	S	492	143	635	0.00002
K189A clade bacterium	2315472	S	283	268	551	0.00001
OM182 bacterium MED-G28	1986256	S	143	40	183	0.00000
uncultured OM182 clade bacterium	1128416	S	23	7	30	0.00000
Candidatus Pseudothioglobus aerophilus	2841689	S	97	82	179	0.00000
Candidatus Pseudothioglobus singularis	1427364	S	43	24	67	0.00000
Pseudohongiella nitratireducens	1768907	S	64	102	166	0.00000
Halomonas taeanensis	284577	S	10678	4912	15590	0.00042
Halomonas aquamarina	77097	S	8428	41435	49863	0.00134
Halomonas meridiana	29570	S	4635	7510	12145	0.00033
Halomonas salina	42565	S	2556	5001	7557	0.00020
Halomonas piezotolerans	2609667	S	2210	3051	5261	0.00014
Halomonas litopenaei	2109328	S	2038	2527	4565	0.00012
Halomonas sp. UBA3074	1946584	S	591	880	1471	0.00004
Halomonas sp.	1486246	S	454	349	803	0.00002
Halomonas sp. A40-4	2785909	S	173	222	395	0.00001
Halomonas sp. 54_146	1635257	S	45	69	114	0.00000
Halomonas sp. KAO	2783858	S	34	48	82	0.00000
Halomonas lionensis	1144478	S	1272	4534	5806	0.00016
Halomonas zincidurans	1178777	S	864	602	1466	0.00004
Halomonas salicampi	1449798	S	315	113	428	0.00001
Halomonas sedimenti	2729618	S	155	271	426	0.00001
Halomonas hamiltonii	502829	S	105	324	429	0.00001
Halomonas shengliensis	419597	S	63	90	153	0.00000
Halomonas stevensii	502821	S	53	242	295	0.00001
Halomonas lutescens	1602943	S	49	20	69	0.00000
Halomonas sulfidaeris	115553	S	39	15	54	0.00000
Halomonas maris	2729617	S	35	110	145	0.00000
Halomonas ventosae	229007	S	34	48	82	0.00000
Halomonas alkaliantarctica	232346	S	32	45	77	0.00000
Halomonas cupida	44933	S	28	4	32	0.00000
Halomonas glaciei	186761	S	17	56	73	0.00000
Halomonas niordiana	2508711	S	16	23	39	0.00000
Halomonas alimentaria	147248	S	16	25	41	0.00000
Halomonas subterranea	416874	S	15	12	27	0.00000
Halomonas titanicae	664683	S	12	31	43	0.00000
Salinicola salarius	430457	S	4321	3697	8018	0.00022
Salinicola sp.	1978524	S	413	766	1179	0.00003
Salinicola peritrichatus	1267424	S	68	45	113	0.00000
Salinicola corii	2606937	S	13	17	30	0.00000
Cobetia amphilecti	1055104	S	4176	3349	7525	0.00020
Cobetia crustatorum	553385	S	128	96	224	0.00001
Cobetia marina	28258	S	64	49	113	0.00000
Chromohalobacter israelensis	141390	S	1476	2039	3515	0.00009
Thalassolituus sp. UBA1087	1947651	S	27482	5307	32789	0.00088
Thalassolituus sp. UBA2107	1947659	S	865	1632	2497	0.00007
Thalassolituus sp. UBA674	1947666	S	276	171	447	0.00001
Thalassolituus sp. C2-1	2597518	S	13	5	18	0.00000
Oceanospirillaceae bacterium	1899355	S	11665	4795	16460	0.00044
Neptuniibacter sp. UBA6509	1946976	S	5150	1920	7070	0.00019
Neptuniibacter marinus	1806670	S	87	55	142	0.00000
Marinobacterium litorale	404770	S	233	117	350	0.00001
Marinobacterium iners	48076	S	33	5	38	0.00000
Oleibacter marinus	484498	S	119	163	282	0.00001
Marinomonas profundimaris	1208321	S	23	55	78	0.00000
Marinomonas piezotolerans	2213058	S	18	2	20	0.00000
Marinomonas fungiae	1137284	S	15	20	35	0.00000
Maribrevibacterium harenarium	2589817	S	29	44	73	0.00000
Alloalcanivorax venustensis	172371	S	2304	9316	11620	0.00031
Alloalcanivorax profundimaris	2735259	S	740	1162	1902	0.00005
Alloalcanivorax gelatiniphagus	1194167	S	89	91	180	0.00000
Alloalcanivorax marinus	1177169	S	43	37	80	0.00000
Alloalcanivorax mobilis	2019569	S	28	9	37	0.00000
Alcanivorax sp.	1872427	S	982	1023	2005	0.00005
Alcanivorax sp. DSM 26293	1798238	S	592	1062	1654	0.00004
Alcanivorax sp. UBA4485	1945988	S	155	224	379	0.00001
Alcanivorax sp. DG881	236097	S	35	44	79	0.00000
Alcanivorax sp. DP30	2606217	S	12	4	16	0.00000
Alcanivorax jadensis	64988	S	1024	894	1918	0.00005
Alcanivorax hongdengensis	519051	S	24	20	44	0.00000
Alcanivorax nanhaiticus	1177154	S	12	21	33	0.00000
Alcanivoracaceae bacterium	2024895	S	141	218	359	0.00001
Ketobacter sp.	2083498	S	112	49	161	0.00000
Endozoicomonas sp. G2_2	2821092	S	381	847	1228	0.00003
Oleiphilus sp.	2025907	S	151	22	173	0.00000
Hahellaceae bacterium	2048971	S	32	5	37	0.00000
Salinibius halmophilus	1853216	S	18	1	19	0.00000
Pokkaliibacter plantistimulans	1635171	S	12	1	13	0.00000
Halopseudomonas pachastrellae	254161	S	14306	28460	42766	0.00115
Halopseudomonas aestusnigri	857252	S	7020	9937	16957	0.00046
Halopseudomonas sabulinigri	472181	S	1880	594	2474	0.00007
Halopseudomonas gallaeciensis	857227	S	959	1346	2305	0.00006
Halopseudomonas oceani	1708783	S	883	1273	2156	0.00006
Halopseudomonas yangmingensis	1720063	S	20	17	37	0.00000
Halopseudomonas formosensis	1002526	S	18	22	40	0.00000
Halopseudomonas pelagia	553151	S	17	22	39	0.00000
Pseudomonas khazarica	2502979	S	1055	1300	2355	0.00006
Pseudomonas sp. SSM44	2487347	S	379	563	942	0.00003
Pseudomonas sp.	306	S	89	547	636	0.00002
Pseudomonas tohonis	2725477	S	89	171	260	0.00001
Pseudomonas chengduensis	489632	S	70	1055	1125	0.00003
Pseudomonas mendocina	300	S	20	65	85	0.00000
Pseudomonas aeruginosa	287	S	18	27	45	0.00000
Pseudomonas saliphila	2586906	S	56	37	93	0.00000
Pseudomonas profundi	1981513	S	33	31	64	0.00000
Pseudomonas benzenivorans	556533	S	31	52	83	0.00000
Pseudomonas bharatica	2692112	S	31	103	134	0.00000
Pseudomonas indica	137658	S	21	29	50	0.00000
Pseudomonas borbori	289003	S	13	15	28	0.00000
Pseudomonadaceae bacterium UBA836	1952795	S	553	797	1350	0.00004
Stutzerimonas stutzeri	316	S	237	600	837	0.00002
Marinobacter nauticus	2743	S	10244	9525	19769	0.00053
Marinobacter sp.	50741	S	1092	1226	2318	0.00006
Marinobacter sp. B9-2	2137198	S	349	1702	2051	0.00006
Marinobacter sp. LQ44	1749259	S	126	460	586	0.00002
Marinobacter sp. Arc7-DN-1	2304594	S	61	119	180	0.00000
Marinobacter sp. JH2	2547598	S	46	49	95	0.00000
Marinobacter sp. EhC06	1849169	S	36	91	127	0.00000
Marinobacter sp. es.042	1761794	S	34	122	156	0.00000
Marinobacter sp. NP-4(2019)	2488665	S	17	6	23	0.00000
Marinobacter sp. BW6	2592624	S	15	16	31	0.00000
Marinobacter salsuginis	418719	S	1558	2672	4230	0.00011
Marinobacter oulmenensis	643747	S	936	216	1152	0.00003
Marinobacter vinifirmus	355591	S	737	1839	2576	0.00007
Marinobacter fuscus	2109942	S	548	1227	1775	0.00005
Marinobacter manganoxydans	1150997	S	480	9620	10100	0.00027
Marinobacter flavimaris	262076	S	326	6534	6860	0.00018
Marinobacter segnicrescens	430453	S	242	205	447	0.00001
Marinobacter persicus	930118	S	215	372	587	0.00002
Marinobacter adhaerens	1033846	S	166	1641	1807	0.00005
Marinobacter lipolyticus	209639	S	150	157	307	0.00001
Marinobacter salarius	1420917	S	117	311	428	0.00001
Marinobacter litoralis	187981	S	88	27	115	0.00000
Marinobacter denitrificans	2597703	S	65	106	171	0.00000
Marinobacter shengliensis	1389223	S	47	90	137	0.00000
Marinobacter algicola	236100	S	33	50	83	0.00000
Marinobacter profundi	2666256	S	32	30	62	0.00000
Marinobacter aromaticivorans	1494078	S	21	9	30	0.00000
Marinobacter maroccanus	2055143	S	20	33	53	0.00000
Marinobacter lutaoensis	135739	S	17	11	28	0.00000
Marinobacter excellens	218670	S	13	21	34	0.00000
Pseudomonadales bacterium	1891229	S	539	300	839	0.00002
Gammaproteobacteria bacterium UBA2168	1948591	S	67	5	72	0.00000
uncultured Gammaproteobacteria bacterium	86473	S	72622	29331	101953	0.00274
Woeseiaceae bacterium	2026806	S	32806	26326	59132	0.00159
uncultured Woeseiaceae bacterium	1983305	S	193	22	215	0.00001
Woeseia sp.	1980636	S	13	1	14	0.00000
Rheinheimera aquimaris	412437	S	2212	1606	3818	0.00010
Arsukibacterium sp. UBA5043	1946062	S	283	93	376	0.00001
Chromatiales bacterium	2026725	S	192	32	224	0.00001
Oceanococcus atlanticus	1317117	S	141	11	152	0.00000
Salinisphaera sp. UBA6602	1947455	S	7134	8417	15551	0.00042
Salinisphaera sp.	1914330	S	535	424	959	0.00003
Salinisphaera sp. UBA1666	1947454	S	492	357	849	0.00002
Salinisphaera shabanensis	180542	S	8835	6470	15305	0.00041
Salinisphaera japonica	1304270	S	2421	3899	6320	0.00017
Salinisphaera orenii	856731	S	162	531	693	0.00002
Salinisphaera hydrothermalis	563188	S	125	41	166	0.00000
Salinisphaera halophila	1304158	S	90	333	423	0.00001
Abyssibacter profundi	2182787	S	22	7	29	0.00000
Salinisphaeraceae bacterium	2026789	S	18	1	19	0.00000
Psychrobacter submarinus	154108	S	9229	8019	17248	0.00046
Psychrobacter celer	306572	S	281	221	502	0.00001
Psychrobacter sp. Cmf 22.2	1926478	S	53	22	75	0.00000
Psychrobacter sp. UBA3483	1947351	S	41	34	75	0.00000
Psychrobacter sp. Pi2-1	2774131	S	20	44	64	0.00000
Psychrobacter sp. bablab_jr014	2755139	S	19	7	26	0.00000
Psychrobacter sp. UBA3480	1947350	S	17	28	45	0.00000
Psychrobacter sp.	56811	S	15	0	15	0.00000
Psychrobacter sp. Choline-02u-9	2058310	S	12	56	68	0.00000
Psychrobacter pacificensis	112002	S	100	240	340	0.00001
Psychrobacter piscatorii	554343	S	81	114	195	0.00001
Psychrobacter immobilis	498	S	16	46	62	0.00000
Psychrobacter coccoides	2818440	S	15	4	19	0.00000
Acinetobacter baylyi	202950	S	1359	499	1858	0.00005
Acinetobacter nosocomialis	106654	S	28	50	78	0.00000
Acinetobacter baumannii	470	S	16	22	38	0.00000
Acinetobacter ursingii	108980	S	69	93	162	0.00000
Acinetobacter venetianus	52133	S	12	6	18	0.00000
Moraxellaceae bacterium REDSEA-S32_B1	1811612	S	48	10	58	0.00000
Thiotrichales bacterium	2026796	S	8334	1990	10324	0.00028
Methylophaga sp.	2024840	S	1208	424	1632	0.00004
Methylophaga sp. UBA2689	1946878	S	16	31	47	0.00000
Methylophaga aminisulfidivorans	230105	S	21	26	47	0.00000
Piscirickettsiaceae bacterium	2030828	S	43	10	53	0.00000
uncultured Francisellaceae bacterium	393692	S	397	6	403	0.00001
Thiotrichaceae bacterium	2030882	S	59	10	69	0.00000
uncultured Thiothrix sp.	223185	S	58	10	68	0.00000
Spongiibacter marinus	354246	S	1392	1255	2647	0.00007
Spongiibacter tropicus	454602	S	1046	847	1893	0.00005
Spongiibacter nanhainus	2794344	S	35	11	46	0.00000
Spongiibacter sp. IMCC21906	1620392	S	15	10	25	0.00000
Sinobacterium caligoides	933926	S	139	3	142	0.00000
Spongiibacteraceae bacterium	2026793	S	20	3	23	0.00000
Zhongshania aliphaticivorans	1470434	S	22	4	26	0.00000
Halieaceae bacterium	2026743	S	599	146	745	0.00002
Halioglobus pacificus	930806	S	340	57	397	0.00001
Halioglobus sp.	2024834	S	68	43	111	0.00000
Halioglobus japonicus	930805	S	37	2	39	0.00000
Haliea sp.	1932666	S	20	6	26	0.00000
Sediminihaliea albiluteola	2758564	S	13	2	15	0.00000
Porticoccaceae bacterium UBA1117	1952748	S	565	63	628	0.00002
Porticoccaceae bacterium	2026782	S	162	75	237	0.00001
gamma proteobacterium HTCC2207	314287	S	57	11	68	0.00000
uncultured SAR92 cluster bacterium	1118066	S	55	11	66	0.00000
SAR92 clade bacterium	2315479	S	45	20	65	0.00000
Porticoccus sp.	2024853	S	21	19	40	0.00000
Cellvibrio mixtus	39650	S	387	10	397	0.00001
Gilvimarinus agarilyticus	679259	S	79	9	88	0.00000
Marinimicrobium koreense	306545	S	52	4	56	0.00000
Legionella sp.	459	S	3943	315	4258	0.00011
Legionella sp. km772	2498111	S	13	2	15	0.00000
Legionella impletisoli	343510	S	79	37	116	0.00000
Legionella fairfieldensis	45064	S	16	5	21	0.00000
Legionella drancourtii	168933	S	12	4	16	0.00000
Legionellales bacterium	2026754	S	957	255	1212	0.00003
Coxiellaceae bacterium	2026727	S	12	1	13	0.00000
Xanthomonadales bacterium	2006849	S	4532	1003	5535	0.00015
Luteimonas terricola	645597	S	64	46	110	0.00000
Vibrio sp. AND4	314289	S	278	141	419	0.00001
Vibrio alginolyticus	663	S	174	359	533	0.00001
Vibrio campbellii	680	S	70	149	219	0.00001
Vibrio diabolicus	50719	S	69	146	215	0.00001
Vibrio mytili	50718	S	49	101	150	0.00000
Vibrio sagamiensis	512650	S	33	28	61	0.00000
Vibrio azureus	512649	S	23	28	51	0.00000
Vibrio caribbeanicus	701175	S	164	22	186	0.00001
Vibrio hibernica	2587465	S	45	74	119	0.00000
Vibrio sp. HI00D65	1822216	S	38	308	346	0.00001
Vibrio tapetis	52443	S	28	9	37	0.00000
Vibrio penaeicida	104609	S	17	7	24	0.00000
Vibrio sinensis	2302434	S	17	25	42	0.00000
Photobacterium angustum	661	S	86	309	395	0.00001
Photobacterium sp. SKA34	121723	S	53	150	203	0.00001
Photobacterium sp. GB-56	2022106	S	13	35	48	0.00000
Paraphotobacterium marinum	1755811	S	102	42	144	0.00000
Enterovibrio pacificus	1080227	S	29	4	33	0.00000
Methylococcales bacterium OPU3_GD_OMZ	1920888	S	2050	450	2500	0.00007
Methylococcaceae bacterium UBA1147	1952219	S	206	52	258	0.00001
Escherichia coli	562	S	15	408	423	0.00001
Providencia huaxiensis	2027290	S	211	277	488	0.00001
[Pantoea] beijingensis	1324864	S	15	16	31	0.00000
Polycyclovorans sp.	2024852	S	269	443	712	0.00002
Mannheimia sp. USDA-ARS-USMARC-1261	1432056	S	189	119	308	0.00001
Oceanisphaera marina	2017550	S	32	12	44	0.00000
Arenicella sp.	1872634	S	35	8	43	0.00000
Pelagibacteraceae bacterium	2026775	S	1364327	870152	2234479	0.06014
alpha proteobacterium SCGC AAA288-G21	939324	S	10018	21380	31398	0.00085
Pelagibacteraceae bacterium AG-464-P07	2162008	S	6382	7331	13713	0.00037
alpha proteobacterium SCGC AAA288-N07	939346	S	2433	4271	6704	0.00018
alpha proteobacterium SCGC AAA240-E13	939306	S	2137	5561	7698	0.00021
alpha proteobacterium SCGC AAA288-E13	939316	S	1468	5697	7165	0.00019
Pelagibacteraceae bacterium AG-464-B04	2162007	S	1213	536	1749	0.00005
Pelagibacteraceae bacterium AG-414-M23	2162016	S	188	209	397	0.00001
Pelagibacteraceae bacterium AG-439-F23	2162002	S	106	124	230	0.00001
Pelagibacteraceae bacterium AG-414-E02	2162014	S	67	57	124	0.00000
Pelagibacteraceae bacterium AG-319-F18	2162057	S	60	455	515	0.00001
alpha proteobacterium HIMB59	744985	S	32	5	37	0.00000
Pelagibacteraceae bacterium AG-422-I02	2161991	S	28	91	119	0.00000
Pelagibacteraceae bacterium AG-325-E13	2162024	S	22	26	48	0.00000
Pelagibacteraceae bacterium AG-325-C03	2162021	S	20	30	50	0.00000
Pelagibacteraceae bacterium AG-422-C23	2161989	S	18	39	57	0.00000
Pelagibacteraceae bacterium AG-404-N13	2161987	S	17	21	38	0.00000
Pelagibacteraceae bacterium TMED259	1986821	S	13	6	19	0.00000
Pelagibacteraceae bacterium AG-313-A04	2162056	S	13	36	49	0.00000
Pelagibacteraceae bacterium AG-325-F15	2162027	S	12	53	65	0.00000
uncultured Pelagibacteraceae bacterium	1667051	S	350857	848985	1199842	0.03230
Candidatus Pelagibacter sp.	2024849	S	104040	171885	275925	0.00743
Candidatus Pelagibacter sp. TMED128	1986799	S	50	40	90	0.00000
uncultured Candidatus Pelagibacter sp.	372654	S	525	313	838	0.00002
Candidatus Pelagibacter ubique	198252	S	200	1623	1823	0.00005
Pelagibacterales bacterium	2026776	S	11905	20321	32226	0.00087
Pelagibacterales bacterium SAG-MED29	2760031	S	36	141	177	0.00000
Pelagibacterales bacterium MED-G40	1986248	S	15	26	41	0.00000
Erythrobacter sp. A30-3	2785907	S	86238	84034	170272	0.00458
Erythrobacter sp.	1042	S	63564	29266	92830	0.00250
Erythrobacter sp. HI0063	1822240	S	6409	5123	11532	0.00031
Erythrobacter sp. 3-20A1M	2653850	S	835	505	1340	0.00004
Erythrobacter sp. UBA2510	1946470	S	286	362	648	0.00002
Erythrobacter sp. SD-21	161528	S	63	22	85	0.00000
Erythrobacter sp. UBA1916	1946469	S	41	40	81	0.00000
Erythrobacter sp. YJ-T3-07	2793063	S	23	11	34	0.00000
Erythrobacter sp. AP23	499656	S	19	11	30	0.00000
Erythrobacter longus	1044	S	614	65	679	0.00002
Erythrobacter aureus	2182384	S	597	163	760	0.00002
Erythrobacter litoralis	39960	S	288	231	519	0.00001
Porphyrobacter sp. CACIAM 03H1	2003315	S	66	18	84	0.00000
Qipengyuania citrea	225971	S	43380	37345	80725	0.00217
Qipengyuania flava	192812	S	5143	1423	6566	0.00018
Qipengyuania pelagi	994320	S	2866	2240	5106	0.00014
Qipengyuania vulgaris	291985	S	1116	538	1654	0.00004
Qipengyuania nanhaisediminis	604088	S	183	170	353	0.00001
Qipengyuania sp. YIM B01966	2778646	S	34	13	47	0.00000
Croceicoccus sp.	1927144	S	7990	15431	23421	0.00063
Croceicoccus sp. YJ47	2798724	S	42	18	60	0.00000
Croceicoccus marinus	450378	S	51	24	75	0.00000
Croceicoccus mobilis	1703339	S	33	24	57	0.00000
Croceicoccus sediminis	2571150	S	32	6	38	0.00000
Croceicoccus gelatinilyticus	2835536	S	20	12	32	0.00000
Aurantiacibacter zhengii	2307003	S	425	296	721	0.00002
Aurantiacibacter atlanticus	1648404	S	364	60	424	0.00001
Aurantiacibacter xanthus	1784712	S	24	29	53	0.00000
Aurantiacibacter spongiae	2488860	S	22	5	27	0.00000
Actirhodobacter atriluteus	2744473	S	316	124	440	0.00001
Altericroceibacterium spongiae	2320269	S	252	100	352	0.00001
Erythrobacteraceae bacterium	2026738	S	119	8	127	0.00000
Croceibacterium atlanticum	1267766	S	85	45	130	0.00000
Croceibacterium mercuriale	1572751	S	18	1	19	0.00000
Croceibacterium salegens	1737568	S	12	1	13	0.00000
Tsuneonella suprasediminis	2306996	S	73	66	139	0.00000
Pelagerythrobacter aerophilus	2306995	S	37	18	55	0.00000
Pelagerythrobacter marinus	538382	S	34	21	55	0.00000
Parapontixanthobacter aurantiacus	1463599	S	62	41	103	0.00000
Altererythrobacter sp. B11	2060312	S	24	14	38	0.00000
Pseudopontixanthobacter vadosimaris	2726450	S	36	19	55	0.00000
Alteriqipengyuania lutimaris	1538146	S	20	3	23	0.00000
Novosphingopyxis iocasae	2762729	S	48430	23056	71486	0.00192
Novosphingopyxis baekryungensis	279369	S	3205	494	3699	0.00010
Citromicrobium sp.	2024827	S	6280	2927	9207	0.00025
Citromicrobium sp. UBA3494	1946345	S	1426	1985	3411	0.00009
Citromicrobium sp. JLT1363	517722	S	884	1337	2221	0.00006
Citromicrobium bathyomarinum	72174	S	555	432	987	0.00003
Sphingomonas sp. SKA58	314266	S	8613	13898	22511	0.00061
Sphingomonas sp. EC-HK361	2038397	S	37	49	86	0.00000
Sphingomonas sp. 1F27F7B	2502186	S	32	63	95	0.00000
Sphingomonas sp.	28214	S	21	6	27	0.00000
Sphingomonas sp. FARSPH	2219696	S	15	6	21	0.00000
Sphingomonas sp. CCH9-E2	1768776	S	13	17	30	0.00000
Sphingomonas sp. ATCC 31555	194867	S	12	7	19	0.00000
Sphingomonas abaci	237611	S	150	242	392	0.00001
Sphingomonas ursincola	56361	S	29	32	61	0.00000
Sphingomonas yabuuchiae	172044	S	22	37	59	0.00000
Sphingomonas corticis	2722791	S	21	18	39	0.00000
Sphingomonas echinoides	59803	S	14	23	37	0.00000
Novosphingobium indicum	462949	S	2531	2084	4615	0.00012
Novosphingobium marinum	1514948	S	211	146	357	0.00001
Novosphingobium sp. ST904	1684385	S	39	22	61	0.00000
Novosphingobium sp. PC22D	1962403	S	31	28	59	0.00000
Novosphingobium sp. SCN 66-18	1660121	S	12	25	37	0.00000
Novosphingobium pentaromativorans	205844	S	102	77	179	0.00000
Novosphingobium silvae	2692619	S	78	144	222	0.00001
Novosphingobium panipatense	428991	S	68	90	158	0.00000
Novosphingobium malaysiense	1348853	S	56	12	68	0.00000
Novosphingobium aquimarinum	2682494	S	35	44	79	0.00000
Novosphingobium naphthalenivorans	273168	S	16	20	36	0.00000
Novosphingobium barchaimii	1420591	S	14	18	32	0.00000
Sphingobium sp. CCH11-B1	1768781	S	550	1326	1876	0.00005
Sphingobium sp. TCM1	453246	S	451	557	1008	0.00003
Sphingobium sp.	1912891	S	58	27	85	0.00000
Sphingobium sp. C100	1207055	S	35	62	97	0.00000
Sphingobium sp. AP50	1884369	S	15	4	19	0.00000
Sphingobium xenophagum	121428	S	1079	1660	2739	0.00007
Sphingobium lactosutens	522773	S	222	805	1027	0.00003
Sphingobium abikonense	86193	S	134	343	477	0.00001
Sphingobium indicum	332055	S	109	158	267	0.00001
Sphingobium yanoikuyae	13690	S	51	121	172	0.00000
Sphingobium subterraneum	627688	S	45	32	77	0.00000
Sphingobium phenoxybenzoativorans	1592790	S	19	34	53	0.00000
Sphingobium algorifonticola	2008318	S	18	11	29	0.00000
Stakelama pacifica	517720	S	2061	1471	3532	0.00010
Sphingomonadaceae bacterium MED-G03	1986231	S	1546	729	2275	0.00006
Sphingomonadaceae bacterium LXI357	2826939	S	45	16	61	0.00000
Sphingomonadaceae bacterium	1930536	S	32	9	41	0.00000
Sphingopyxis sp.	1908224	S	505	292	797	0.00002
Sphingopyxis sp. PAMC25046	2565556	S	14	13	27	0.00000
Sphingopyxis macrogoltabida	33050	S	98	93	191	0.00001
Sphingosinithalassobacter portus	2676234	S	349	116	465	0.00001
Sphingorhabdus sp. 109	2653173	S	200	135	335	0.00001
Rhizorhabdus histidinilytica	439228	S	135	104	239	0.00001
Rhizorhabdus sp.	1968843	S	82	123	205	0.00001
uncultured Parasphingopyxis sp.	1547918	S	207	250	457	0.00001
Blastomonas marina	1867408	S	17	16	33	0.00000
Pacificimonas flava	1234595	S	2572	1163	3735	0.00010
Sphingomonadales bacterium	1978525	S	633	220	853	0.00002
Paracoccus sp. UBA889	1947056	S	93687	38356	132043	0.00355
Paracoccus sp. R12_2	2821098	S	207	146	353	0.00001
Paracoccus sp. XHP0099	2841926	S	102	109	211	0.00001
Paracoccus sp. M683	2594268	S	70	88	158	0.00000
Paracoccus homiensis	364199	S	34	19	53	0.00000
Paracoccus alcaliphilus	34002	S	24	21	45	0.00000
Paracoccus lichenicola	2665644	S	23	15	38	0.00000
Paracoccus aurantiacus	2599412	S	23	22	45	0.00000
Paracoccaceae bacterium	1904441	S	26616	6416	33032	0.00089
Pacificitalea manganoxidans	1411902	S	9274	2823	12097	0.00033
Marinibacterium profundimaris	1679460	S	3858	5681	9539	0.00026
Albimonas donghaensis	356660	S	721	172	893	0.00002
Albimonas pacifica	1114924	S	567	189	756	0.00002
Allosediminivita pacifica	1267769	S	833	858	1691	0.00005
Limimaricola cinnabarinus	1125964	S	516	282	798	0.00002
Limimaricola variabilis	1492771	S	27	12	39	0.00000
Pseudooceanicola atlanticus	1461694	S	253	449	702	0.00002
Pseudooceanicola nanhaiensis	375761	S	87	114	201	0.00001
Pseudooceanicola marinus	396013	S	36	14	50	0.00000
Pseudooceanicola lipolyticus	2029104	S	35	58	93	0.00000
Pseudooceanicola sp.	1914328	S	16	5	21	0.00000
Tritonibacter mobilis	379347	S	375	245	620	0.00002
Arenibacterium halophilum	2583821	S	131	35	166	0.00000
Vannielia litorea	1217970	S	82	44	126	0.00000
Cognatiyoonia sediminum	1508389	S	80	5	85	0.00000
Pseudohalocynthiibacter aestuariivivens	1591409	S	54	2	56	0.00000
Halovulum marinum	2662447	S	48	15	63	0.00000
Rhodovulum sp.	34009	S	26	7	33	0.00000
Pararhodobacter marinus	2184063	S	30	15	45	0.00000
Thalassobium sp.	2030825	S	29	13	42	0.00000
Aliiroseovarius sediminilitoris	1173584	S	22	2	24	0.00000
Pelagivirga sediminicola	2170575	S	17	15	32	0.00000
Alterinioella nitratireducens	2735915	S	17	7	24	0.00000
Cereibacter ovatus	439529	S	15	7	22	0.00000
uncultured Rhodobacteraceae bacterium	157276	S	12	1	13	0.00000
Salipiger bermudensis	344736	S	4980	4948	9928	0.00027
Salipiger profundus	1229727	S	4095	4390	8485	0.00023
Salipiger thiooxidans	282683	S	648	933	1581	0.00004
Salipiger marinus	555512	S	138	136	274	0.00001
Salipiger abyssi	1250539	S	32	40	72	0.00000
Salipiger pallidus	1775170	S	15	10	25	0.00000
Sulfitobacter sp. D7	1968541	S	693	3372	4065	0.00011
Sulfitobacter sp. R18_2	2821105	S	480	1084	1564	0.00004
Sulfitobacter sp.	1903071	S	432	960	1392	0.00004
Sulfitobacter sp. HI0040	1822232	S	13	14	27	0.00000
Sulfitobacter sp. BDSS02	2663018	S	12	21	33	0.00000
Sulfitobacter pontiacus	60137	S	1915	2946	4861	0.00013
Sulfitobacter litoralis	335975	S	65	274	339	0.00001
Sulfitobacter dubius	218673	S	56	96	152	0.00000
Sulfitobacter delicatus	218672	S	47	80	127	0.00000
Sulfitobacter alexandrii	1917485	S	23	9	32	0.00000
Sulfitobacter indolifex	225422	S	17	31	48	0.00000
Sulfitobacter maritimus	2741719	S	13	10	23	0.00000
Thalassobius sp.	1979401	S	4510	2097	6607	0.00018
Roseovarius sp. A-2	1570360	S	291	183	474	0.00001
Roseovarius sp.	1486281	S	57	43	100	0.00000
Roseovarius indicus	540747	S	185	41	226	0.00001
Roseovarius mucosus	215743	S	117	140	257	0.00001
Roseovarius nubinhibens	314263	S	115	70	185	0.00000
Roseovarius halotolerans	505353	S	51	73	124	0.00000
Roseovarius tolerans	74031	S	50	31	81	0.00000
Roseovarius nanhaiticus	573024	S	27	12	39	0.00000
Roseovarius litoreus	1155722	S	24	8	32	0.00000
Roseovarius confluentis	1852027	S	17	19	36	0.00000
Yangia pacifica	311180	S	553	418	971	0.00003
Roseobacter sp.	1907202	S	602	200	802	0.00002
Roseobacter sp. MED193	314262	S	26	29	55	0.00000
Tranquillimonas alkanivorans	441119	S	461	100	561	0.00002
Tranquillimonas rosea	641238	S	15	4	19	0.00000
Maritimibacter sp.	2003363	S	341	173	514	0.00001
Maritimibacter sp. REDSEA-S28_B5	1811547	S	25	34	59	0.00000
Maritimibacter harenae	2606218	S	26	15	41	0.00000
Phaeobacter sp. 22II1-1F12B	1317111	S	130	213	343	0.00001
Phaeobacter sp. CECT 5382	1712645	S	12	3	15	0.00000
Actibacterium naphthalenivorans	1614693	S	106	176	282	0.00001
Sagittula sp. P11	2009329	S	108	47	155	0.00000
Roseivivax marinus	1379903	S	47	27	74	0.00000
Roseivivax sediminis	936889	S	15	6	21	0.00000
Dinoroseobacter sp.	2003366	S	67	1	68	0.00000
Palleronia rufa	1530186	S	52	23	75	0.00000
Jannaschia helgolandensis	188906	S	14	6	20	0.00000
Jannaschia marina	2741674	S	12	3	15	0.00000
Tropicibacter alexandrii	2267683	S	26	29	55	0.00000
Marinovum sp.	2024839	S	21	8	29	0.00000
Primorskyibacter flagellatus	1387277	S	18	20	38	0.00000
Leisingera caerulea	506591	S	19	6	25	0.00000
Pelagimonas phthalicica	1037362	S	18	13	31	0.00000
Alphaproteobacteria bacterium MarineAlpha5_Bin3	2013078	S	98685	5799	104484	0.00281
Alphaproteobacteria bacterium MarineAlpha3_Bin6	2013072	S	50000	6691	56691	0.00153
Alphaproteobacteria bacterium UBA7887	1948447	S	16244	2342	18586	0.00050
Alphaproteobacteria bacterium MarineAlpha9_Bin7	2013102	S	5347	631	5978	0.00016
Alphaproteobacteria bacterium MarineAlpha3_Bin4	2013070	S	4226	159	4385	0.00012
Alphaproteobacteria bacterium	1913988	S	3130	745	3875	0.00010
Alphaproteobacteria bacterium MarineAlpha9_Bin6	2013101	S	834	11	845	0.00002
Alphaproteobacteria bacterium MarineAlpha6_Bin2	2013089	S	764	50	814	0.00002
Alphaproteobacteria bacterium MarineAlpha3_Bin3	2013069	S	421	98	519	0.00001
Alphaproteobacteria bacterium MarineAlpha9_Bin1	2013096	S	413	37	450	0.00001
Alphaproteobacteria bacterium MarineAlpha10_Bin2	2013104	S	195	7	202	0.00001
Alphaproteobacteria bacterium UBA2954	1948375	S	175	66	241	0.00001
Alphaproteobacteria bacterium MarineAlpha5_Bin5	2013080	S	142	9	151	0.00000
Alphaproteobacteria bacterium MarineAlpha5_Bin12	2013087	S	99	30	129	0.00000
Alphaproteobacteria bacterium MarineAlpha3_Bin2	2013068	S	61	5	66	0.00000
Alphaproteobacteria bacterium MarineAlpha5_Bin7	2013082	S	45	1	46	0.00000
Alphaproteobacteria bacterium UBA6544	1948430	S	37	6	43	0.00000
Alphaproteobacteria bacterium MarineAlpha3_Bin7	2013073	S	28	1	29	0.00000
Alphaproteobacteria bacterium UBA3612	1948389	S	23	7	30	0.00000
Alphaproteobacteria bacterium MarineAlpha10_Bin3	2013105	S	21	2	23	0.00000
Alphaproteobacteria bacterium CG_4_9_14_3_um_filter_47_13	1973899	S	16	1	17	0.00000
Alphaproteobacteria bacterium MarineAlpha6_Bin4	2013091	S	13	2	15	0.00000
Rhodospirillaceae bacterium	1898112	S	106695	19218	125913	0.00339
Rhodospirillaceae bacterium UBA2165	1952852	S	1115	63	1178	0.00003
Rhodospirillaceae bacterium UBA6608	1952863	S	307	49	356	0.00001
Rhodospirillaceae bacterium UBA1479	1952849	S	56	7	63	0.00000
Rhodobacteraceae bacterium Water-Bin34	2015205	S	34	7	41	0.00000
Rhodospirillaceae bacterium TMED167	1986863	S	23	18	41	0.00000
Rhodospirillales bacterium	2026786	S	4910	778	5688	0.00015
Thalassospira sp. MCCC 1A01148	501834	S	918	1299	2217	0.00006
Thalassospira sp.	1912094	S	78	184	262	0.00001
Thalassospira sp. MCCC 1A01428	1470575	S	48	32	80	0.00000
Thalassospira sp. MCCC 1A03138	1470576	S	16	93	109	0.00000
Thalassospira povalilytica	732237	S	282	186	468	0.00001
Thalassospira lucentensis	168935	S	127	287	414	0.00001
Thalassospira xiamenensis	220697	S	42	212	254	0.00001
Thalassospira profundimaris	502049	S	14	32	46	0.00000
Thalassospira indica	1891279	S	14	107	121	0.00000
Thalassospira tepidiphila	393657	S	13	105	118	0.00000
Magnetovibrio sp.	2024836	S	161	21	182	0.00000
Tistrella mobilis	171437	S	246	38	284	0.00001
Geminicoccus sp.	2024832	S	104	46	150	0.00000
Nisaea nitritireducens	568392	S	21	46	67	0.00000
Oceanibaculum indicum	526216	S	24	4	28	0.00000
Roseomonas aeriglobus	2267537	S	18	44	62	0.00000
uncultured Rhodospirillales bacterium	296830	S	16	2	18	0.00000
Henriciella sp.	1968823	S	31247	9207	40454	0.00109
Henriciella algicola	1608422	S	107	21	128	0.00000
Henriciella aquimarina	545261	S	56	46	102	0.00000
Henriciella litoralis	568102	S	19	6	25	0.00000
Ponticaulis sp.	2020902	S	15170	2876	18046	0.00049
Hyphomonas sp. UBA5111	1946637	S	2233	1706	3939	0.00011
Hyphomonas sp.	87	S	1004	526	1530	0.00004
Hyphomonas sp. L-53-1-40	1207058	S	434	125	559	0.00002
Hyphomonas sp. CY54-11-8	1280944	S	218	145	363	0.00001
Hyphomonas atlantica	1280948	S	1792	1364	3156	0.00008
Hyphomonas pacifica	1280941	S	480	710	1190	0.00003
Hyphomonas adhaerens	81029	S	292	39	331	0.00001
Hyphomonadaceae bacterium TMED5	1986776	S	675	323	998	0.00003
Hyphomonadaceae bacterium UBA1849	1951945	S	23	10	33	0.00000
Hirschia sp.	2024835	S	263	35	298	0.00001
Rhodobiaceae bacterium	2026785	S	32730	9962	42692	0.00115
Rhodobiaceae bacterium UBA7804	1952834	S	128	71	199	0.00001
Jiella pacifica	2696469	S	6241	2242	8483	0.00023
Aurantimonas coralicida	182270	S	566	1699	2265	0.00006
Aurantimonas manganoxydans	651183	S	26	79	105	0.00000
Aurantimonas sp. 22II-16-19i	1317114	S	13	4	17	0.00000
Fulvimarina sp.	1969479	S	962	780	1742	0.00005
Fulvimarina manganoxydans	937218	S	668	44	712	0.00002
Martelella mediterranea	293089	S	807	459	1266	0.00003
Martelella sp. AD-3	686597	S	209	272	481	0.00001
Martelella limonii	1647649	S	18	5	23	0.00000
Hoeflea sp.	1940281	S	1891	1099	2990	0.00008
Nitratireductor sp.	1872084	S	327	123	450	0.00001
Nitratireductor aquibiodomus	204799	S	21	14	35	0.00000
Mesorhizobium sediminum	1849104	S	17	13	30	0.00000
Phyllobacteriaceae bacterium	1871068	S	36	12	48	0.00000
Aquibium oceanicum	1670800	S	29	7	36	0.00000
Hyphomicrobiales bacterium	1909294	S	2679	743	3422	0.00009
Stappia sp.	1870903	S	1011	554	1565	0.00004
Stappia indica	538381	S	198	201	399	0.00001
Roseibium aggregatum	187304	S	1049	333	1382	0.00004
Methylobacterium fujisawaense	107400	S	213	286	499	0.00001
Methylobacterium organophilum	410	S	26	69	95	0.00000
Devosia indica	2079253	S	62	63	125	0.00000
Pelagibacterium sp.	1967288	S	51	32	83	0.00000
Acuticoccus yangtzensis	1443441	S	98	12	110	0.00000
Acuticoccus sediminis	2184697	S	34	4	38	0.00000
Afipia sp. OHSU_II-C1	1297860	S	21	57	78	0.00000
Rhizobium oryzihabitans	2267833	S	15	27	42	0.00000
Pseudorhizobium pelagicum	1509405	S	14	3	17	0.00000
Endobacterium cereale	2663029	S	19	9	28	0.00000
Ahrensia sp.	1872419	S	81	60	141	0.00000
Parvibaculum sp.	2024848	S	39	16	55	0.00000
Pyruvatibacter mobilis	1712261	S	18	4	22	0.00000
Pseudochelatococcus contaminans	1538103	S	23	23	46	0.00000
Rickettsiales bacterium	2026788	S	39617	10501	50118	0.00135
uncultured Rickettsiaceae bacterium	194194	S	87	1	88	0.00000
uncultured Candidatus Midichloriaceae bacterium	1806454	S	16	0	16	0.00000
uncultured Alphaproteobacteria bacterium	91750	S	37383	11469	48852	0.00131
Oceanicaulis sp. HTCC2633	314254	S	5302	1947	7249	0.00020
Oceanicaulis sp. PT13A	2135616	S	150	41	191	0.00001
Maricaulis sp.	1486257	S	1392	227	1619	0.00004
Maricaulis maris	74318	S	67	10	77	0.00000
Euryhalocaulis caribicus	1161401	S	134	14	148	0.00000
Marinicauda pacifica	1133559	S	12	0	12	0.00000
Hellea sp.	2715692	S	737	113	850	0.00002
uncultured SAR116 cluster alpha proteobacterium	281031	S	1947	1103	3050	0.00008
SAR116 cluster bacterium	2024888	S	276	216	492	0.00001
SAR116 cluster bacterium AG-321-K23	2162570	S	86	79	165	0.00000
uncultured OCS116 cluster bacterium	648187	S	52	23	75	0.00000
Parvularcula sp.	1979207	S	171	58	229	0.00001
Marinicaulis flavus	2058213	S	50	4	54	0.00000
Kordiimonas gwangyangensis	288022	S	94	3	97	0.00000
Kordiimonas lipolytica	1662421	S	14	2	16	0.00000
Kordiimonadaceae bacterium	2664180	S	16	1	17	0.00000
Pseudomonadota bacterium	1977087	S	272425	84951	357376	0.00962
Proteobacteria bacterium UBA5680	1948185	S	61400	9822	71222	0.00192
Proteobacteria bacterium UBA1148	1948131	S	5745	1313	7058	0.00019
Proteobacteria bacterium UBA6503	1948193	S	1748	315	2063	0.00006
Proteobacteria bacterium UBA2133	1948144	S	905	27	932	0.00003
Proteobacteria bacterium UBA2996	1948156	S	303	215	518	0.00001
Proteobacteria bacterium TMED61	1986601	S	191	293	484	0.00001
Proteobacteria bacterium UBA6522	1948196	S	48	19	67	0.00000
Proteobacteria bacterium UBA1515	1948135	S	12	5	17	0.00000
Cupriavidus metallidurans	119219	S	719	1025	1744	0.00005
Cupriavidus pauculus	82633	S	259	133	392	0.00001
Cupriavidus campinensis	151783	S	166	71	237	0.00001
Cupriavidus sp. 2SB	2502199	S	20	6	26	0.00000
Cupriavidus sp. LEh25	2821357	S	13	9	22	0.00000
Cupriavidus basilensis	68895	S	22	13	35	0.00000
Limnobacter sp. SAORIC-580	2732163	S	179	317	496	0.00001
Limnobacter sp. MED105	391597	S	13	14	27	0.00000
Limnobacter alexandrii	2570352	S	16	8	24	0.00000
Paraburkholderia azotifigens	2057004	S	35	9	44	0.00000
Paraburkholderia sp. BL23I1N1	1938802	S	26	7	33	0.00000
Ralstonia pickettii	329	S	26	54	80	0.00000
Lautropia mirabilis	47671	S	14	5	19	0.00000
uncultured Burkholderiales bacterium	208544	S	565	80	645	0.00002
Curvibacter sp.	1888168	S	64	26	90	0.00000
Acidovorax delafieldii	47920	S	30	40	70	0.00000
Rhodoferax sp. UBA4127	1947377	S	35	6	41	0.00000
Pusillimonas sp. UBA3987	1947369	S	38	52	90	0.00000
Burkholderiales bacterium	1891238	S	30	7	37	0.00000
Nitrosomonadaceae bacterium	2026767	S	969	125	1094	0.00003
Nitrosomonadales bacterium	2026761	S	87	7	94	0.00000
uncultured Methylophilaceae bacterium	239732	S	42	6	48	0.00000
uncultured beta proteobacterium	86027	S	214	33	247	0.00001
Candidatus Lambdaproteobacteria bacterium	2035771	S	1060	135	1195	0.00003
uncultured proteobacterium	153809	S	15	2	17	0.00000
Candidatus Marinimicrobia bacterium	2026760	S	1804730	474561	2279291	0.06135
Candidatus Marinimicrobia bacterium UBA7303	1953256	S	312388	154154	466542	0.01256
Candidatus Marinimicrobia bacterium UBA1611	1953216	S	73841	43039	116880	0.00315
Candidatus Marinimicrobia bacterium UBA6531	1953244	S	43812	29258	73070	0.00197
Candidatus Marinimicrobia bacterium UBA2125	1953217	S	29309	44879	74188	0.00200
Candidatus Marinimicrobia bacterium UBA7300	1953254	S	10403	6068	16471	0.00044
Candidatus Marinimicrobia bacterium UBA7301	1953255	S	2926	566	3492	0.00009
Marinimicrobia bacterium SCGC AAA003-L08	939844	S	1765	18	1783	0.00005
uncultured Candidatus Marinimicrobia bacterium	195045	S	1464	784	2248	0.00006
Candidatus Marinimicrobia bacterium UBA7308	1953257	S	779	61	840	0.00002
Candidatus Marinimicrobia bacterium 408169	1958814	S	756	109	865	0.00002
Marinimicrobia bacterium TCS55	1781246	S	645	90	735	0.00002
Candidatus Marinimicrobia bacterium UBA2986	1953231	S	468	32	500	0.00001
Candidatus Marinimicrobia bacterium REDSEA-S14_B6	1811603	S	315	55	370	0.00001
Candidatus Marinimicrobia bacterium UBA6931	1953249	S	313	24	337	0.00001
Candidatus Marinimicrobia bacterium UBA1134	1953213	S	306	86	392	0.00001
Candidatus Marinimicrobia bacterium UBA2980	1953230	S	215	50	265	0.00001
Zunongwangia profunda	398743	S	326023	337045	663068	0.01785
Zunongwangia atlantica	1502297	S	5705	2293	7998	0.00022
Zunongwangia mangrovi	1334022	S	4782	1610	6392	0.00017
Zunongwangia sp. ESRF-bin46	2011156	S	266	177	443	0.00001
Mesonia oceanica	2687242	S	291832	47819	339651	0.00914
Mesonia mobilis	369791	S	7696	9047	16743	0.00045
Mesonia sp.	1960830	S	789	797	1586	0.00004
Mesonia aquimarina	1504967	S	611	168	779	0.00002
Mesonia algae	213248	S	101	6	107	0.00000
Mesonia phycicola	579105	S	27	2	29	0.00000
Flavobacteriaceae bacterium	1871037	S	178147	49311	227458	0.00612
Flavobacteriaceae bacterium UBA3611	1951834	S	2567	480	3047	0.00008
Flavobacteriaceae bacterium UBA3179	1951824	S	473	467	940	0.00003
Flavobacteriaceae bacterium UBA3356	1951828	S	267	132	399	0.00001
Flavobacteriaceae bacterium UBA1978	1951807	S	245	10	255	0.00001
Flavobacteriaceae bacterium PRS1	2483459	S	160	45	205	0.00001
Flavobacteriaceae bacterium UBA4166	1951841	S	51	0	51	0.00000
Flavobacteriaceae bacterium UBA3591	1951832	S	24	1	25	0.00000
Flavobacteriaceae bacterium UBA5534	1951857	S	16	3	19	0.00000
Leeuwenhoekiella palythoae	573501	S	73739	21441	95180	0.00256
Leeuwenhoekiella blandensis	360293	S	30914	10347	41261	0.00111
Leeuwenhoekiella sp.	1977054	S	26105	6399	32504	0.00087
Leeuwenhoekiella polynyae	1550906	S	733	1805	2538	0.00007
Leeuwenhoekiella nanhaiensis	1655491	S	707	441	1148	0.00003
Leeuwenhoekiella marinoflava	988	S	120	82	202	0.00001
Leeuwenhoekiella aequorea	283736	S	44	18	62	0.00000
Leeuwenhoekiella aestuarii	2249426	S	28	59	87	0.00000
Muricauda ruestringensis	111501	S	18038	11101	29139	0.00078
Muricauda oceanensis	2499163	S	8472	4878	13350	0.00036
Muricauda sp.	192149	S	344	263	607	0.00002
Muricauda sp. CP2A	1848189	S	45	26	71	0.00000
Muricauda sp. MAR_2010_75	1250232	S	44	22	66	0.00000
Muricauda sp. ARW1Y1	2663843	S	33	8	41	0.00000
Muricauda sp. TMED12	1986608	S	16	10	26	0.00000
Muricauda sp. TY007	2683200	S	13	24	37	0.00000
Muricauda hadalis	2597517	S	630	315	945	0.00003
Muricauda sediminis	2696468	S	180	123	303	0.00001
Muricauda brasiliensis	2162892	S	159	45	204	0.00001
Muricauda oceani	2698672	S	89	74	163	0.00000
Muricauda aequoris	2306997	S	76	49	125	0.00000
Muricauda lutaonensis	516051	S	64	6	70	0.00000
Muricauda lutimaris	475082	S	27	16	43	0.00000
Muricauda maritima	2306998	S	21	24	45	0.00000
Muricauda taeanensis	1005926	S	16	4	20	0.00000
Muricauda beolgyonensis	864064	S	14	1	15	0.00000
Aequorivita sp.	1872390	S	20427	10045	30472	0.00082
Aequorivita sp. UBA3180	1947773	S	185	99	284	0.00001
Aequorivita aquimaris	1548749	S	206	177	383	0.00001
Aequorivita iocasae	2803865	S	121	81	202	0.00001
Aequorivita vladivostokensis	171194	S	102	54	156	0.00000
Aequorivita echinoideorum	1549647	S	68	4	72	0.00000
Euzebyella marina	1761453	S	17720	10662	28382	0.00076
Joostella marina	453852	S	15884	5534	21418	0.00058
Salegentibacter mishustinae	270918	S	1292	2196	3488	0.00009
Salegentibacter sp. R32	1486285	S	682	157	839	0.00002
Salegentibacter sp.	1903072	S	108	27	135	0.00000
Salegentibacter sp. 24	2183986	S	37	23	60	0.00000
Salegentibacter sp. Hel_I_6	1250278	S	34	34	68	0.00000
Salegentibacter echinorum	1073325	S	110	14	124	0.00000
Salegentibacter salarius	435906	S	106	133	239	0.00001
Salegentibacter maritimus	2794347	S	99	20	119	0.00000
Salegentibacter agarivorans	345907	S	75	89	164	0.00000
Salegentibacter salinarum	447422	S	12	6	18	0.00000
Winogradskyella sp.	1883156	S	3769	773	4542	0.00012
Winogradskyella helgolandensis	2697010	S	12	22	34	0.00000
Maribacter dokdonensis	320912	S	1612	577	2189	0.00006
Maribacter cobaltidurans	1178778	S	144	82	226	0.00001
Maribacter litoralis	2059726	S	131	83	214	0.00001
Croceibacter atlanticus	313588	S	1928	182	2110	0.00006
Gramella sp. Hel_I_59	1249978	S	484	338	822	0.00002
Christiangramia flava	1486245	S	410	257	667	0.00002
Christiangramia portivictoriae	326069	S	83	78	161	0.00000
Christiangramia bathymodioli	2541727	S	23	13	36	0.00000
Christiangramia forsetii	411153	S	20	9	29	0.00000
Candidatus Ulvibacter alkanivorans	2267620	S	638	160	798	0.00002
Mesoflavibacter zeaxanthinifaciens	393060	S	343	142	485	0.00001
Mesoflavibacter profundi	2708110	S	15	6	21	0.00000
Flavobacterium sp.	239	S	229	57	286	0.00001
Flavobacterium sp. CS20	2775246	S	79	12	91	0.00000
Flavobacterium suaedae	1767027	S	28	1	29	0.00000
Aquimarina sp.	1872586	S	353	51	404	0.00001
Luteirhabdus pelagi	2792783	S	276	34	310	0.00001
Tenacibaculum sp. SG-28	754426	S	131	6	137	0.00000
Tenacibaculum sp. SZ-18	754423	S	26	3	29	0.00000
Tenacibaculum discolor	361581	S	17	28	45	0.00000
Arenibacter algicola	616991	S	78	59	137	0.00000
Arenibacter sp. P308M17	2303391	S	19	3	22	0.00000
Altibacter lentus	1223410	S	62	17	79	0.00000
Altibacter sp.	2024823	S	37	4	41	0.00000
Meridianimaribacter flavus	571115	S	68	10	78	0.00000
Flavimarina sp. Hel_I_48	1392488	S	56	12	68	0.00000
Pricia antarctica	641691	S	45	1	46	0.00000
Xanthomarina gelatinilytica	1137281	S	32	2	34	0.00000
Urechidicola croceus	1850246	S	23	2	25	0.00000
uncultured Flavobacteriaceae bacterium	165436	S	22	5	27	0.00000
Marixanthomonas ophiurae	387659	S	16	4	20	0.00000
Psychroflexus aestuariivivens	1795040	S	14	1	15	0.00000
Flavobacteriales bacterium	2021391	S	18218	3490	21708	0.00058
Flavobacteriales bacterium UBA7878	1951087	S	4570	2483	7053	0.00019
Flavobacteriales bacterium UBA6770	1951056	S	379	34	413	0.00001
Flavobacteriales bacterium UBA5081	1951031	S	165	17	182	0.00000
Flavobacteriales bacterium UBA5692	1951039	S	159	23	182	0.00000
Flavobacteriales bacterium UBA1112	1950946	S	36	1	37	0.00000
Flavobacteriales bacterium 32-35-8	1970509	S	25	25	50	0.00000
Owenweeksia sp.	2024847	S	19811	947	20758	0.00056
Croceimicrobium hydrocarbonivorans	2761580	S	21	12	33	0.00000
Crocinitomicaceae bacterium	2026728	S	3449	752	4201	0.00011
Cryomorphaceae bacterium	1898111	S	283	114	397	0.00001
Acidiluteibacter ferrifornacis	2692424	S	53	7	60	0.00000
Empedobacter falsenii	343874	S	87	124	211	0.00001
uncultured Flavobacteriales bacterium	213322	S	192	46	238	0.00001
Salibacter halophilus	1803916	S	13	0	13	0.00000
Cytophagaceae bacterium	2026729	S	8814	2277	11091	0.00030
Cytophaga sp. FL35	1904456	S	116	128	244	0.00001
Marivirga lumbricoides	1046115	S	3475	1189	4664	0.00013
Roseivirga thermotolerans	1758176	S	1963	52	2015	0.00005
Roseivirga spongicola	333140	S	733	79	812	0.00002
Roseivirga pacifica	1267423	S	54	4	58	0.00000
Algoriphagus algorifonticola	2593007	S	119	237	356	0.00001
Algoriphagus ornithinivorans	226506	S	88	143	231	0.00001
Algoriphagus iocasae	1836499	S	15	9	24	0.00000
Cyclobacterium marinum	104	S	64	17	81	0.00000
Cecembia calidifontis	1187080	S	22	7	29	0.00000
Litoribacter ruber	702568	S	21	0	21	0.00000
uncultured Marinoscillum sp.	932004	S	503	112	615	0.00002
Flammeovirgaceae bacterium UBA7330	1951792	S	63	7	70	0.00000
Flammeovirgaceae bacterium	2026740	S	45	6	51	0.00000
Bacteroidota bacterium	1898104	S	13063	1323	14386	0.00039
uncultured Bacteroidetes bacterium	152509	S	4186	944	5130	0.00014
Bacteroidales bacterium	2030927	S	878	154	1032	0.00003
Prevotellaceae bacterium UBA7017	1952525	S	73	22	95	0.00000
Prevotellaceae bacterium UBA4332	1952494	S	56	11	67	0.00000
Prevotella sp.	59823	S	26	10	36	0.00000
Prevotella nigrescens	28133	S	18	17	35	0.00000
uncultured Prevotellaceae bacterium	370804	S	29	13	42	0.00000
Lentimicrobiaceae bacterium	2026756	S	270	27	297	0.00001
uncultured Bacteroidales bacterium	194843	S	61	21	82	0.00000
Paludibacteraceae bacterium	2748031	S	39	11	50	0.00000
Rikenellaceae bacterium	2049048	S	15	4	19	0.00000
Alistipes sp.	1872444	S	12	1	13	0.00000
Bacteroidaceae bacterium	2212467	S	14	2	16	0.00000
Mariniphaga sp.	1954475	S	28	1	29	0.00000
uncultured Flavihumibacter sp.	1145287	S	209	46	255	0.00001
Chitinophagaceae bacterium	1869212	S	37	3	40	0.00000
Saprospirales bacterium	2026790	S	213	16	229	0.00001
Saprospiraceae bacterium UBA7328	1952882	S	45	1	46	0.00000
Saprospiraceae bacterium	2202734	S	34	1	35	0.00000
Rubrivirga sp. SAORIC476	1961794	S	11300	6611	17911	0.00048
Rubrivirga sp.	1885344	S	15	15	30	0.00000
Rubrivirga marina	1196024	S	28	11	39	0.00000
Rubricoccus marinus	716817	S	26	1	27	0.00000
Rhodothermaeota bacterium MED-G19	1986240	S	299	25	324	0.00001
Balneolaceae bacterium UBA7797	1951519	S	3352	412	3764	0.00010
Balneolaceae bacterium UBA2956	1951494	S	174	32	206	0.00001
Balneolaceae bacterium	2053516	S	71	4	75	0.00000
Balneolaceae bacterium UBA3186	1951498	S	59	14	73	0.00000
Gracilimonas amylolytica	1749045	S	233	31	264	0.00001
Balneola sp.	2024824	S	54	58	112	0.00000
Rhodohalobacter mucosus	2079485	S	29	0	29	0.00000
Ignavibacteriales bacterium	2049428	S	16	1	17	0.00000
Gemmatimonadota bacterium	2026742	S	446612	104397	551009	0.01483
Gemmatimonadales bacterium UBA7889	1951131	S	136812	409477	546289	0.01470
Gemmatimonadales bacterium UBA1120	1951099	S	31734	170986	202720	0.00546
Gemmatimonadales bacterium UBA2988	1951110	S	3773	71	3844	0.00010
Gemmatimonadales bacterium UBA2982	1951109	S	1127	11	1138	0.00003
Gemmatimonadales bacterium UBA1142	1951102	S	631	219	850	0.00002
Gemmatimonadales bacterium UBA2989	1951111	S	447	293	740	0.00002
Gemmatimonadaceae bacterium	2026741	S	10467	3330	13797	0.00037
Candidatus Latescibacteria bacterium	2053570	S	11488	2098	13586	0.00037
Latescibacteria bacterium UBA6620	1948115	S	276	3	279	0.00001
Candidatus Hydrogenedentes bacterium	2030809	S	345	30	375	0.00001
SAR324 cluster bacterium SAR324-CTD7B	1795556	S	287295	1760898	2048193	0.05513
uncultured SAR324 cluster bacterium	179114	S	225526	393076	618602	0.01665
SAR324 cluster bacterium REDSEA-S27_B3	1811637	S	23589	2994	26583	0.00072
SAR324 cluster bacterium	2024889	S	4949	330	5279	0.00014
SAR324 cluster bacterium lautmerah10	1764262	S	492	236	728	0.00002
SAR324 cluster bacterium JCVI-SC AAA005	1073573	S	117	123	240	0.00001
Deltaproteobacteria bacterium	2026735	S	1699181	227813	1926994	0.05187
Deltaproteobacteria bacterium UBA2957	1948544	S	1764	13	1777	0.00005
Deltaproteobacteria bacterium UBA6930	1948562	S	34	3	37	0.00000
Candidatus Microthrix sp. UBA4542	1946188	S	356102	213222	569324	0.01532
Candidatus Microthrix sp. UBA2131	1946167	S	248911	291322	540233	0.01454
Candidatus Microthrix sp. UBA3125	1946176	S	160509	183525	344034	0.00926
Candidatus Microthrix sp. UBA7884	1946214	S	3515	5484	8999	0.00024
Candidatus Microthrix sp. UBA2110	1946164	S	1697	5835	7532	0.00020
Candidatus Microthrix sp. UBA672	1946197	S	913	565	1478	0.00004
Candidatus Microthrix sp. UBA2974	1946174	S	258	18	276	0.00001
Candidatus Microthrix sp. UBA825	1946219	S	45	6	51	0.00000
Candidatus Microthrix sp. UBA2983	1946175	S	24	9	33	0.00000
Candidatus Microthrix sp. UBA7388	1946207	S	14	0	14	0.00000
Candidatus Microthrix sp. UBA6944	1946199	S	13	5	18	0.00000
Acidimicrobiaceae bacterium	2024894	S	230092	57095	287187	0.00773
Acidimicrobiales bacterium	2201156	S	33492	11565	45057	0.00121
Acidimicrobiales bacterium AG-414-N20	2162616	S	114	46	160	0.00000
Ilumatobacteraceae bacterium	2497619	S	2321	1106	3427	0.00009
Acidimicrobiia bacterium	2080302	S	1989	661	2650	0.00007
Microbacterium sp. UBA1097	1946941	S	11376	15493	26869	0.00072
Microbacterium sp.	51671	S	5033	2521	7554	0.00020
Microbacterium sp. CBA3102	2603598	S	579	261	840	0.00002
Microbacterium sp. 67-17	1895782	S	97	102	199	0.00001
Microbacterium sp. 5K110	2578104	S	16	15	31	0.00000
Microbacterium luteum	2782167	S	12419	23234	35653	0.00096
Microbacterium schleiferi	69362	S	121	79	200	0.00001
Microbacterium ginsengisoli	400772	S	73	51	124	0.00000
Microbacterium profundi	450380	S	26	13	39	0.00000
Microbacterium atlanticum	2782168	S	19	5	24	0.00000
Microbacterium chocolatum	84292	S	13	6	19	0.00000
Microbacteriaceae bacterium UBA1487	1952239	S	1699	1398	3097	0.00008
Leucobacter sp. wl10	2304677	S	174	103	277	0.00001
Leucobacter triazinivorans	1784719	S	42	10	52	0.00000
Marinisubtilis pacificus	2591847	S	36	54	90	0.00000
Chryseoglobus indicus	2750620	S	31	46	77	0.00000
Brevibacterium sp. W7.2	2823518	S	361	908	1269	0.00003
Brevibacterium sp. CS2	2575923	S	158	265	423	0.00001
Brevibacterium sp. XM4083	2583238	S	26	73	99	0.00000
Brevibacterium casei	33889	S	72	98	170	0.00000
Brevibacterium paucivorans	170994	S	20	12	32	0.00000
Sediminivirga luteola	1774748	S	109	75	184	0.00000
Kocuria palustris	71999	S	865	663	1528	0.00004
Kocuria marina	223184	S	72	56	128	0.00000
Micrococcus luteus	1270	S	22	40	62	0.00000
Micrococcus terreus	574650	S	18	10	28	0.00000
Rothia aeria	172042	S	15	38	53	0.00000
Arthrobacter sp. Leaf234	1736303	S	18	23	41	0.00000
Brachybacterium epidermidis	2781983	S	211	275	486	0.00001
Brachybacterium endophyticum	2182385	S	209	47	256	0.00001
Brachybacterium paraconglomeratum	173362	S	157	144	301	0.00001
Ornithinimicrobium sp. CNJ-824	1904966	S	279	118	397	0.00001
Serinicoccus chungangensis	767452	S	55	41	96	0.00000
Serinicoccus marinus	247333	S	14	12	26	0.00000
Kytococcus sedentarius	1276	S	206	128	334	0.00001
Micrococcales bacterium	2026762	S	20	7	27	0.00000
Cutibacterium acnes	1747	S	3806	5641	9447	0.00025
Cutibacterium namnetense	1574624	S	480	112	592	0.00002
Cutibacterium granulosum	33011	S	131	30	161	0.00000
Cutibacterium modestum	2559073	S	13	3	16	0.00000
Nocardioides sp.	35761	S	1151	388	1539	0.00004
Nocardioides sp. REDSEA-S33_B3	1811554	S	101	74	175	0.00000
Nocardioides salarius	374513	S	64	33	97	0.00000
Nocardioides marinus	374514	S	27	17	44	0.00000
Pimelobacter sp.	51662	S	101	150	251	0.00001
Corynebacterium tuberculostearicum	38304	S	153	410	563	0.00002
Corynebacterium gottingense	2041036	S	104	53	157	0.00000
Corynebacterium accolens	38284	S	80	138	218	0.00001
Corynebacterium appendicis	163202	S	77	78	155	0.00000
Corynebacterium minutissimum	38301	S	34	79	113	0.00000
Corynebacterium kefirresidentii	1979527	S	32	101	133	0.00000
Corynebacterium kroppenstedtii	161879	S	29	2	31	0.00000
Corynebacterium jeikeium	38289	S	26	56	82	0.00000
Corynebacterium mucifaciens	57171	S	21	15	36	0.00000
Corynebacterium singulare	161899	S	21	30	51	0.00000
Corynebacterium sp. KPL1814	1203557	S	12	22	34	0.00000
Mycolicibacterium poriferae	39694	S	353	1011	1364	0.00004
Mycobacterium sp. PO1	1882219	S	25	67	92	0.00000
Lawsonella clevelandensis	1528099	S	666	146	812	0.00002
Gordonia sp. (in: high G+C Gram-positive bacteria)	84139	S	63	30	93	0.00000
Dietzia maris	37915	S	34	44	78	0.00000
Actinomycetia bacterium	1883427	S	3299	913	4212	0.00011
marine actinobacterium MedAcidi-G1	1550399	S	161	36	197	0.00001
OCS155 cluster bacterium AG-333-G23	2162605	S	120	111	231	0.00001
actinobacterium SCGC AAA027-L06	913338	S	16	6	22	0.00000
uncultured Candidatus Actinomarina sp.	1985113	S	2003	1416	3419	0.00009
Streptomyces sp. rh34	2034272	S	87	60	147	0.00000
Streptomyces sp. HNM0575	2716338	S	47	6	53	0.00000
Streptomyces sp. P3	2135430	S	31	13	44	0.00000
Streptomyces sp. SirexAA-E	862751	S	30	12	42	0.00000
Streptomyces sp. SUK 48	2582831	S	28	20	48	0.00000
Streptomyces sp. VRA16 Mangrove soil	2817434	S	19	4	23	0.00000
Streptomyces radicis	1750517	S	34	6	40	0.00000
Streptomyces cyaneofuscatus	66883	S	17	14	31	0.00000
Streptomyces physcomitrii	2724184	S	13	3	16	0.00000
Streptosporangiaceae bacterium	2339230	S	185	28	213	0.00001
Actinomyces oris	544580	S	13	87	100	0.00000
Pseudonocardia alni	33907	S	48	80	128	0.00000
Rhizocola hellebori	1392758	S	12	0	12	0.00000
uncultured Actinomycetes bacterium	152507	S	17	5	22	0.00000
Euzebya pacifica	1608957	S	24	14	38	0.00000
Eggerthellaceae bacterium	1972561	S	13	2	15	0.00000
Dehalococcoidia bacterium UBA2158	1948480	S	365898	217163	583061	0.01569
Dehalococcoidia bacterium UBA7891	1948532	S	143309	93335	236644	0.00637
Dehalococcoidia bacterium	2026734	S	119848	15120	134968	0.00363
Dehalococcoidia bacterium UBA6495	1948511	S	53268	60309	113577	0.00306
Dehalococcoidia bacterium UBA7894	1948533	S	22967	17378	40345	0.00109
Dehalococcoidia bacterium UBA1332	1948476	S	2358	2553	4911	0.00013
Dehalococcoidia bacterium UBA1151	1948470	S	738	93	831	0.00002
Dehalococcoidia bacterium UBA1123	1948467	S	676	811	1487	0.00004
Dehalococcoidia bacterium UBA1122	1948466	S	601	54	655	0.00002
Dehalococcoidia bacterium UBA1152	1948471	S	363	176	539	0.00001
Dehalococcoidia bacterium UBA1127	1948468	S	349	15	364	0.00001
Dehalococcoidia bacterium UBA1141	1948469	S	337	62	399	0.00001
Dehalococcoidia bacterium UBA6926	1948518	S	112	13	125	0.00000
Dehalococcoidia bacterium UBA2160	1948481	S	83	13	96	0.00000
Dehalococcoidia bacterium UBA6627	1948514	S	79	18	97	0.00000
Dehalococcoidia bacterium UBA2588	1948485	S	26	61	87	0.00000
Dehalococcoidia bacterium UBA2162	1948482	S	23	2	25	0.00000
uncultured Dehalococcoidales bacterium	2006128	S	385	65	450	0.00001
Dehalococcoidales bacterium	2026733	S	263	28	291	0.00001
Chloroflexota bacterium	2026724	S	326168	42138	368306	0.00991
Chloroflexi bacterium UBA6622	1947840	S	173	558	731	0.00002
SAR202 cluster bacterium	2030829	S	155088	97913	253001	0.00681
SAR202 cluster bacterium AC-409-J13_OGT_754m	2587834	S	1032	12	1044	0.00003
SAR202 cluster bacterium AC-647-P02_OGT_505m	2587832	S	723	245	968	0.00003
SAR202 cluster bacterium AC-647-N09_OGT_505m	2587833	S	232	8	240	0.00001
SAR202 cluster bacterium AD-804-J14_MRT_500m	2587836	S	141	0	141	0.00000
Anaerolineales bacterium UBA832	1950226	S	2233	2376	4609	0.00012
Anaerolineales bacterium UBA3001	1950202	S	1291	3607	4898	0.00013
Anaerolineales bacterium UBA3499	1950205	S	441	997	1438	0.00004
Anaerolineales bacterium UBA1136	1950187	S	141	24	165	0.00000
Anaerolineaceae bacterium	2024896	S	205	28	233	0.00001
Chloroflexaceae bacterium	2562117	S	68	2	70	0.00000
uncultured Prochlorococcus sp.	159733	S	484	5889	6373	0.00017
Prochlorococcus marinus	1219	S	444	2426	2870	0.00008
Prochlorococcus sp. AG-402-O21	2162099	S	26	319	345	0.00001
Cyanobium sp. ARS6	2024869	S	1942	410	2352	0.00006
Synechococcus sp. BIOS-E4-1	1400864	S	1212	1249	2461	0.00007
Synechococcus sp. CPC35	2024880	S	168	129	297	0.00001
Synechococcus sp. AG-673-A03	2161945	S	116	900	1016	0.00003
Synechococcus sp. MIT S9220	166309	S	99	293	392	0.00001
Synechococcus sp. AG-673-F03	2161948	S	60	528	588	0.00002
Synechococcus sp. UW179A	2575510	S	26	23	49	0.00000
Aulosira sp. FACHB-615	2692777	S	83	13	96	0.00000
Anabaena sp. FACHB-1237	2692769	S	27	3	30	0.00000
Nostocales cyanobacterium LEGE 12452	2777975	S	18	11	29	0.00000
Oscillatoriales cyanobacterium USR001	1880991	S	18	5	23	0.00000
Microcystis viridis	44822	S	12	6	18	0.00000
Pleurocapsa sp. CCALA 161	2107688	S	15	0	15	0.00000
uncultured cyanobacterium	1211	S	15	65	80	0.00000
Candidatus Saganbacteria bacterium	2575572	S	218	9	227	0.00001
Candidatus Margulisbacteria bacterium	2053573	S	68	12	80	0.00000
Candidatus Marinamargulisbacteria bacterium SCGC AG-343-D04	2184343	S	15	0	15	0.00000
Candidatus Melainabacteria bacterium	2052166	S	35	18	53	0.00000
Staphylococcus epidermidis	1282	S	356	544	900	0.00002
Staphylococcus saccharolyticus	33028	S	317	91	408	0.00001
Staphylococcus capitis	29388	S	273	109	382	0.00001
Staphylococcus hominis	1290	S	214	98	312	0.00001
Staphylococcus warneri	1292	S	149	229	378	0.00001
Staphylococcus saprophyticus	29385	S	90	87	177	0.00000
Staphylococcus arlettae	29378	S	76	38	114	0.00000
Staphylococcus cohnii	29382	S	37	43	80	0.00000
Staphylococcus auricularis	29379	S	23	3	26	0.00000
Staphylococcus haemolyticus	1283	S	21	36	57	0.00000
Staphylococcus sp. M0911	2025492	S	18	23	41	0.00000
Salinicoccus roseus	45670	S	549	224	773	0.00002
Salinicoccus luteus	367840	S	21	6	27	0.00000
Salinicoccus qingdaonensis	576118	S	13	7	20	0.00000
Jeotgalicoccus marinus	516700	S	27	6	33	0.00000
Jeotgalicoccus aerolatus	709510	S	15	9	24	0.00000
Marinococcus halotolerans	301092	S	75	213	288	0.00001
Marinococcus halophilus	1371	S	19	45	64	0.00000
Bacillus amyloliquefaciens	1390	S	43	110	153	0.00000
Virgibacillus profundi	2024555	S	98	51	149	0.00000
Salimicrobium halophilum	86666	S	19	19	38	0.00000
Jeotgalibacillus malaysiensis	1508404	S	25	9	34	0.00000
Saccharibacillus kuerlensis	459527	S	16	0	16	0.00000
Dolosigranulum pigrum	29394	S	102	32	134	0.00000
Alkalibacterium putridalgicola	426703	S	43	13	56	0.00000
Marinilactibacillus piezotolerans	258723	S	25	11	36	0.00000
Streptococcus sanguinis	1305	S	26	128	154	0.00000
Bacilli bacterium	1903720	S	37	46	83	0.00000
Oscillospiraceae bacterium	2485925	S	344	53	397	0.00001
Ruminococcus flavefaciens	1265	S	55	6	61	0.00000
[Clostridium] leptum	1535	S	19	29	48	0.00000
Lachnoclostridium sp. UBA6558	1946697	S	66	23	89	0.00000
Lachnospiraceae bacterium	1898203	S	31	16	47	0.00000
uncultured Lachnospiraceae bacterium	297314	S	30	14	44	0.00000
Roseburia sp.	2049040	S	13	2	15	0.00000
Syntrophomonadaceae bacterium	2093811	S	89	13	102	0.00000
Clostridium cavendishii	349931	S	18	0	18	0.00000
Clostridium sardiniense	29369	S	16	0	16	0.00000
Fenollaria massiliensis	938288	S	17	67	84	0.00000
Clostridiales bacterium	1898207	S	12	4	16	0.00000
uncultured Eubacteriales bacterium	172733	S	14	6	20	0.00000
Clostridia bacterium	2044939	S	51	10	61	0.00000
Peptoniphilus lacydonensis	1673725	S	64	105	169	0.00000
Peptoniphilus coxii	755172	S	13	29	42	0.00000
Anaerococcus octavius	54007	S	34	31	65	0.00000
Anaerococcus provencensis	938293	S	12	28	40	0.00000
Selenomonadaceae bacterium	2652289	S	35	5	40	0.00000
Firmicutes bacterium UBA6226	1948091	S	38	54	92	0.00000
Bacillota bacterium	1879010	S	13	6	19	0.00000
Mycoplasmataceae bacterium	2685873	S	870	118	988	0.00003
Mycoplasma capricolum	2095	S	15	2	17	0.00000
Mycoplasmatales bacterium	2023991	S	370	30	400	0.00001
Trueperaceae bacterium	2026798	S	18	1	19	0.00000
Armatimonadota bacterium	2033014	S	38	1	39	0.00000
Verrucomicrobiota bacterium	2026799	S	157157	82054	239211	0.00644
Verrucomicrobia bacterium UBA673	1948281	S	2182	19089	21271	0.00057
Verrucomicrobia bacterium Opi.OSU.00C	2067063	S	169	3	172	0.00000
Verrucomicrobia bacterium UBA6775	1948282	S	78	529	607	0.00002
Verrucomicrobiales bacterium	2026801	S	119470	65349	184819	0.00497
Roseibacillus sp.	2024856	S	27671	24031	51702	0.00139
Verrucomicrobiaceae bacterium	2026800	S	56	17	73	0.00000
Akkermansiaceae bacterium UBA7890	1951374	S	3176	5408	8584	0.00023
Akkermansiaceae bacterium UBA4145	1951361	S	137	497	634	0.00002
Akkermansiaceae bacterium UBA5688	1951365	S	25	26	51	0.00000
Akkermansiaceae bacterium	2562705	S	16	10	26	0.00000
Verrucomicrobia subdivision 3 bacterium	2052186	S	218	53	271	0.00001
Pedosphaera sp.	2024890	S	23	9	32	0.00000
uncultured Verrucomicrobiales bacterium	100234	S	36	29	65	0.00000
Verrucomicrobiae bacterium	2499141	S	343	218	561	0.00002
Opitutae bacterium	2026771	S	9011	4952	13963	0.00038
Opitutae bacterium UBA1116	1948703	S	1360	30	1390	0.00004
Opitutae bacterium UBA7876	1948743	S	137	5	142	0.00000
uncultured Opitutales bacterium	592834	S	1349	382	1731	0.00005
Opitutales bacterium UBA2995	1951177	S	77	4	81	0.00000
Opitutales bacterium	2026772	S	77	33	110	0.00000
Opitutales bacterium UBA5694	1951179	S	68	23	91	0.00000
Opitutaceae bacterium	2006848	S	72	14	86	0.00000
Puniceicoccaceae bacterium	2026784	S	120	52	172	0.00000
uncultured Verrucomicrobiota bacterium	156588	S	1466	704	2170	0.00006
Planctomycetota bacterium	2026780	S	143035	24200	167235	0.00450
Planctomycetes bacterium UBA1662	1948126	S	21585	68517	90102	0.00243
Planctomycetes bacterium UBA7888	1948130	S	15095	795	15890	0.00043
Planctomycetes bacterium UBA1135	1948124	S	545	220	765	0.00002
Planctomycetes bacterium UBA1146	1948125	S	55	56	111	0.00000
Planctomycetaceae bacterium	2026779	S	118736	11414	130150	0.00350
Planctomycetaceae bacterium UBA7805	1952745	S	1646	362	2008	0.00005
Planctomycetaceae bacterium TMED10	1986833	S	339	50	389	0.00001
Planctomycetaceae bacterium UBA2972	1952733	S	21	1	22	0.00000
Rubinisphaera brasiliensis	119	S	1282	14	1296	0.00003
Gimesia chilikensis	2605989	S	53	291	344	0.00001
Gimesia benthica	2608982	S	41	258	299	0.00001
Fuerstiella sp.	1936112	S	258	7	265	0.00001
Symmachiella dynata	2527995	S	38	18	56	0.00000
Planctomyces sp.	37635	S	26	1	27	0.00000
Mariniblastus sp.	2005381	S	756	38	794	0.00002
Rhodopirellula sp.	2024855	S	336	114	450	0.00001
Blastopirellula marina	124	S	92	1	93	0.00000
Pirellulales bacterium	2715253	S	135	7	142	0.00000
Lacipirellula parvula	2650471	S	20	0	20	0.00000
Tautonia sociabilis	2080755	S	40	1	41	0.00000
Phycisphaerae bacterium	2026778	S	3088	650	3738	0.00010
Phycisphaerales bacterium	2052180	S	2086	226	2312	0.00006
Phycisphaerales bacterium UBA1910	1951186	S	225	51	276	0.00001
Phycisphaerales bacterium UBA7800	1951206	S	79	7	86	0.00000
Phycisphaerales bacterium UBA7812	1951207	S	36	8	44	0.00000
Phycisphaerales bacterium UBA2218	1951190	S	19	3	22	0.00000
Phycisphaerales bacterium UBA854	1951209	S	19	61	80	0.00000
Phycisphaeraceae bacterium	2026777	S	389	39	428	0.00001
Phycisphaera sp. TMED24	1986832	S	21	11	32	0.00000
Candidatus Scalindua arabica	1127984	S	438	180	618	0.00002
Candidatus Scalindua rubra	1872076	S	65	11	76	0.00000
Candidatus Scalindua sp.	2268189	S	46	20	66	0.00000
uncultured Planctomycetota bacterium	120965	S	33	9	42	0.00000
Chlamydiia bacterium	2052156	S	218	6	224	0.00001
Waddliaceae bacterium	2026802	S	25	2	27	0.00000
Simkaniaceae bacterium	2698248	S	15	4	19	0.00000
uncultured Chlamydiae bacterium	305355	S	31	1	32	0.00000
Lentisphaera araneosa	256847	S	39	0	39	0.00000
Lentisphaerota bacterium	1932692	S	33	8	41	0.00000
Lentisphaerae bacterium RIFOXYA12_64_32	1798577	S	12	0	12	0.00000
Candidatus Omnitrophota bacterium	2035772	S	21	2	23	0.00000
Acidobacteriota bacterium	1978231	S	699379	72295	771674	0.02077
Acidobacteria bacterium UBA2999	1953107	S	4665	659	5324	0.00014
Acidobacteria bacterium UBA823	1953113	S	1450	659	2109	0.00006
Acidobacteria bacterium UBA2990	1953105	S	865	676	1541	0.00004
Acidobacteria bacterium UBA2994	1953106	S	688	1782	2470	0.00007
Acidobacteria bacterium UBA2161	1953103	S	156	111	267	0.00001
Kocuria sp. cx-455	2771377	S	239	303	542	0.00001
Acidobacteriia bacterium UBA6623	1948748	S	200	63	263	0.00001
Candidatus Nitromaritima sp. SCGC AAA288-L16	913337	S	131716	41089	172805	0.00465
Nitrospina sp.	2024844	S	19549	7824	27373	0.00074
Nitrospina sp. LS_NOB	1671875	S	130	67	197	0.00001
Nitrospinaceae bacterium UBA7883	1953054	S	3200	161	3361	0.00009
Nitrospinaceae bacterium	2358456	S	2915	860	3775	0.00010
uncultured Nitrospinaceae bacterium	407034	S	367	297	664	0.00002
Nitrospinota bacterium	2026769	S	65886	8327	74213	0.00200
Candidatus Poribacteria bacterium	2026781	S	201257	10518	211775	0.00570
Candidatus Uhrbacteria bacterium	2053634	S	15850	1341	17191	0.00046
Parcubacteria group bacterium	2026774	S	8391	1083	9474	0.00026
Candidatus Magasanikbacteria bacterium	2026717	S	190	7	197	0.00001
Candidatus Falkowbacteria bacterium	2053554	S	30	2	32	0.00000
Candidatus Kaiserbacteria bacterium GW2011_GWA2_52_12	1618671	S	12	0	12	0.00000
Candidatus Paceibacter sp.	2715251	S	18	9	27	0.00000
Candidatus Vogelbacteria bacterium CG10_big_fil_rev_8_21_14_0_10_51_16	1975045	S	15	0	15	0.00000
Patescibacteria group bacterium UBA2135	1948793	S	1317	4	1321	0.00004
Patescibacteria group bacterium	2052139	S	49	3	52	0.00000
Candidatus Woesebacteria bacterium	2026804	S	101	2	103	0.00000
Candidatus Levybacteria bacterium	2052151	S	44	1	45	0.00000
Candidatus Roizmanbacteria bacterium RIFCSPLOWO2_01_FULL_41_22	1802067	S	28	0	28	0.00000
Candidatus Saccharibacteria bacterium	2026720	S	1944	152	2096	0.00006
Candidatus Dadabacteria bacterium UBA1144	1953208	S	998	122	1120	0.00003
Candidatus Peribacter sp. UBA2144	1961372	S	127	355	482	0.00001
Candidatus Peribacter sp. UBA6535	1961374	S	16	0	16	0.00000
Candidatus Peregrinibacteria bacterium	2030811	S	13	0	13	0.00000
Candidatus Binatota bacterium	2528255	S	124	156	280	0.00001
bacterium UBP10_UBA1149	1953411	S	55	73	128	0.00000
bacterium UBP7_UBA7824	1953441	S	15	4	19	0.00000
Candidatus Aminicenantes bacterium	2052149	S	23	1	24	0.00000
Micavibrio sp.	2024841	S	39927	9059	48986	0.00132
Micavibrio sp. TMED2	1986633	S	20834	25605	46439	0.00125
Micavibrio sp. UBA1664	1946907	S	1126	230	1356	0.00004
Micavibrio sp. UBA2137	1946913	S	653	166	819	0.00002
Micavibrio sp. TMED27	1986607	S	180	197	377	0.00001
Micavibrio sp. UBA2638	1946917	S	141	58	199	0.00001
Micavibrio sp. UBA1672	1946908	S	21	3	24	0.00000
Pseudobdellovibrionaceae bacterium	2026715	S	1330	33	1363	0.00004
Bdellovibrio sp.	28201	S	13	2	15	0.00000
Halobacteriovoraceae bacterium	2026745	S	1847	78	1925	0.00005
Halobacteriovorax sp.	2020862	S	457	57	514	0.00001
Bacteriovoracaceae bacterium	2081706	S	434	4	438	0.00001
Oligoflexia bacterium	2599941	S	44	1	45	0.00000
Myxococcales bacterium UBA1660	1961462	S	20278	2762	23040	0.00062
Myxococcales bacterium	2026763	S	3376	213	3589	0.00010
Sandaracinus sp.	2024858	S	997	111	1108	0.00003
Nitrospiraceae bacterium	2026770	S	13488	422	13910	0.00037
Nitrospiraceae bacterium UBA2166	1952976	S	5002	3190	8192	0.00022
Nitrospira sp.	70125	S	46	3	49	0.00000
Nitrospirales bacterium	2358460	S	346	19	365	0.00001
Nitrospirota bacterium	2026887	S	15	0	15	0.00000
Spirochaetales bacterium	2026792	S	5128	303	5431	0.00015
Spirochaetaceae bacterium	1898206	S	312	19	331	0.00001
Leptospirales bacterium	2604146	S	162	1	163	0.00000
Leptospira gomenensis	2484974	S	64	0	64	0.00000
bacterium	1869227	S	3750	5548	9298	0.00025
bacterium TMED46	1986782	S	28	58	86	0.00000
bacterium TMED217	1986780	S	21	2	23	0.00000
Sulfurimonas sp.	2022749	S	2912	475	3387	0.00009
Arcobacter sp. 31_11_sub10_T18	1856277	S	29	25	54	0.00000
Sulfurospirillum sp.	2053622	S	17	1	18	0.00000
Desulfobacteraceae bacterium UBA2156	1961529	S	218	77	295	0.00001
Candidatus Desulfobacula maris	2841694	S	44	35	79	0.00000
Desulforhopalus singaporensis	91360	S	79	0	79	0.00000
uncultured PS1 clade bacterium	1118065	S	147	338	485	0.00001
uncultured bacterium	77133	S	60	157	217	0.00001
Fusobacteriia bacterium UBA1095	1948575	S	43	0	43	0.00000
Marine Group I thaumarchaeote	2511932	S	386321	2714857	3101178	0.08347
Thaumarchaeota archaeon SCGC AAA007-O23	913333	S	118022	1424042	1542064	0.04151
uncultured marine group I thaumarchaeote	360837	S	6763	19508	26271	0.00071
Marine Group I thaumarchaeote SCGC AAA799-O18	1502294	S	3592	2404	5996	0.00016
Candidatus Nitrosopelagicus sp.	2026808	S	74113	492914	567027	0.01526
Candidatus Nitrosopelagicus brevis	1410606	S	443	1486	1929	0.00005
Nitrososphaerota archaeon	2026795	S	68032	125450	193482	0.00521
Thaumarchaeota archaeon UBA141	1915753	S	1615	10248	11863	0.00032
Nitrosopumilus sp.	2024843	S	55	376	431	0.00001
uncultured Candidatus Nitrosopumilus sp.	517606	S	18	213	231	0.00001
Nitrososphaerales archaeon TH5895	2721602	S	145	0	145	0.00000
Candidatus Methanosuratincola sp.	2495426	S	873	571	1444	0.00004
Candidatus Bathyarchaeota archaeon	2026714	S	548	122	670	0.00002
Euryarchaeota archaeon UBA528	1915914	S	212681	176148	388829	0.01047
Euryarchaeota archaeon UBA623	1915969	S	28963	11189	40152	0.00108
Candidatus Poseidoniales archaeon	2163009	S	5169	3269	8438	0.00023
Marine Group II euryarchaeote MED-G34	2007295	S	2220	1156	3376	0.00009
Euryarchaeota archaeon UBA54	1915920	S	506	842	1348	0.00004
Euryarchaeota archaeon UBA58	1915943	S	451	251	702	0.00002
Euryarchaeota archaeon UBA128	1915803	S	418	159	577	0.00002
Euryarchaeota archaeon UBA552	1915930	S	249	14	263	0.00001
Marine Group II euryarchaeote MED-G35	2007296	S	117	21	138	0.00000
Marine Group II euryarchaeote MED-G36	2007297	S	108	63	171	0.00000
Euryarchaeota archaeon UBA251	1915860	S	74	41	115	0.00000
Euryarchaeota archaeon UBA250	1915859	S	60	146	206	0.00001
Euryarchaeota archaeon UBA175	1915821	S	50	69	119	0.00000
Euryarchaeota archaeon UBA60	1915951	S	39	0	39	0.00000
Euryarchaeota archaeon UBA439	1915887	S	34	113	147	0.00000
Euryarchaeota archaeon UBA126	1915801	S	27	60	87	0.00000
Marine Group II euryarchaeote MED-G33	2007294	S	16	1	17	0.00000
Euryarchaeota archaeon UBA242	1915855	S	12	10	22	0.00000
Euryarchaeota archaeon UBA4	1915882	S	12	8	20	0.00000
Candidatus Thalassoarchaea betae	2599289	S	1982	1454	3436	0.00009
Candidatus Thalassarchaeaceae archaeon	2670411	S	1424	1345	2769	0.00007
uncultured Candidatus Poseidoniales archaeon	274854	S	480	404	884	0.00002
Euryarchaeota archaeon UBA136	1915770	S	135453	298458	433911	0.01168
Marine Group III euryarchaeote CG-Bathy1	1889001	S	1643	400	2043	0.00005
Euryarchaeota archaeon UBA488	1915775	S	223	499	722	0.00002
uncultured marine group III euryarchaeote	360836	S	222	25	247	0.00001
Euryarchaeota archaeon UBA102	1915769	S	150	57	207	0.00001
Marine Group III euryarchaeote CG-Epi1	1888995	S	43	207	250	0.00001
Euryarchaeota archaeon	2026739	S	152671	76955	229626	0.00618
Euryarchaeota archaeon UBA24	1915765	S	75	2	77	0.00000
Marine Group IV archaeon HikBin4	2675329	S	1803	104	1907	0.00005
Halococcus sediminicola	1264579	S	26	24	50	0.00000
Natrialba chahannaoensis	68911	S	20	7	27	0.00000
Halobiforma haloterrestris	148448	S	14	10	24	0.00000
Candidatus Pacearchaeota archaeon	2026773	S	7107	721	7828	0.00021
Candidatus Woesearchaeota archaeon	2026803	S	860	60	920	0.00002
Nanoarchaeota archaeon	2026764	S	425	40	465	0.00001
archaeon	1906665	S	1270	242	1512	0.00004
