name	taxonomy_id	taxonomy_lvl	kraken_assigned_reads	added_reads	new_est_reads	fraction_total_reads
Gammaproteobacteria bacterium	1913989	S	2450288	617244	3067532	0.07512
Gammaproteobacteria bacterium UBA1119	1948582	S	419861	207075	626936	0.01535
gamma proteobacterium SCGC AAA007-O20	913327	S	179173	99946	279119	0.00684
gamma proteobacterium SCGC AB-629-P17	1131274	S	13819	17068	30887	0.00076
Gammaproteobacteria bacterium REDSEA-S15_B12	1811666	S	2083	1789	3872	0.00009
Gammaproteobacteria bacterium UBA3532	1948611	S	1045	649	1694	0.00004
Gammaproteobacteria bacterium UBA1961	1948588	S	405	85	490	0.00001
Gammaproteobacteria bacterium UBA7310	1948647	S	220	83	303	0.00001
Gammaproteobacteria bacterium UBA3498	1948609	S	216	39	255	0.00001
gamma proteobacterium SCGC AAA168-P09	1009426	S	98	48	146	0.00000
Gammaproteobacteria bacterium MFB021	1492922	S	60	150	210	0.00001
Gammaproteobacteria bacterium UBA7803	1948658	S	56	40	96	0.00000
Gammaproteobacteria bacterium HGW-Gammaproteobacteria-13	2013795	S	12	28	40	0.00000
Porticoccaceae bacterium UBA1117	1952748	S	1101424	108915	1210339	0.02964
gamma proteobacterium HTCC2207	314287	S	3423	697	4120	0.00010
SAR92 clade bacterium	2315479	S	454	229	683	0.00002
SAR92 bacterium BACL16 MAG-120619-bin48	1655625	S	41	25	66	0.00000
Porticoccaceae bacterium	2026782	S	2084	797	2881	0.00007
Porticoccaceae bacterium UBA4026	1952761	S	327	426	753	0.00002
Gammaproteobacteria bacterium MOLA455	1411685	S	24	5	29	0.00000
Cellvibrionaceae bacterium UBA1124	1951541	S	164740	2580	167320	0.00410
Cellvibrio mixtus	39650	S	299	5	304	0.00001
Marinimicrobium koreense	306545	S	15	0	15	0.00000
Haliea sp.	1932666	S	680	81	761	0.00002
marine gamma proteobacterium HTCC2080	247639	S	31	2	33	0.00000
Halieaceae bacterium	2026743	S	21	5	26	0.00000
uncultured Luminiphilus sp.	1655483	S	23	5	28	0.00000
Cellvibrionales bacterium UBA1963	1950785	S	493	22	515	0.00001
Cellvibrionales bacterium UBA2618	1950789	S	255	46	301	0.00001
Spongiibacter tropicus	454602	S	139	91	230	0.00001
Spongiibacter sp. IMCC21906	1620392	S	134	67	201	0.00000
Spongiibacter marinus	354246	S	43	30	73	0.00000
marine gamma proteobacterium HTCC2143	247633	S	32	1	33	0.00000
Marortus luteolus	2067667	S	29	10	39	0.00000
Colwellia sp.	56799	S	906441	470405	1376846	0.03372
Colwellia sp. 12G3	2058299	S	756	568	1324	0.00003
Colwellia sp. MB3u-41	2759811	S	432	219	651	0.00002
Colwellia sp. 75C3	888425	S	334	289	623	0.00002
Colwellia sp. PAMC 20917	1816218	S	187	200	387	0.00001
Colwellia sp. BRX10-3	2759844	S	49	32	81	0.00000
Colwellia sp. C1TZA3	2508879	S	46	35	81	0.00000
Colwellia sp. 39_35_sub15_T18	1856279	S	28	7	35	0.00000
Colwellia sp. TT2012	1720342	S	24	70	94	0.00000
Colwellia sp. 20A7	2689569	S	21	33	54	0.00000
Colwellia hornerae	89402	S	205	114	319	0.00001
Colwellia psychrerythraea	28229	S	72	39	111	0.00000
Colwellia demingiae	89401	S	54	61	115	0.00000
Colwellia piezophila	211668	S	49	13	62	0.00000
Cognaticolwellia aestuarii	329993	S	42	8	50	0.00000
Thalassotalea sp. PP2-459	1742724	S	14	1	15	0.00000
Alteromonas australica	589873	S	26155	10454	36609	0.00090
Alteromonas macleodii	28108	S	1252	1629	2881	0.00007
Alteromonas mediterranea	314275	S	894	1026	1920	0.00005
Alteromonas sp. IB21	2779369	S	450	336	786	0.00002
Alteromonas sp. KUL106	2480799	S	49	15	64	0.00000
Alteromonas sp. RKMC-009	2267264	S	21	3	24	0.00000
Alteromonas sp. KC3	2795688	S	18	4	22	0.00000
Alteromonas sp. 38	2653129	S	15	10	25	0.00000
Alteromonas alba	2079529	S	383	2539	2922	0.00007
Alteromonas oceani	2071609	S	205	706	911	0.00002
Alteromonas lipotrueiana	2803815	S	191	32	223	0.00001
Alteromonas profundi	2696062	S	108	51	159	0.00000
Alteromonas abrolhosensis	1892904	S	91	76	167	0.00000
Alteromonas antoniana	2803813	S	90	70	160	0.00000
Alteromonas marina	203795	S	58	67	125	0.00000
Alteromonas naphthalenivorans	715451	S	44	56	100	0.00000
Alteromonas oceanisediminis	2836180	S	34	6	40	0.00000
Alteromonas gracilis	1479524	S	19	9	28	0.00000
Alteromonas portus	2565549	S	15	10	25	0.00000
Salinimonas sediminis	2303538	S	299	193	492	0.00001
Salinimonas iocasae	2572577	S	206	54	260	0.00001
Salinimonas chungwhensis	265425	S	92	13	105	0.00000
Salinimonas profundi	2729140	S	12	6	18	0.00000
Alteromonadaceae bacterium UBA2620	1951386	S	1912	6550	8462	0.00021
Alteromonadaceae bacterium	1916082	S	1180	543	1723	0.00004
uncultured Paraglaciecola sp.	1765024	S	415	402	817	0.00002
Paraglaciecola psychrophila	326544	S	125	342	467	0.00001
Paraglaciecola arctica	1128911	S	76	69	145	0.00000
Paraglaciecola sp. MB-3u-78	2058332	S	49	149	198	0.00000
Paraglaciecola sp. 20A4	2687288	S	14	16	30	0.00000
Glaciecola punicea	56804	S	116	4	120	0.00000
uncultured Glaciecola sp.	291205	S	74	8	82	0.00000
Glaciecola pallidula	56807	S	36	30	66	0.00000
Bowmanella dokdonensis	751969	S	139	10	149	0.00000
Marisediminitalea aggregata	634436	S	46	6	52	0.00000
Hydrocarboniclastica marina	2259620	S	16	3	19	0.00000
Pseudoalteromonas atlantica	288	S	9405	11849	21254	0.00052
Pseudoalteromonas lipolytica	570156	S	3864	6318	10182	0.00025
Pseudoalteromonas tetraodonis	43659	S	2334	6097	8431	0.00021
Pseudoalteromonas sp. H71	1348395	S	327	275	602	0.00001
Pseudoalteromonas sp. H105	1348393	S	207	64	271	0.00001
Pseudoalteromonas sp. 0303	2743618	S	120	798	918	0.00002
Pseudoalteromonas sp. DL-6	1390185	S	103	260	363	0.00001
Pseudoalteromonas sp. EB27	1938368	S	86	268	354	0.00001
Pseudoalteromonas sp. MEBiC 03607	2563601	S	78	133	211	0.00001
Pseudoalteromonas sp.	53249	S	75	198	273	0.00001
Pseudoalteromonas sp. P1-25	1723758	S	58	53	111	0.00000
Pseudoalteromonas sp. NBT06-2	2025950	S	19	1	20	0.00000
Pseudoalteromonas sp. XI10	1766621	S	17	110	127	0.00000
Pseudoalteromonas sp. Z1A8	2686354	S	13	29	42	0.00000
Pseudoalteromonas rhizosphaerae	2518973	S	579	1294	1873	0.00005
Pseudoalteromonas marina	267375	S	451	447	898	0.00002
Pseudoalteromonas undina	43660	S	281	774	1055	0.00003
Pseudoalteromonas shioyasakiensis	1190813	S	269	1316	1585	0.00004
Pseudoalteromonas carrageenovora	227	S	107	189	296	0.00001
Pseudoalteromonas prydzensis	182141	S	103	80	183	0.00000
Pseudoalteromonas distincta	77608	S	74	334	408	0.00001
Pseudoalteromonas arabiensis	874454	S	68	35	103	0.00000
Pseudoalteromonas nigrifaciens	28109	S	37	109	146	0.00000
Pseudoalteromonas espejiana	28107	S	33	33	66	0.00000
Pseudoalteromonas arctica	394751	S	23	57	80	0.00000
Pseudoalteromonas ostreae	2774154	S	22	42	64	0.00000
Pseudoalteromonas gelatinilytica	1703256	S	16	44	60	0.00000
Pseudoalteromonas ruthenica	151081	S	15	2	17	0.00000
Algicola sp.	1872429	S	33	14	47	0.00000
Psychrosphaera haliotis	555083	S	12	2	14	0.00000
Idiomarina baltica	190892	S	1439	1560	2999	0.00007
Idiomarina loihiensis	135577	S	1073	462	1535	0.00004
Idiomarina aquatica	1327752	S	272	88	360	0.00001
Idiomarina zobellii	86103	S	227	357	584	0.00001
Idiomarina abyssalis	86102	S	138	77	215	0.00001
Idiomarina piscisalsi	1096243	S	42	45	87	0.00000
Idiomarina sp. MD25a	1889913	S	12	10	22	0.00000
Idiomarina seosinensis	281739	S	14	3	17	0.00000
Idiomarinaceae bacterium	1898113	S	360	308	668	0.00002
Pseudidiomarina aquimaris	641841	S	27	15	42	0.00000
Pseudidiomarina donghaiensis	519452	S	22	57	79	0.00000
Pseudidiomarina piscicola	2614830	S	15	6	21	0.00000
Moritella sp. JT01	756698	S	65	233	298	0.00001
Moritella sp.	78556	S	16	83	99	0.00000
Moritella viscosa	80854	S	16	81	97	0.00000
Shewanella sp. 10N.286.51.B7	1880836	S	50	30	80	0.00000
Shewanella hanedai	25	S	20	6	26	0.00000
Shewanella psychrophila	225848	S	15	22	37	0.00000
Shewanella inventionis	1738770	S	14	34	48	0.00000
Shewanella xiamenensis	332186	S	12	51	63	0.00000
Salinicola salarius	430457	S	98992	64079	163071	0.00399
Salinicola peritrichatus	1267424	S	1068	575	1643	0.00004
Salinicola sp.	1978524	S	574	1104	1678	0.00004
Salinicola halophyticus	1808881	S	206	77	283	0.00001
Salinicola corii	2606937	S	169	233	402	0.00001
Salinicola rhizosphaerae	1443141	S	60	7	67	0.00000
Salinicola halimionae	1949081	S	27	5	32	0.00000
Salinicola socius	404433	S	18	5	23	0.00000
Salinicola lusitanus	1949085	S	13	12	25	0.00000
Halomonas aquamarina	77097	S	5656	24934	30590	0.00075
Halomonas sulfidaeris	115553	S	4482	1617	6099	0.00015
Halomonas sp. UBA3074	1946584	S	2178	3111	5289	0.00013
Halomonas sp.	1486246	S	324	187	511	0.00001
Halomonas sp. A40-4	2785909	S	53	60	113	0.00000
Halomonas sp. 54_146	1635257	S	47	46	93	0.00000
Halomonas sp. HAL1	550984	S	43	116	159	0.00000
Halomonas sp. PR-M31	1471202	S	28	1	29	0.00000
Halomonas sp. EAR18	2518972	S	20	8	28	0.00000
Halomonas zincidurans	1178777	S	2832	1504	4336	0.00011
Halomonas lionensis	1144478	S	758	2632	3390	0.00008
Halomonas piezotolerans	2609667	S	508	631	1139	0.00003
Halomonas alkaliantarctica	232346	S	461	661	1122	0.00003
Halomonas sedimenti	2729618	S	353	647	1000	0.00002
Halomonas taeanensis	284577	S	264	107	371	0.00001
Halomonas meridiana	29570	S	233	361	594	0.00001
Halomonas maris	2729617	S	212	661	873	0.00002
Halomonas titanicae	664683	S	130	355	485	0.00001
Halomonas salicampi	1449798	S	127	45	172	0.00000
Halomonas ilicicola	480814	S	71	16	87	0.00000
Halomonas litopenaei	2109328	S	71	66	137	0.00000
Halomonas glaciei	186761	S	65	213	278	0.00001
Halomonas stevensii	502821	S	57	244	301	0.00001
Halomonas alimentaria	147248	S	50	76	126	0.00000
Halomonas xianhensis	442341	S	47	18	65	0.00000
Halomonas ventosae	229007	S	33	43	76	0.00000
Halomonas hamiltonii	502829	S	32	101	133	0.00000
Halomonas salina	42565	S	30	52	82	0.00000
Halomonas venusta	44935	S	21	11	32	0.00000
Halomonas lutescens	1602943	S	21	9	30	0.00000
Halomonas nanhaiensis	1258546	S	12	10	22	0.00000
Cobetia amphilecti	1055104	S	2458	1661	4119	0.00010
Cobetia crustatorum	553385	S	122	91	213	0.00001
Cobetia marina	28258	S	30	19	49	0.00000
Chromohalobacter israelensis	141390	S	2596	2344	4940	0.00012
Chromohalobacter salexigens	158080	S	25	36	61	0.00000
Chromohalobacter canadensis	141389	S	12	10	22	0.00000
Kushneria aurantia	504092	S	95	21	116	0.00000
Kushneria marisflavi	157779	S	16	145	161	0.00000
Kushneria phyllosphaerae	2100822	S	16	29	45	0.00000
Pistricoccus aurantiacus	1883414	S	54	5	59	0.00000
Oceanospirillaceae bacterium UBA1126	1952987	S	165648	6724	172372	0.00422
Oceanospirillaceae bacterium UBA2001	1952988	S	3877	2710	6587	0.00016
Oceanospirillaceae bacterium	1899355	S	1270	326	1596	0.00004
Oceanospirillaceae bacterium ASP10-02a	1622229	S	943	20	963	0.00002
Oceanospirillaceae bacterium UBA7410	1952991	S	16	0	16	0.00000
Thalassolituus oleivorans	187493	S	1964	952	2916	0.00007
Thalassolituus sp. UBA2107	1947659	S	287	333	620	0.00002
Thalassolituus sp. UBA674	1947666	S	119	37	156	0.00000
Thalassolituus sp. C2-1	2597518	S	113	38	151	0.00000
Neptuniibacter sp. UBA6509	1946976	S	58	9	67	0.00000
Neptuniibacter pectenicola	1806669	S	52	9	61	0.00000
Neptuniibacter marinus	1806670	S	49	10	59	0.00000
Marinomonas sp. A3A	2065312	S	16	24	40	0.00000
Marinomonas sp. SBI8L	1561205	S	13	6	19	0.00000
Marinomonas primoryensis	178399	S	22	8	30	0.00000
Bermanella sp.	2024825	S	54	40	94	0.00000
Oceanobacter sp.	2030817	S	14	4	18	0.00000
Alloalcanivorax venustensis	172371	S	2492	8656	11148	0.00027
Alloalcanivorax profundimaris	2735259	S	683	791	1474	0.00004
Alloalcanivorax mobilis	2019569	S	332	85	417	0.00001
Alloalcanivorax marinus	1177169	S	76	50	126	0.00000
Alloalcanivorax gelatiniphagus	1194167	S	38	30	68	0.00000
Alloalcanivorax xenomutans	1094342	S	13	19	32	0.00000
Alcanivorax sp.	1872427	S	479	419	898	0.00002
Alcanivorax sp. DSM 26293	1798238	S	291	419	710	0.00002
Alcanivorax sp. UBA4485	1945988	S	173	228	401	0.00001
Alcanivorax sp. DP30	2606217	S	126	44	170	0.00000
Alcanivorax sp. 24	2545266	S	25	26	51	0.00000
Alcanivorax sp. DG881	236097	S	17	19	36	0.00000
Alcanivorax jadensis	64988	S	589	353	942	0.00002
Alcanivorax borkumensis	59754	S	511	206	717	0.00002
Alcanivorax hongdengensis	519051	S	69	38	107	0.00000
Alcanivorax nanhaiticus	1177154	S	17	20	37	0.00000
Alcanivorax profundi	2338368	S	14	55	69	0.00000
Ketobacter sp.	2083498	S	185	36	221	0.00001
Alcanivoracaceae bacterium	2024895	S	18	24	42	0.00000
Endozoicomonas sp. G2_2	2821092	S	187	179	366	0.00001
Saccharospirillaceae bacterium	2497634	S	175	303	478	0.00001
Candidatus Thioglobus sp. MED-G25	1986229	S	167096	71803	238899	0.00585
Candidatus Thioglobus sp.	2026721	S	4546	3974	8520	0.00021
Candidatus Thioglobus sp. NP1	2508687	S	197	51	248	0.00001
Candidatus Thioglobus sp. REDSEA-S12_B1	1811594	S	12	4	16	0.00000
uncultured Candidatus Thioglobus sp.	655186	S	36329	53065	89394	0.00219
Candidatus Thioglobus autotrophicus	1705394	S	168	86	254	0.00001
Candidatus Thioglobus perditus	2058498	S	27	3	30	0.00000
SAR86 cluster bacterium SAR86B	1123867	S	3377	1532	4909	0.00012
uncultured SAR86 cluster bacterium	648174	S	1435	294	1729	0.00004
SAR86 cluster bacterium REDSEA-S09_B4	1811643	S	265	15	280	0.00001
uncultured OM182 clade bacterium	1128416	S	53	7	60	0.00000
OM182 bacterium MED-G28	1986256	S	47	6	53	0.00000
OM182 bacterium BACL3 MAG-120619-bin3	1655593	S	28	22	50	0.00000
K189A clade bacterium	2315472	S	22	11	33	0.00000
Pseudohongiella acticola	1524254	S	78	25	103	0.00000
Pseudohongiella nitratireducens	1768907	S	24	17	41	0.00000
Candidatus Pseudothioglobus aerophilus	2841689	S	91	165	256	0.00001
Thiotrichales bacterium	2026796	S	113063	16267	129330	0.00317
Methylophaga sp.	2024840	S	1686	767	2453	0.00006
Methylophaga sp. UBA2689	1946878	S	64	207	271	0.00001
Methylophaga aminisulfidivorans	230105	S	44	51	95	0.00000
Cycloclasticus sp.	2024830	S	226	67	293	0.00001
Cycloclasticus pugetii	34068	S	39	4	43	0.00000
Piscirickettsiaceae bacterium	2030828	S	100	10	110	0.00000
uncultured Francisellaceae bacterium	393692	S	1711	17	1728	0.00004
Francisella sp.	2047875	S	87	27	114	0.00000
Thiotrichaceae bacterium	2030882	S	1442	153	1595	0.00004
Psychrobacter submarinus	154108	S	57377	46703	104080	0.00255
Psychrobacter sp. Cmf 22.2	1926478	S	778	273	1051	0.00003
Psychrobacter sp. UBA3480	1947350	S	361	923	1284	0.00003
Psychrobacter sp. Choline-02u-9	2058310	S	143	899	1042	0.00003
Psychrobacter sp. Pi2-1	2774131	S	58	187	245	0.00001
Psychrobacter sp. JCM 18900	1298608	S	55	133	188	0.00000
Psychrobacter sp. bablab_jr014	2755139	S	40	13	53	0.00000
Psychrobacter sp. UBA3483	1947351	S	37	34	71	0.00000
Psychrobacter sp. BI730	2705463	S	30	151	181	0.00000
Psychrobacter sp. PG1	2742618	S	29	276	305	0.00001
Psychrobacter sp. JB385	1434841	S	27	6	33	0.00000
Psychrobacter sp. JCM 18901	1298609	S	22	98	120	0.00000
Psychrobacter sp. FME13	2487708	S	21	10	31	0.00000
Psychrobacter sp. P2G3	1699622	S	18	3	21	0.00000
Psychrobacter sp. Pi2-52	2774133	S	16	64	80	0.00000
Psychrobacter sp. FME6	2487707	S	15	8	23	0.00000
Psychrobacter sp.	56811	S	14	0	14	0.00000
Psychrobacter sp. P11G3	1699623	S	12	33	45	0.00000
Psychrobacter pacificensis	112002	S	1211	3222	4433	0.00011
Psychrobacter glacincola	56810	S	1065	5316	6381	0.00016
Psychrobacter celer	306572	S	774	586	1360	0.00003
Psychrobacter cryohalolentis	330922	S	583	293	876	0.00002
Psychrobacter piscatorii	554343	S	439	678	1117	0.00003
Psychrobacter immobilis	498	S	181	605	786	0.00002
Psychrobacter sanguinis	861445	S	165	56	221	0.00001
Psychrobacter proteolyticus	147825	S	92	226	318	0.00001
Psychrobacter fulvigenes	533323	S	89	63	152	0.00000
Psychrobacter coccoides	2818440	S	82	21	103	0.00000
Psychrobacter faecalis	180588	S	74	62	136	0.00000
Psychrobacter namhaensis	292734	S	60	20	80	0.00000
Psychrobacter aquimaris	292733	S	24	24	48	0.00000
Psychrobacter okhotskensis	212403	S	21	17	38	0.00000
Psychrobacter nivimaris	281738	S	18	129	147	0.00000
Psychrobacter jeotgali	179010	S	15	4	19	0.00000
Psychrobacter pasteurii	1945520	S	15	10	25	0.00000
Psychrobacter glaciei	619771	S	12	7	19	0.00000
Acinetobacter venetianus	52133	S	1190	1019	2209	0.00005
Acinetobacter johnsonii	40214	S	394	1188	1582	0.00004
Acinetobacter guillouiae	106649	S	191	214	405	0.00001
Acinetobacter ursingii	108980	S	174	428	602	0.00001
Acinetobacter sp. P8-3-8	1029823	S	22	30	52	0.00000
Acinetobacter sp. WCHA55	2004646	S	19	50	69	0.00000
Acinetobacter sp. ANC 4204	1977884	S	18	25	43	0.00000
Acinetobacter sp. UBA3060	1945934	S	18	397	415	0.00001
Acinetobacter lwoffii	28090	S	131	1967	2098	0.00005
Acinetobacter baumannii	470	S	47	89	136	0.00000
Acinetobacter seifertii	1530123	S	14	45	59	0.00000
Acinetobacter baylyi	202950	S	78	47	125	0.00000
Acinetobacter rudis	632955	S	51	7	58	0.00000
Acinetobacter idrijaensis	1507807	S	45	1082	1127	0.00003
Acinetobacter parvus	134533	S	37	115	152	0.00000
Acinetobacter junii	40215	S	32	95	127	0.00000
Acinetobacter bereziniae	106648	S	21	50	71	0.00000
Acinetobacter schindleri	108981	S	18	38	56	0.00000
Acinetobacter pseudolwoffii	2053287	S	17	38	55	0.00000
Acinetobacter ihumii	2483802	S	12	17	29	0.00000
Moraxella catarrhalis	480	S	948	319	1267	0.00003
Moraxella lincolnii	90241	S	693	95	788	0.00002
Moraxella osloensis	34062	S	65	138	203	0.00000
Moraxellaceae bacterium REDSEA-S32_B1	1811612	S	41	12	53	0.00000
Acidiferrobacteraceae bacterium	2024893	S	68971	49176	118147	0.00289
Pseudomonas sp. SSM44	2487347	S	2262	1664	3926	0.00010
Pseudomonas sp.	306	S	391	1405	1796	0.00004
Pseudomonas sp. UBA2684	1947311	S	289	366	655	0.00002
Pseudomonas sp. 02C 26	2054914	S	46	31	77	0.00000
Pseudomonas sp. HMWF032	2056866	S	21	13	34	0.00000
Pseudomonas sp. Ant30-3	1488328	S	18	30	48	0.00000
Pseudomonas sp. SST3	2267882	S	16	35	51	0.00000
Pseudomonas veronii	76761	S	661	1693	2354	0.00006
Pseudomonas azotoformans	47878	S	587	1725	2312	0.00006
Pseudomonas fluorescens	294	S	18	43	61	0.00000
Pseudomonas peli	592361	S	910	1255	2165	0.00005
Pseudomonas khazarica	2502979	S	206	217	423	0.00001
Pseudomonas marincola	437900	S	135	49	184	0.00000
Pseudomonas putida	303	S	97	214	311	0.00001
Pseudomonas alcaligenes	43263	S	31	56	87	0.00000
Pseudomonas aeruginosa	287	S	13	15	28	0.00000
Pseudomonas hunanensis	1247546	S	31	63	94	0.00000
Pseudomonas brassicae	2708063	S	24	33	57	0.00000
Pseudomonas helleri	1608996	S	24	16	40	0.00000
Pseudomonas qingdaonensis	2056231	S	20	24	44	0.00000
Pseudomonas saliphila	2586906	S	16	6	22	0.00000
Pseudomonas juntendi	2666183	S	14	30	44	0.00000
Pseudomonas seleniipraecipitans	640205	S	13	6	19	0.00000
Stutzerimonas stutzeri	316	S	2498	3523	6021	0.00015
Stutzerimonas kunmingensis	1211807	S	28	437	465	0.00001
Stutzerimonas balearica	74829	S	17	33	50	0.00000
Halopseudomonas aestusnigri	857252	S	1181	856	2037	0.00005
Halopseudomonas gallaeciensis	857227	S	483	351	834	0.00002
Halopseudomonas pachastrellae	254161	S	322	331	653	0.00002
Halopseudomonas oceani	1708783	S	56	42	98	0.00000
Halopseudomonas sabulinigri	472181	S	40	6	46	0.00000
Halopseudomonas pelagia	553151	S	18	8	26	0.00000
Pseudomonadaceae bacterium SI-3	2079806	S	160	193	353	0.00001
Pseudomonadaceae bacterium UBA836	1952795	S	23	16	39	0.00000
Marinobacter vinifirmus	355591	S	3379	4744	8123	0.00020
Marinobacter sp. R17	2484250	S	371	158	529	0.00001
Marinobacter sp.	50741	S	148	111	259	0.00001
Marinobacter sp. B9-2	2137198	S	102	339	441	0.00001
Marinobacter sp. Arc7-DN-1	2304594	S	65	66	131	0.00000
Marinobacter sp. LQ44	1749259	S	53	123	176	0.00000
Marinobacter sp. 1-4A	2582919	S	20	15	35	0.00000
Marinobacter sp. JH2	2547598	S	19	12	31	0.00000
Marinobacter sp. EhC06	1849169	S	15	25	40	0.00000
Marinobacter nauticus	2743	S	658	380	1038	0.00003
Marinobacter fuscus	2109942	S	475	601	1076	0.00003
Marinobacter oulmenensis	643747	S	243	34	277	0.00001
Marinobacter salarius	1420917	S	204	375	579	0.00001
Marinobacter manganoxydans	1150997	S	165	2324	2489	0.00006
Marinobacter lutaoensis	135739	S	133	44	177	0.00000
Marinobacter persicus	930118	S	107	96	203	0.00000
Marinobacter segnicrescens	430453	S	67	30	97	0.00000
Marinobacter flavimaris	262076	S	64	938	1002	0.00002
Marinobacter salsuginis	418719	S	59	61	120	0.00000
Marinobacter lipolyticus	209639	S	41	26	67	0.00000
Marinobacter adhaerens	1033846	S	39	293	332	0.00001
Marinobacter litoralis	187981	S	31	6	37	0.00000
Marinobacter nanhaiticus	1305740	S	19	4	23	0.00000
Marinobacter shengliensis	1389223	S	15	21	36	0.00000
Marinobacter pelagius	379482	S	13	7	20	0.00000
Marinobacter maritimus	277961	S	12	7	19	0.00000
uncultured Pseudomonadales bacterium	332614	S	144	43	187	0.00000
Pseudomonadales bacterium	1891229	S	110	29	139	0.00000
Salinisphaera shabanensis	180542	S	19744	7967	27711	0.00068
Salinisphaera japonica	1304270	S	3902	2949	6851	0.00017
Salinisphaera hydrothermalis	563188	S	1312	207	1519	0.00004
Salinisphaera sp. UBA6602	1947455	S	321	218	539	0.00001
Salinisphaera sp.	1914330	S	233	110	343	0.00001
Salinisphaera sp. UBA1666	1947454	S	232	92	324	0.00001
Salinisphaera sp. LB1	2183911	S	13	0	13	0.00000
Salinisphaera halophila	1304158	S	99	307	406	0.00001
Salinisphaera orenii	856731	S	46	135	181	0.00000
Abyssibacter profundi	2182787	S	25	5	30	0.00000
Woeseia sp.	1980636	S	11576	856	12432	0.00030
Woeseiaceae bacterium	2026806	S	4082	2670	6752	0.00017
uncultured Woeseiaceae bacterium	1983305	S	1042	60	1102	0.00003
Arsukibacterium sp. UBA5043	1946062	S	1275	262	1537	0.00004
Arsukibacterium sp. UBA3155	1946058	S	245	52	297	0.00001
Rheinheimera aquimaris	412437	S	159	58	217	0.00001
Chromatiales bacterium	2026725	S	86	10	96	0.00000
Candidatus Macondimonas diazotrophica	2305248	S	20	30	50	0.00000
Ectothiorhodospiraceae bacterium	2026737	S	15	3	18	0.00000
uncultured Gammaproteobacteria bacterium	86473	S	18301	3808	22109	0.00054
Xanthomonadales bacterium	2006849	S	8433	1338	9771	0.00024
Oleiagrimonas sp. C23AA	2719047	S	1314	184	1498	0.00004
Rudaea sp. 3F27F6	2502208	S	50	6	56	0.00000
Stenotrophomonas maltophilia	40324	S	48	269	317	0.00001
Xanthomonas campestris	339	S	67	78	145	0.00000
Escherichia coli	562	S	36	400	436	0.00001
Enterobacter sp. DE0047	2584949	S	14	246	260	0.00001
Klebsiella variicola	244366	S	16	121	137	0.00000
Citrobacter koseri	545	S	12	84	96	0.00000
Leclercia adecarboxylata	83655	S	16	86	102	0.00000
Pantoea sp. UBA6564	1947042	S	21	89	110	0.00000
Pantoea brenneri	472694	S	26	126	152	0.00000
Pantoea agglomerans	549	S	19	78	97	0.00000
Pantoea dispersa	59814	S	14	30	44	0.00000
Erwinia persicina	55211	S	45	39	84	0.00000
Erwinia sp. E602	2675378	S	27	30	57	0.00000
Mixta calida	665913	S	33	71	104	0.00000
Rahnella aceris	2703885	S	20	46	66	0.00000
Rahnella bonaserana	2816248	S	19	64	83	0.00000
Proteus mirabilis	584	S	51	53	104	0.00000
Methylococcaceae bacterium UBA1147	1952219	S	1377	237	1614	0.00004
Methylococcaceae bacterium	1933926	S	20	2	22	0.00000
Methyloprofundus sp.	2020875	S	18	1	19	0.00000
Methylococcales bacterium OPU3_GD_OMZ	1920888	S	488	76	564	0.00001
Vibrio alginolyticus	663	S	38	93	131	0.00000
Vibrio campbellii	680	S	12	31	43	0.00000
Vibrio crassostreae	246167	S	92	1087	1179	0.00003
Vibrio fortis	212667	S	26	30	56	0.00000
Vibrio sp. VB16	2785746	S	16	4	20	0.00000
Vibrio splendidus	29497	S	19	175	194	0.00000
Vibrio fluvialis	676	S	13	15	28	0.00000
Vibrio lentus	136468	S	13	89	102	0.00000
Legionellales bacterium	2026754	S	206	29	235	0.00001
Legionella rowbothamii	96229	S	59	64	123	0.00000
Coxiellaceae bacterium	2026727	S	12	1	13	0.00000
Haemophilus parainfluenzae	729	S	45	434	479	0.00001
Mannheimia sp. USDA-ARS-USMARC-1261	1432056	S	12	6	18	0.00000
Polycyclovorans sp.	2024852	S	104	136	240	0.00001
uncultured Nevskia sp.	228950	S	16	2	18	0.00000
Pelagibacteraceae bacterium	2026775	S	277594	236841	514435	0.01260
alpha proteobacterium SCGC AAA288-E13	939316	S	3042	19090	22132	0.00054
Pelagibacteraceae bacterium AG-464-P07	2162008	S	2314	4111	6425	0.00016
alpha proteobacterium SCGC AAA240-E13	939306	S	1885	7858	9743	0.00024
alpha proteobacterium SCGC AAA288-G21	939324	S	1542	4324	5866	0.00014
Pelagibacteraceae bacterium AG-422-B15	2162051	S	1477	11470	12947	0.00032
alpha proteobacterium SCGC AAA288-N07	939346	S	888	2111	2999	0.00007
Pelagibacteraceae bacterium AG-464-B04	2162007	S	518	292	810	0.00002
Pelagibacteraceae bacterium AG-414-M23	2162016	S	21	28	49	0.00000
Candidatus Pelagibacter sp.	2024849	S	70578	128246	198824	0.00487
uncultured Candidatus Pelagibacter sp.	372654	S	26576	26672	53248	0.00130
Candidatus Pelagibacter ubique	198252	S	60	563	623	0.00002
Candidatus Pelagibacter giovannonii	2563896	S	32	89	121	0.00000
uncultured Pelagibacteraceae bacterium	1667051	S	90371	257680	348051	0.00852
Pelagibacterales bacterium	2026776	S	633	1145	1778	0.00004
Alphaproteobacteria bacterium MarineAlpha3_Bin6	2013072	S	211344	23009	234353	0.00574
Alphaproteobacteria bacterium MarineAlpha5_Bin3	2013078	S	141778	10563	152341	0.00373
Alphaproteobacteria bacterium MarineAlpha3_Bin3	2013069	S	60741	19310	80051	0.00196
Alphaproteobacteria bacterium	1913988	S	42380	10952	53332	0.00131
Alphaproteobacteria bacterium MarineAlpha9_Bin7	2013102	S	31982	3070	35052	0.00086
Alphaproteobacteria bacterium MarineAlpha3_Bin2	2013068	S	23603	2549	26152	0.00064
Alphaproteobacteria bacterium MarineAlpha9_Bin6	2013101	S	14887	196	15083	0.00037
Alphaproteobacteria bacterium MarineAlpha10_Bin3	2013105	S	6435	706	7141	0.00017
Alphaproteobacteria bacterium MarineAlpha6_Bin2	2013089	S	4720	263	4983	0.00012
Alphaproteobacteria bacterium MarineAlpha9_Bin1	2013096	S	4247	373	4620	0.00011
Alphaproteobacteria bacterium MarineAlpha10_Bin2	2013104	S	1432	48	1480	0.00004
Alphaproteobacteria bacterium UBA6544	1948430	S	202	55	257	0.00001
Alphaproteobacteria bacterium UBA2964	1948376	S	168	994	1162	0.00003
Alphaproteobacteria bacterium UBA4588	1948399	S	117	27	144	0.00000
alpha proteobacterium SCGC AAA015-N04	939296	S	88	292	380	0.00001
alpha proteobacterium MED-G09	2007301	S	76	1	77	0.00000
Alphaproteobacteria bacterium MarineAlpha3_Bin4	2013070	S	57	2	59	0.00000
Alphaproteobacteria bacterium MarineAlpha5_Bin5	2013080	S	28	2	30	0.00000
Alphaproteobacteria bacterium UBA830	1948451	S	22	0	22	0.00000
Alphaproteobacteria bacterium UBA3612	1948389	S	20	10	30	0.00000
Alphaproteobacteria bacterium HGW-Alphaproteobacteria-14	2013660	S	12	10	22	0.00000
Erythrobacter sp. A30-3	2785907	S	21423	27480	48903	0.00120
Erythrobacter sp. HI0063	1822240	S	19609	19938	39547	0.00097
Erythrobacter sp. 3-20A1M	2653850	S	5587	4494	10081	0.00025
Erythrobacter sp.	1042	S	5061	3299	8360	0.00020
Erythrobacter sp. UBA2510	1946470	S	60	110	170	0.00000
Erythrobacter sp. SD-21	161528	S	30	14	44	0.00000
Erythrobacter sp. CCH5-A1	1768792	S	24	39	63	0.00000
Erythrobacter sp. UBA1916	1946469	S	14	17	31	0.00000
Erythrobacter aureus	2182384	S	444	151	595	0.00001
Erythrobacter longus	1044	S	164	21	185	0.00000
Erythrobacter litoralis	39960	S	164	158	322	0.00001
Erythrobacter donghaensis	267135	S	49	53	102	0.00000
Erythrobacter colymbi	1161202	S	21	29	50	0.00000
Qipengyuania citrea	225971	S	12342	13285	25627	0.00063
Qipengyuania pelagi	994320	S	1097	1131	2228	0.00005
Qipengyuania flava	192812	S	215	65	280	0.00001
Qipengyuania vulgaris	291985	S	192	120	312	0.00001
Qipengyuania nanhaisediminis	604088	S	49	47	96	0.00000
Qipengyuania sp. YIM B01966	2778646	S	25	12	37	0.00000
Qipengyuania oceanensis	1463597	S	13	10	23	0.00000
Aurantiacibacter zhengii	2307003	S	338	293	631	0.00002
Aurantiacibacter atlanticus	1648404	S	149	33	182	0.00000
Aurantiacibacter spongiae	2488860	S	13	4	17	0.00000
Altericroceibacterium spongiae	2320269	S	430	239	669	0.00002
Altericroceibacterium endophyticum	1808508	S	95	6	101	0.00000
Croceicoccus sp.	1927144	S	229	521	750	0.00002
Croceicoccus marinus	450378	S	42	31	73	0.00000
Croceicoccus bisphenolivorans	1783232	S	42	29	71	0.00000
Croceicoccus sediminis	2571150	S	13	3	16	0.00000
Pelagerythrobacter marensis	543877	S	100	19	119	0.00000
Pelagerythrobacter marinus	538382	S	17	15	32	0.00000
Pelagerythrobacter aerophilus	2306995	S	13	9	22	0.00000
Actirhodobacter atriluteus	2744473	S	93	45	138	0.00000
Pseudopontixanthobacter vadosimaris	2726450	S	86	55	141	0.00000
Altererythrobacter sp.	1872480	S	17	3	20	0.00000
Altererythrobacter sp. B11	2060312	S	15	11	26	0.00000
Croceibacterium atlanticum	1267766	S	34	23	57	0.00000
Tsuneonella flava	2055955	S	17	7	24	0.00000
Tsuneonella suprasediminis	2306996	S	15	19	34	0.00000
Erythrobacteraceae bacterium	2026738	S	21	2	23	0.00000
Alteriqipengyuania lutimaris	1538146	S	25	5	30	0.00000
Alteripontixanthobacter muriae	2705546	S	24	2	26	0.00000
Sphingomonas sp. SKA58	314266	S	5452	10005	15457	0.00038
Sphingomonas sp.	28214	S	5185	1896	7081	0.00017
Sphingomonas sp. CCH10-B3	1768757	S	2195	7133	9328	0.00023
Sphingomonas sp. Ant H11	1564113	S	1147	3283	4430	0.00011
Sphingomonas sp. UBA4766	1947532	S	539	330	869	0.00002
Sphingomonas sp. FARSPH	2219696	S	180	81	261	0.00001
Sphingomonas sp. CCH21-G11	1768749	S	90	122	212	0.00001
Sphingomonas sp. 3P27F8	2502213	S	47	160	207	0.00001
Sphingomonas sp. 35-24ZXX	1545915	S	38	9	47	0.00000
Sphingomonas sp. CCH9-E2	1768776	S	35	56	91	0.00000
Sphingomonas sp. EC-HK361	2038397	S	19	24	43	0.00000
Sphingomonas sp. 32-62-10	1970436	S	14	2	16	0.00000
Sphingomonas sp. TDK1	453247	S	14	24	38	0.00000
Sphingomonas echinoides	59803	S	248	394	642	0.00002
Sphingomonas abaci	237611	S	240	348	588	0.00001
Sphingomonas ginsenosidimutans	862134	S	158	280	438	0.00001
Sphingomonas yabuuchiae	172044	S	65	96	161	0.00000
Sphingomonas ursincola	56361	S	46	56	102	0.00000
Sphingomonas zeae	1646122	S	41	102	143	0.00000
Sphingomonas aquatilis	93063	S	40	128	168	0.00000
Sphingomonas paucimobilis	13689	S	34	51	85	0.00000
Sphingomonas sanxanigenens	397260	S	16	12	28	0.00000
Sphingomonas trueperi	53317	S	14	17	31	0.00000
Sphingomonadaceae bacterium	1930536	S	14080	4544	18624	0.00046
Sphingomonadaceae bacterium MED-G03	1986231	S	101	55	156	0.00000
Novosphingopyxis iocasae	2762729	S	2856	1678	4534	0.00011
Novosphingopyxis baekryungensis	279369	S	424	83	507	0.00001
Citromicrobium sp.	2024827	S	1598	1015	2613	0.00006
Citromicrobium sp. UBA3494	1946345	S	583	997	1580	0.00004
Citromicrobium sp. JLT1363	517722	S	96	168	264	0.00001
Citromicrobium bathyomarinum	72174	S	253	256	509	0.00001
Sphingobium sp. TCM1	453246	S	189	285	474	0.00001
Sphingobium sp. CCH11-B1	1768781	S	144	411	555	0.00001
Sphingobium sp. C100	1207055	S	67	128	195	0.00000
Sphingobium sp.	1912891	S	46	27	73	0.00000
Sphingobium sp. Z007	627495	S	25	58	83	0.00000
Sphingobium sp. KCTC 72723	2733867	S	24	24	48	0.00000
Sphingobium sp. Ant17	1461752	S	20	46	66	0.00000
Sphingobium xenophagum	121428	S	511	910	1421	0.00003
Sphingobium lactosutens	522773	S	85	349	434	0.00001
Sphingobium yanoikuyae	13690	S	64	181	245	0.00001
Sphingobium limneticum	1007511	S	51	98	149	0.00000
Sphingobium indicum	332055	S	46	79	125	0.00000
Sphingobium abikonense	86193	S	24	72	96	0.00000
Sphingobium faniae	570446	S	16	33	49	0.00000
Sphingobium psychrophilum	2728834	S	13	32	45	0.00000
Novosphingobium sp. NDB2Meth1	1892847	S	443	461	904	0.00002
Novosphingobium sp. B1	1938756	S	70	89	159	0.00000
Novosphingobium sp. 28-62-57	1970409	S	46	18	64	0.00000
Novosphingobium sp. PC22D	1962403	S	28	36	64	0.00000
Novosphingobium sp. SCN 66-18	1660121	S	12	38	50	0.00000
Novosphingobium indicum	462949	S	452	502	954	0.00002
Novosphingobium marinum	1514948	S	47	42	89	0.00000
Novosphingobium silvae	2692619	S	38	91	129	0.00000
Novosphingobium aquimarinum	2682494	S	33	49	82	0.00000
Novosphingobium pentaromativorans	205844	S	28	28	56	0.00000
Novosphingobium barchaimii	1420591	S	27	43	70	0.00000
Novosphingobium panipatense	428991	S	20	34	54	0.00000
Sphingopyxis sp.	1908224	S	279	243	522	0.00001
Sphingopyxis sp. H073	1759079	S	35	85	120	0.00000
Sphingopyxis sp. 2PD	2502196	S	28	61	89	0.00000
Sphingopyxis terrae	33052	S	191	263	454	0.00001
Sphingopyxis macrogoltabida	33050	S	35	49	84	0.00000
Sphingopyxis indica	436663	S	25	23	48	0.00000
Stakelama pacifica	517720	S	335	298	633	0.00002
Blastomonas marina	1867408	S	79	75	154	0.00000
Blastomonas natatoria	34015	S	36	38	74	0.00000
Blastomonas fulva	1550728	S	25	11	36	0.00000
Sphingosinithalassobacter portus	2676234	S	128	52	180	0.00000
Rhizorhabdus histidinilytica	439228	S	49	44	93	0.00000
Rhizorhabdus sp.	1968843	S	46	86	132	0.00000
uncultured Parasphingopyxis sp.	1547918	S	15	28	43	0.00000
Sphingomonadales bacterium Ga0077557	1752232	S	240	90	330	0.00001
Sphingomonadales bacterium	1978525	S	238	115	353	0.00001
Sphingomonadales bacterium BRH_c42	1734407	S	30	14	44	0.00000
Pacificimonas flava	1234595	S	95	59	154	0.00000
Sulfitobacter sp. D7	1968541	S	2038	9692	11730	0.00029
Sulfitobacter sp.	1903071	S	1286	2811	4097	0.00010
Sulfitobacter sp. R18_2	2821105	S	532	1382	1914	0.00005
Sulfitobacter sp. HI0040	1822232	S	55	74	129	0.00000
Sulfitobacter sp. DFL-14	215828	S	42	92	134	0.00000
Sulfitobacter sp. BSw21498	664426	S	36	120	156	0.00000
Sulfitobacter sp. JK7-1	2829501	S	28	6	34	0.00000
Sulfitobacter pontiacus	60137	S	6521	11430	17951	0.00044
Sulfitobacter litoralis	335975	S	273	1158	1431	0.00004
Sulfitobacter dubius	218673	S	83	134	217	0.00001
Sulfitobacter indolifex	225422	S	74	142	216	0.00001
Sulfitobacter delicatus	218672	S	53	102	155	0.00000
Sulfitobacter maritimus	2741719	S	26	20	46	0.00000
uncultured Sulfitobacter sp.	191468	S	16	3	19	0.00000
Sulfitobacter alexandrii	1917485	S	13	6	19	0.00000
Salipiger profundus	1229727	S	6105	7818	13923	0.00034
Salipiger bermudensis	344736	S	3101	3932	7033	0.00017
Salipiger marinus	555512	S	457	561	1018	0.00002
Salipiger sp. CCB-MM3	1792508	S	88	53	141	0.00000
Salipiger thiooxidans	282683	S	76	111	187	0.00000
Tranquillimonas alkanivorans	441119	S	1620	440	2060	0.00005
Tranquillimonas rosea	641238	S	14	5	19	0.00000
Loktanella salsilacus	195913	S	1405	165	1570	0.00004
Loktanella ponticola	1524255	S	47	39	86	0.00000
Roseovarius sp.	1486281	S	225	188	413	0.00001
Roseovarius sp. A-2	1570360	S	56	41	97	0.00000
Roseovarius mucosus	215743	S	252	397	649	0.00002
Roseovarius indicus	540747	S	237	63	300	0.00001
Roseovarius halotolerans	505353	S	66	122	188	0.00000
Roseovarius lutimaris	1005928	S	50	27	77	0.00000
Roseovarius nanhaiticus	573024	S	44	24	68	0.00000
Roseovarius nitratireducens	2044597	S	44	43	87	0.00000
Roseovarius nubinhibens	314263	S	25	17	42	0.00000
Roseovarius pacificus	337701	S	19	17	36	0.00000
Roseovarius tolerans	74031	S	16	11	27	0.00000
Roseovarius atlanticus	1641875	S	14	22	36	0.00000
Maritimibacter sp.	2003363	S	573	314	887	0.00002
Octadecabacter antarcticus	1217908	S	81	19	100	0.00000
Octadecabacter sp. SW4	2602067	S	39	5	44	0.00000
Octadecabacter sp.	1920174	S	24	13	37	0.00000
Octadecabacter arcticus	53946	S	30	34	64	0.00000
Sagittula sp. P11	2009329	S	197	113	310	0.00001
Roseobacter sp. MED193	314262	S	137	192	329	0.00001
Roseobacter sp.	1907202	S	43	20	63	0.00000
Phaeobacter gallaeciensis	60890	S	88	33	121	0.00000
Phaeobacter sp. 22II1-1F12B	1317111	S	56	117	173	0.00000
Phaeobacter sp. CECT 5382	1712645	S	17	5	22	0.00000
Roseivivax marinus	1379903	S	118	79	197	0.00000
Roseivivax sediminis	936889	S	26	13	39	0.00000
uncultured Tateyamaria sp.	455651	S	120	3	123	0.00000
Palleronia rufa	1530186	S	91	59	150	0.00000
Jannaschia helgolandensis	188906	S	87	41	128	0.00000
Primorskyibacter flagellatus	1387277	S	54	78	132	0.00000
Actibacterium naphthalenivorans	1614693	S	58	124	182	0.00000
Thalassobius sp.	1979401	S	46	21	67	0.00000
Yangia pacifica	311180	S	31	24	55	0.00000
Marinovum sp.	2024839	S	25	11	36	0.00000
Marinovum algicola	42444	S	17	15	32	0.00000
Maribius pelagius	387096	S	16	26	42	0.00000
Pseudosulfitobacter pseudonitzschiae	1402135	S	21	29	50	0.00000
Thiosulfatihalobacter marinus	2792481	S	18	28	46	0.00000
Lutimaribacter pacificus	391948	S	15	43	58	0.00000
Donghicola eburneus	393278	S	14	5	19	0.00000
Rhodobacteraceae bacterium ASP10-04a	1622230	S	7413	2658	10071	0.00025
Paracoccaceae bacterium	1904441	S	5495	1771	7266	0.00018
Rhodobacteraceae bacterium UBA1957	1952799	S	349	60	409	0.00001
Limimaricola cinnabarinus	1125964	S	5537	3866	9403	0.00023
Limimaricola variabilis	1492771	S	14	10	24	0.00000
Paracoccus sp. UBA889	1947056	S	4383	2682	7065	0.00017
Paracoccus sp. R12_2	2821098	S	452	409	861	0.00002
Paracoccus sp. PAMC 22219	1569209	S	20	20	40	0.00000
Paracoccus zhejiangensis	1077935	S	91	83	174	0.00000
Paracoccus denitrificans	266	S	90	137	227	0.00001
Paracoccus salipaludis	2032623	S	82	83	165	0.00000
Paracoccus marinus	288426	S	79	93	172	0.00000
Paracoccus marcusii	59779	S	64	85	149	0.00000
Paracoccus aeridis	1966466	S	50	57	107	0.00000
Paracoccus sediminilitoris	2202419	S	36	20	56	0.00000
Paracoccus yeei	147645	S	27	217	244	0.00001
Pseudooceanicola atlanticus	1461694	S	949	2138	3087	0.00008
Pseudooceanicola marinus	396013	S	283	134	417	0.00001
Pseudooceanicola nanhaiensis	375761	S	170	288	458	0.00001
Pseudooceanicola sp.	1914328	S	66	27	93	0.00000
Pseudooceanicola lipolyticus	2029104	S	59	128	187	0.00000
Tritonibacter scottomollicae	483013	S	1068	597	1665	0.00004
Tritonibacter mobilis	379347	S	292	245	537	0.00001
uncultured Rhodobacteraceae bacterium	157276	S	1342	267	1609	0.00004
uncultured Planktomarina sp.	1538529	S	964	240	1204	0.00003
Planktomarina temperata	1284658	S	201	231	432	0.00001
Planktomarina sp.	2024851	S	19	5	24	0.00000
Pacificitalea manganoxidans	1411902	S	1223	471	1694	0.00004
Albimonas donghaensis	356660	S	534	138	672	0.00002
Albimonas pacifica	1114924	S	48	19	67	0.00000
Allosediminivita pacifica	1267769	S	290	430	720	0.00002
Thalassobium sp.	2030825	S	256	119	375	0.00001
uncultured Amylibacter sp.	1617807	S	217	35	252	0.00001
Vannielia litorea	1217970	S	152	107	259	0.00001
Aliiroseovarius sediminilitoris	1173584	S	121	26	147	0.00000
Pseudohalocynthiibacter aestuariivivens	1591409	S	87	5	92	0.00000
Marinibacterium profundimaris	1679460	S	84	173	257	0.00001
Alterinioella nitratireducens	2735915	S	57	35	92	0.00000
Arenibacterium halophilum	2583821	S	55	21	76	0.00000
Cognatishimia sp.	2211648	S	39	4	43	0.00000
uncultured Pseudophaeobacter sp.	1759421	S	26	11	37	0.00000
Cereibacter changlensis	402884	S	23	10	33	0.00000
Pelagivirga sediminicola	2170575	S	19	20	39	0.00000
Pseudodonghicola xiamenensis	337702	S	19	26	45	0.00000
Rhodobaca bogoriensis	119542	S	18	1	19	0.00000
Histidinibacterium aquaticum	2613962	S	13	4	17	0.00000
Rhodobacterales bacterium HTCC2255	367336	S	54	12	66	0.00000
Aurantimonas coralicida	182270	S	3206	12883	16089	0.00039
Aurantimonas manganoxydans	651183	S	168	646	814	0.00002
Martelella mediterranea	293089	S	1720	1382	3102	0.00008
Martelella sp. AD-3	686597	S	73	147	220	0.00001
Martelella sp. NC20	2740298	S	15	9	24	0.00000
Martelella endophytica	1486262	S	37	31	68	0.00000
Martelella limonii	1647649	S	24	12	36	0.00000
Fulvimarina manganoxydans	937218	S	704	111	815	0.00002
Fulvimarina sp.	1969479	S	429	781	1210	0.00003
Jiella pacifica	2696469	S	388	327	715	0.00002
Methylobacterium fujisawaense	107400	S	3373	4297	7670	0.00019
Methylobacterium aquaticum	270351	S	136	212	348	0.00001
Methylobacterium sp. 2A	2603816	S	24	63	87	0.00000
Methylobacterium sp. Leaf91	1736247	S	14	22	36	0.00000
Methylobacterium organophilum	410	S	72	178	250	0.00001
Methylobacterium brachiatum	269660	S	32	40	72	0.00000
Methylobacterium dankookense	560405	S	30	42	72	0.00000
Methylobacterium variabile	298794	S	21	40	61	0.00000
Methylorubrum rhodesianum	29427	S	20	54	74	0.00000
Methylorubrum zatmanii	29429	S	19	54	73	0.00000
Afipia sp.	1871052	S	773	976	1749	0.00004
Afipia sp. OHSU_II-C1	1297860	S	153	326	479	0.00001
Afipia broomeae	56946	S	299	989	1288	0.00003
Afipia birgiae	151414	S	181	239	420	0.00001
Afipia massiliensis	211460	S	26	21	47	0.00000
Bradyrhizobium sp. MOS002	2133947	S	608	761	1369	0.00003
Bradyrhizobium sp. CCH5-F6	1768753	S	124	200	324	0.00001
Bradyrhizobium sp. SK17	2057741	S	34	47	81	0.00000
Bradyrhizobium sp. BTAi1	288000	S	34	50	84	0.00000
Bradyrhizobium sp. PSBB068	2715960	S	17	46	63	0.00000
Bradyrhizobium japonicum	375	S	42	72	114	0.00000
Bradyrhizobium campsiandrae	1729892	S	30	49	79	0.00000
Bradyrhizobium diazoefficiens	1355477	S	15	13	28	0.00000
Bradyrhizobium guangdongense	1325090	S	15	14	29	0.00000
Bradyrhizobium manausense	989370	S	14	11	25	0.00000
Bradyrhizobiaceae bacterium PARB1	2015576	S	75	142	217	0.00001
Bradyrhizobiaceae bacterium	2072420	S	33	71	104	0.00000
Bosea vaviloviae	1526658	S	1542	1554	3096	0.00008
Bosea sp. RAC05	1842539	S	35	156	191	0.00000
Bosea sp. TND4EK4	1907408	S	18	20	38	0.00000
Bosea lupini	1036779	S	15	23	38	0.00000
Rhodobiaceae bacterium	2026785	S	1561	769	2330	0.00006
Rhodobiaceae bacterium UBA7804	1952834	S	334	622	956	0.00002
uncultured Phyllobacterium sp.	253813	S	261	534	795	0.00002
Phyllobacterium myrsinacearum	28101	S	14	15	29	0.00000
Hoeflea sp.	1940281	S	605	708	1313	0.00003
Nitratireductor sp.	1872084	S	82	45	127	0.00000
Nitratireductor aquibiodomus	204799	S	17	12	29	0.00000
Nitratireductor aquimarinus	889300	S	14	5	19	0.00000
Mesorhizobium sediminum	1849104	S	25	71	96	0.00000
Stappia sp.	1870903	S	520	779	1299	0.00003
Stappia indica	538381	S	142	235	377	0.00001
Roseibium aggregatum	187304	S	91	36	127	0.00000
Parvibaculum indicum	562969	S	345	712	1057	0.00003
Parvibaculum sp.	2024848	S	333	250	583	0.00001
Rhizobiales bacterium CCH3-A5	1768796	S	223	441	664	0.00002
Hyphomicrobiales bacterium	1909294	S	215	233	448	0.00001
Rhizobiales bacterium CCH10-E5	1768797	S	167	504	671	0.00002
Rhizobiales bacterium UBA3134	1951219	S	30	2	32	0.00000
Rhizobiales bacterium UBA3584	1951220	S	19	22	41	0.00000
Ahrensia sp.	1872419	S	584	551	1135	0.00003
Devosia indica	2079253	S	169	160	329	0.00001
Devosia subaequoris	395930	S	12	7	19	0.00000
Pelagibacterium sp.	1967288	S	89	112	201	0.00000
Rhizobium pusense	648995	S	36	62	98	0.00000
Agrobacterium tumefaciens	358	S	12	26	38	0.00000
Agrobacterium salinitolerans	1183413	S	18	44	62	0.00000
Pseudorhizobium pelagicum	1509405	S	30	20	50	0.00000
Pararhizobium sp.	1977563	S	17	1	18	0.00000
Rhizobiaceae bacterium	1913961	S	35	16	51	0.00000
Methyloceanibacter marginalis	1774971	S	33	57	90	0.00000
Filomicrobium sp.	2024831	S	24	2	26	0.00000
Acuticoccus yangtzensis	1443441	S	31	6	37	0.00000
Acuticoccus sediminis	2184697	S	17	3	20	0.00000
Beijerinckiaceae bacterium RH AL1	2572036	S	27	10	37	0.00000
Methylocystaceae bacterium	2052174	S	28	10	38	0.00000
Rhodospirillales bacterium	2026786	S	24388	5721	30109	0.00074
Rhodospirillaceae bacterium	1898112	S	4552	1060	5612	0.00014
Rhodospirillaceae bacterium UBA2165	1952852	S	137	15	152	0.00000
Rhodospirillaceae bacterium UBA6608	1952863	S	69	17	86	0.00000
Pacificispira spongiicola	2729598	S	372	19	391	0.00001
Thalassospira xiamenensis	220697	S	149	662	811	0.00002
Thalassospira sp. MCCC 1A01148	501834	S	53	79	132	0.00000
Thalassospira sp. MCCC 1A01428	1470575	S	49	30	79	0.00000
Thalassospira sp. MCCC 1A03138	1470576	S	13	66	79	0.00000
Thalassospira povalilytica	732237	S	126	73	199	0.00000
Thalassospira profundimaris	502049	S	94	65	159	0.00000
Thalassospira lucentensis	168935	S	14	27	41	0.00000
Magnetovibrio sp.	2024836	S	15	2	17	0.00000
Tistrella mobilis	171437	S	568	128	696	0.00002
Acetobacter orientalis	146474	S	20	36	56	0.00000
Roseomonas mucosa	207340	S	12	47	59	0.00000
uncultured Rhodospirillales bacterium	296830	S	96	18	114	0.00000
Oceanibaculum nanhaiense	1909734	S	51	47	98	0.00000
Maricaulis maris	74318	S	5406	1105	6511	0.00016
Maricaulis sp.	1486257	S	2793	718	3511	0.00009
Oceanicaulis sp. HTCC2633	314254	S	6975	3746	10721	0.00026
Oceanicaulis sp. PT13A	2135616	S	344	105	449	0.00001
Oceanicaulis alexandrii	153233	S	30	8	38	0.00000
Glycocaulis albus	1382801	S	41	7	48	0.00000
Euryhalocaulis caribicus	1161401	S	21	3	24	0.00000
Hellea sp.	2715692	S	278	47	325	0.00001
Robiginitomaculum sp.	2030823	S	15	5	20	0.00000
Ponticaulis sp.	2020902	S	3627	1410	5037	0.00012
Henriciella sp.	1968823	S	2574	1322	3896	0.00010
Henriciella aquimarina	545261	S	24	38	62	0.00000
Henriciella algicola	1608422	S	16	4	20	0.00000
Hyphomonas sp.	87	S	592	498	1090	0.00003
Hyphomonas sp. UBA5111	1946637	S	330	438	768	0.00002
Hyphomonas sp. L-53-1-40	1207058	S	125	59	184	0.00000
Hyphomonas sp. CY54-11-8	1280944	S	111	125	236	0.00001
Hyphomonas atlantica	1280948	S	590	711	1301	0.00003
Hyphomonas pacifica	1280941	S	312	838	1150	0.00003
Hyphomonas adhaerens	81029	S	204	44	248	0.00001
Hyphomonas jannaschiana	86	S	77	60	137	0.00000
Hirschia sp.	2024835	S	675	129	804	0.00002
Hyphomonadaceae bacterium TMED5	1986776	S	585	474	1059	0.00003
Hyphomonadaceae bacterium UBA1849	1951945	S	23	27	50	0.00000
uncultured Alphaproteobacteria bacterium	91750	S	4584	2090	6674	0.00016
Rickettsiales bacterium	2026788	S	2659	790	3449	0.00008
Brevundimonas mediterranea	74329	S	449	624	1073	0.00003
Brevundimonas aurantiaca	74316	S	332	807	1139	0.00003
Brevundimonas sp.	1871086	S	41	36	77	0.00000
Brevundimonas sp. UBA7534	1946138	S	37	96	133	0.00000
Brevundimonas fluminis	2487274	S	24	10	34	0.00000
Caulobacter sp. FWC26	69665	S	12	32	44	0.00000
Phenylobacterium sp.	1871053	S	23	7	30	0.00000
Caulobacteraceae bacterium UBA3198	1951537	S	31	7	38	0.00000
Parvularcula sp.	1979207	S	81	43	124	0.00000
Parvularcula oceani	1247963	S	47	5	52	0.00000
Parvularcula dongshanensis	1173995	S	33	4	37	0.00000
uncultured SAR116 cluster alpha proteobacterium	281031	S	92	50	142	0.00000
Kordiimonadaceae bacterium	2664180	S	22	2	24	0.00000
Emcibacteraceae bacterium	2774605	S	18	1	19	0.00000
Proteobacteria bacterium UBA1148	1948131	S	32676	6265	38941	0.00095
Pseudomonadota bacterium	1977087	S	12327	3548	15875	0.00039
Proteobacteria bacterium ST_bin14	1978762	S	2775	283	3058	0.00007
Proteobacteria bacterium UBA1515	1948135	S	162	70	232	0.00001
Proteobacteria bacterium UBA5680	1948185	S	39	6	45	0.00000
Proteobacteria bacterium UBA7415	1948214	S	35	2	37	0.00000
Proteobacteria bacterium TMED61	1986601	S	28	39	67	0.00000
Proteobacteria bacterium UBA2996	1948156	S	23	14	37	0.00000
Proteobacteria bacterium SPGG2	1842525	S	15	0	15	0.00000
Proteobacteria bacterium UBA6503	1948193	S	15	2	17	0.00000
Proteobacteria bacterium UBA2133	1948144	S	12	0	12	0.00000
Herbaspirillum huttiense	863372	S	1245	2939	4184	0.00010
Herbaspirillum sp. GW103	1175306	S	145	266	411	0.00001
Herbaspirillum aquaticum	568783	S	18	46	64	0.00000
Undibacterium oligocarboniphilum	666702	S	18	7	25	0.00000
Limnobacter sp. SAORIC-580	2732163	S	246	454	700	0.00002
Limnobacter sp. MED105	391597	S	23	26	49	0.00000
Cupriavidus pauculus	82633	S	178	164	342	0.00001
Cupriavidus lacunae	2666307	S	28	30	58	0.00000
Paraburkholderia azotifigens	2057004	S	75	34	109	0.00000
Paraburkholderia antibiotica	2728839	S	16	9	25	0.00000
Lautropia mirabilis	47671	S	54	27	81	0.00000
Curvibacter sp.	1888168	S	60	85	145	0.00000
Curvibacter lanceolatus	86182	S	37	91	128	0.00000
Acidovorax sp. Leaf78	1736237	S	17	46	63	0.00000
Acidovorax delafieldii	47920	S	21	77	98	0.00000
Ottowia sp.	1898956	S	51	102	153	0.00000
Delftia tsuruhatensis	180282	S	18	101	119	0.00000
Variovorax paradoxus	34073	S	15	40	55	0.00000
Comamonas terrigena	32013	S	12	35	47	0.00000
Pelomonas puraquae	431059	S	26	122	148	0.00000
Comamonadaceae bacterium	1871071	S	17	25	42	0.00000
uncultured Burkholderiales bacterium	208544	S	610	522	1132	0.00003
Pusillimonas sp. UBA3987	1947369	S	52	45	97	0.00000
Alcaligenes faecalis	511	S	32	24	56	0.00000
Bordetella trematum	123899	S	28	20	48	0.00000
Aquabacterium commune	70586	S	14	109	123	0.00000
Burkholderiales bacterium	1891238	S	57	76	133	0.00000
uncultured Methylophilaceae bacterium	239732	S	3567	938	4505	0.00011
Nitrosomonadaceae bacterium	2026767	S	617	109	726	0.00002
uncultured Nitrosomonadaceae bacterium	207829	S	198	53	251	0.00001
Nitrosomonadales bacterium	2026761	S	80	28	108	0.00000
Neisseria elongata	495	S	29	434	463	0.00001
Neisseria sp. oral taxon 014	641148	S	16	311	327	0.00001
Rhodocyclaceae bacterium UBA6160	1952847	S	21	18	39	0.00000
Betaproteobacteria bacterium	1891241	S	17	7	24	0.00000
Candidatus Lambdaproteobacteria bacterium	2035771	S	11399	1219	12618	0.00031
uncultured proteobacterium	153809	S	21	3	24	0.00000
SAR324 cluster bacterium SAR324-CTD7B	1795556	S	1658379	6298783	7957162	0.19485
uncultured SAR324 cluster bacterium	179114	S	634141	649920	1284061	0.03144
SAR324 cluster bacterium	2024889	S	104959	5375	110334	0.00270
SAR324 cluster bacterium REDSEA-S27_B3	1811637	S	10703	1071	11774	0.00029
SAR324 cluster bacterium lautmerah10	1764262	S	34	13	47	0.00000
Deltaproteobacteria bacterium	2026735	S	224918	24516	249434	0.00611
Deltaproteobacteria bacterium UBA4427	1948547	S	18	1	19	0.00000
Microvenator marinus	2600177	S	16	0	16	0.00000
Acidimicrobiia bacterium	2080302	S	1475010	554399	2029409	0.04970
Acidimicrobiaceae bacterium	2024894	S	169160	47954	217114	0.00532
Acidimicrobiales bacterium	2201156	S	161190	82088	243278	0.00596
Candidatus Microthrix sp. UBA2110	1946164	S	27505	164735	192240	0.00471
Candidatus Microthrix sp. UBA2131	1946167	S	580	631	1211	0.00003
Candidatus Microthrix sp. UBA672	1946197	S	577	576	1153	0.00003
Candidatus Microthrix sp. UBA4542	1946188	S	277	189	466	0.00001
Candidatus Microthrix sp. UBA3125	1946176	S	111	160	271	0.00001
Candidatus Microthrix sp. UBA2974	1946174	S	64	5	69	0.00000
Ilumatobacteraceae bacterium	2497619	S	93	37	130	0.00000
uncultured Ilumatobacter sp.	879968	S	40	3	43	0.00000
Ilumatobacter sp.	1967498	S	34	2	36	0.00000
Mycolicibacterium poriferae	39694	S	24048	54916	78964	0.00193
Mycolicibacterium hippocampi	659824	S	906	683	1589	0.00004
Mycolicibacterium obuense	1807	S	780	466	1246	0.00003
Mycolicibacterium flavescens	1776	S	563	1185	1748	0.00004
Mycolicibacterium chlorophenolicum	37916	S	406	1305	1711	0.00004
Mycolicibacterium novocastrense	59813	S	235	777	1012	0.00002
Mycolicibacterium gilvum	1804	S	126	267	393	0.00001
Mycolicibacterium rufum	318424	S	76	93	169	0.00000
Mycolicibacterium iranicum	912594	S	75	50	125	0.00000
Mycolicibacterium wolinskyi	59750	S	74	31	105	0.00000
Mycolicibacterium sp. GF69	2267251	S	17	18	35	0.00000
Mycolicibacterium llatzerense	280871	S	37	95	132	0.00000
Mycolicibacterium duvalii	39688	S	24	20	44	0.00000
Mycolicibacterium holsaticum	152142	S	22	26	48	0.00000
Mycolicibacterium vinylchloridicum	2736928	S	21	42	63	0.00000
Mycolicibacterium monacense	85693	S	19	31	50	0.00000
Mycolicibacterium vanbaalenii	110539	S	16	13	29	0.00000
Mycobacterium sp. PO1	1882219	S	3905	8725	12630	0.00031
Mycobacterium sp. shizuoka-1	2039281	S	190	290	480	0.00001
Mycobacterium sp. YC-RL4	1682113	S	21	32	53	0.00000
Mycobacterium sp. MS1601	1936029	S	13	4	17	0.00000
Mycobacterium frederiksbergense	117567	S	15	25	40	0.00000
Rhodococcus sp. KRD162	2729725	S	548	1149	1697	0.00004
Rhodococcus sp. AW25M09	1268303	S	189	294	483	0.00001
Rhodococcus sp. SBT000017	1803385	S	146	421	567	0.00001
Rhodococcus sp. KRD197	2729731	S	26	36	62	0.00000
Rhodococcus sp. 14-1411-2a	2023151	S	15	40	55	0.00000
Rhodococcus sp. EPR-157	1813677	S	14	5	19	0.00000
Rhodococcus sp. Leaf278	1736319	S	13	13	26	0.00000
Rhodococcus fascians	1828	S	1309	1830	3139	0.00008
Rhodococcus kroppenstedtii	293050	S	128	114	242	0.00001
Rhodococcus qingshengii	334542	S	53	114	167	0.00000
Rhodococcus ruber	1830	S	34	35	69	0.00000
Corynebacterium tuberculostearicum	38304	S	331	1014	1345	0.00003
Corynebacterium accolens	38284	S	249	451	700	0.00002
Corynebacterium propinquum	43769	S	235	119	354	0.00001
Corynebacterium matruchotii	43768	S	179	22	201	0.00000
Corynebacterium kroppenstedtii	161879	S	154	25	179	0.00000
Corynebacterium afermentans	38286	S	127	240	367	0.00001
Corynebacterium sp. KPL1814	1203557	S	44	89	133	0.00000
Corynebacterium sp. NML98-0116	702967	S	18	20	38	0.00000
Corynebacterium durum	61592	S	64	5	69	0.00000
Corynebacterium kefirresidentii	1979527	S	52	215	267	0.00001
Corynebacterium casei	160386	S	51	137	188	0.00000
Corynebacterium amycolatum	43765	S	48	68	116	0.00000
Corynebacterium appendicis	163202	S	41	49	90	0.00000
Corynebacterium jeikeium	38289	S	34	94	128	0.00000
Corynebacterium glucuronolyticum	39791	S	31	11	42	0.00000
Corynebacterium aurimucosum	169292	S	30	70	100	0.00000
Corynebacterium singulare	161899	S	27	46	73	0.00000
Corynebacterium incognita	2754725	S	26	12	38	0.00000
Corynebacterium gottingense	2041036	S	26	20	46	0.00000
Corynebacterium haemomassiliense	2754726	S	24	93	117	0.00000
Corynebacterium pyruviciproducens	598660	S	23	11	34	0.00000
Corynebacterium minutissimum	38301	S	22	52	74	0.00000
Corynebacterium tuscaniense	302449	S	22	34	56	0.00000
Corynebacterium macginleyi	38290	S	21	6	27	0.00000
Corynebacterium genitalium	38288	S	20	30	50	0.00000
Corynebacterium pseudodiphtheriticum	37637	S	19	8	27	0.00000
Corynebacterium simulans	146827	S	17	34	51	0.00000
Corynebacterium coyleae	53374	S	14	16	30	0.00000
Corynebacterium otitidis	29321	S	14	4	18	0.00000
Corynebacterium sanguinis	2594913	S	12	69	81	0.00000
Dietzia maris	37915	S	800	1137	1937	0.00005
Dietzia cinnamea	321318	S	52	91	143	0.00000
Dietzia cercidiphylli	498199	S	22	44	66	0.00000
Dietzia psychralcaliphila	139021	S	12	12	24	0.00000
Lawsonella clevelandensis	1528099	S	992	584	1576	0.00004
Gordonia sp. (in: high G+C Gram-positive bacteria)	84139	S	103	102	205	0.00001
Gordonia terrae	2055	S	34	34	68	0.00000
Gordonia polyisoprenivorans	84595	S	26	18	44	0.00000
Skermania sp. ID1734	2597516	S	16	6	22	0.00000
Corynebacteriales bacterium	1957017	S	15	19	34	0.00000
Microbacterium sp. UBA1097	1946941	S	16929	23190	40119	0.00098
Microbacterium sp.	51671	S	317	269	586	0.00001
Microbacterium sp. 67-17	1895782	S	106	117	223	0.00001
Microbacterium sp. CBA3102	2603598	S	46	24	70	0.00000
Microbacterium sp. oral taxon 186	712383	S	22	32	54	0.00000
Microbacterium sp. 1.5R	1916917	S	20	9	29	0.00000
Microbacterium sp. LCT-H2	1914306	S	13	26	39	0.00000
Microbacterium luteum	2782167	S	763	1871	2634	0.00006
Microbacterium ginsengisoli	400772	S	137	135	272	0.00001
Microbacterium schleiferi	69362	S	63	56	119	0.00000
Microbacterium chocolatum	84292	S	43	25	68	0.00000
Microbacterium profundi	450380	S	34	19	53	0.00000
Microbacterium aurum	36805	S	29	35	64	0.00000
Microbacterium algeriense	2615184	S	20	10	30	0.00000
Microbacterium oleivorans	273677	S	16	6	22	0.00000
Microbacterium foliorum	104336	S	16	8	24	0.00000
Marinisubtilis pacificus	2591847	S	1655	3043	4698	0.00012
Microbacteriaceae bacterium UBA1487	1952239	S	1557	1659	3216	0.00008
Chryseoglobus indicus	2750620	S	136	199	335	0.00001
Leucobacter triazinivorans	1784719	S	35	16	51	0.00000
Leucobacter sp. wl10	2304677	S	14	11	25	0.00000
Frigoribacterium faeni	145483	S	13	6	19	0.00000
Subtercola boreus	120213	S	17	1	18	0.00000
Ornithinimicrobium sp. CNJ-824	1904966	S	9842	6925	16767	0.00041
Ornithinimicrobium sp. HY006	2508882	S	62	34	96	0.00000
Ornithinimicrobium flavum	1288636	S	246	208	454	0.00001
Ornithinimicrobium pekingense	384677	S	31	22	53	0.00000
Ornithinimicrobium cerasi	2248773	S	14	9	23	0.00000
Serinicoccus chungangensis	767452	S	2251	2259	4510	0.00011
Serinicoccus marinus	247333	S	360	433	793	0.00002
Serinicoccus sediminis	2306021	S	74	71	145	0.00000
Serinicoccus hydrothermalis	1758689	S	73	81	154	0.00000
Serinicoccus profundi	1078471	S	34	33	67	0.00000
Kocuria palustris	71999	S	1756	2137	3893	0.00010
Kocuria polaris	136273	S	375	532	907	0.00002
Kocuria flava	446860	S	80	140	220	0.00001
Kocuria marina	223184	S	69	103	172	0.00000
Kocuria rosea	1275	S	66	129	195	0.00000
Kocuria rhizophila	72000	S	44	56	100	0.00000
Kocuria turfanensis	388357	S	31	35	66	0.00000
Nesterenkonia sp. Act20	1483432	S	220	590	810	0.00002
Nesterenkonia sp. E16_10	2789296	S	24	212	236	0.00001
Nesterenkonia halotolerans	225325	S	180	541	721	0.00002
Nesterenkonia sandarakina	272918	S	50	134	184	0.00000
Nesterenkonia cremea	1882340	S	35	215	250	0.00001
Nesterenkonia lutea	272919	S	17	22	39	0.00000
Micrococcus luteus	1270	S	410	943	1353	0.00003
Micrococcus cohnii	993416	S	107	79	186	0.00000
Micrococcus terreus	574650	S	46	48	94	0.00000
Micrococcus endophyticus	455343	S	35	77	112	0.00000
Micrococcus lylae	1273	S	18	15	33	0.00000
Micrococcus flavus	384602	S	12	14	26	0.00000
Rothia dentocariosa	2047	S	116	44	160	0.00000
Rothia aeria	172042	S	97	27	124	0.00000
Rothia mucilaginosa	43675	S	68	183	251	0.00001
Rothia sp. HMSC078H08	1715008	S	31	261	292	0.00001
Rothia kristinae	37923	S	14	14	28	0.00000
Rothia amarae	169480	S	14	5	19	0.00000
Arthrobacter sp. MYb214	1848596	S	113	175	288	0.00001
Arthrobacter subterraneus	335973	S	24	24	48	0.00000
Glutamicibacter arilaitensis	256701	S	14	32	46	0.00000
Glutamicibacter mishrai	1775880	S	12	30	42	0.00000
Pseudoglutamicibacter albus	98671	S	17	17	34	0.00000
Brachybacterium paraconglomeratum	173362	S	428	797	1225	0.00003
Brachybacterium tyrofermentans	47848	S	53	65	118	0.00000
Brachybacterium epidermidis	2781983	S	30	76	106	0.00000
Brachybacterium saurashtrense	556288	S	20	21	41	0.00000
Brachybacterium squillarum	661979	S	19	20	39	0.00000
Brachybacterium muris	219301	S	15	77	92	0.00000
Brevibacterium sp. CS2	2575923	S	80	162	242	0.00001
Brevibacterium sp. W7.2	2823518	S	27	67	94	0.00000
Brevibacterium sp. HMSC07C04	1581130	S	15	12	27	0.00000
Brevibacterium aurantiacum	273384	S	66	146	212	0.00001
Brevibacterium ihuae	1631743	S	53	81	134	0.00000
Brevibacterium casei	33889	S	29	45	74	0.00000
Brevibacterium paucivorans	170994	S	20	18	38	0.00000
Kytococcus sedentarius	1276	S	446	549	995	0.00002
Kytococcus aerolatus	592308	S	63	48	111	0.00000
Janibacter melonis	262209	S	52	46	98	0.00000
Janibacter indicus	857417	S	38	68	106	0.00000
Janibacter hoylei	364298	S	20	32	52	0.00000
Marihabitans asiaticum	415218	S	27	27	54	0.00000
Demequina sp. NBRC 110055	1570344	S	66	70	136	0.00000
Demequina sp. NBRC 110052	1570341	S	29	19	48	0.00000
Dermacoccus nishinomiyaensis	1274	S	32	25	57	0.00000
Dermacoccus abyssi	322596	S	24	16	40	0.00000
Calidifontibacter indicus	419650	S	41	32	73	0.00000
Barrientosiimonas humi	999931	S	13	11	24	0.00000
Micrococcales bacterium	2026762	S	28	19	47	0.00000
Micrococcales bacterium UBA3913	1951170	S	19	3	22	0.00000
Micrococcales bacterium 72-143	1895790	S	14	14	28	0.00000
Georgenia muralis	154117	S	30	21	51	0.00000
Flavimobilis marinus	285351	S	31	16	47	0.00000
Cutibacterium acnes	1747	S	19267	34425	53692	0.00131
Cutibacterium granulosum	33011	S	1846	819	2665	0.00007
Cutibacterium namnetense	1574624	S	1652	780	2432	0.00006
Cutibacterium modestum	2559073	S	167	66	233	0.00001
Cutibacterium avidum	33010	S	33	9	42	0.00000
Tessaracoccus flavus	1610493	S	249	160	409	0.00001
Arachnia rubra	1547448	S	23	5	28	0.00000
Nocardioides salarius	374513	S	2282	5183	7465	0.00018
Nocardioides sp.	35761	S	267	341	608	0.00001
Nocardioides sp. REDSEA-S33_B3	1811554	S	106	313	419	0.00001
Nocardioides sp. S5	2017486	S	14	83	97	0.00000
Nocardioides sp. Root140	1736460	S	14	23	37	0.00000
Nocardioides terrigena	424797	S	36	75	111	0.00000
Nocardioides dokdonensis	450734	S	21	33	54	0.00000
Nocardioides marinisabuli	419476	S	19	47	66	0.00000
Nocardioides marinus	374514	S	19	49	68	0.00000
Pimelobacter sp.	51662	S	189	387	576	0.00001
Nocardioidaceae bacterium	1871072	S	164	84	248	0.00001
Marmoricola caldifontis	2588938	S	19	13	32	0.00000
Blastococcus aggregatus	38502	S	358	2201	2559	0.00006
Blastococcus sp. CCUG 61487	1840703	S	119	479	598	0.00001
Blastococcus sp. TF02A-26	2250577	S	40	205	245	0.00001
Blastococcus sp. DSM 46786	1798227	S	25	93	118	0.00000
Blastococcus saxobsidens	138336	S	19	75	94	0.00000
Modestobacter caceresii	1522368	S	25	132	157	0.00000
Actinomycetia bacterium	1883427	S	1467	715	2182	0.00005
Actinobacteria bacterium UBA3120	1948337	S	59	50	109	0.00000
actinobacterium LLX17	1229203	S	17	15	32	0.00000
Actinomyces sp. ICM47	936548	S	50	58	108	0.00000
Actinomyces sp. oral taxon 414	712122	S	21	46	67	0.00000
Actinomyces sp. oral taxon 448	712124	S	18	3	21	0.00000
Actinomyces sp. oral taxon 897	2081702	S	17	6	23	0.00000
Actinomyces sp. oral taxon 171	706438	S	14	45	59	0.00000
Actinomyces oris	544580	S	106	180	286	0.00001
Actinomyces massiliensis	461393	S	68	42	110	0.00000
Actinomyces naeslundii	1655	S	40	90	130	0.00000
Actinomyces dentalis	272548	S	26	67	93	0.00000
Actinomyces gerencseriae	52769	S	14	6	20	0.00000
Actinomyces israelii	1659	S	12	5	17	0.00000
uncultured Actinomyces sp.	249061	S	12	24	36	0.00000
Schaalia odontolytica	1660	S	35	194	229	0.00001
Actinobaculum sp. oral taxon 183	712888	S	15	1	16	0.00000
Pauljensenia hongkongensis	178339	S	15	19	34	0.00000
Actinomycetales bacterium	1911520	S	13	8	21	0.00000
Streptomyces sp. P3	2135430	S	195	179	374	0.00001
Streptomyces sp. SirexAA-E	862751	S	109	81	190	0.00000
Streptomyces sp. SUK 48	2582831	S	32	41	73	0.00000
Streptomyces sp. ISL-1	2817657	S	16	6	22	0.00000
Streptomyces sp. rh34	2034272	S	15	15	30	0.00000
Streptomyces cinereus	1955	S	46	167	213	0.00001
Streptomyces geranii	2058923	S	35	16	51	0.00000
Streptomyces prasinus	67345	S	12	13	25	0.00000
Pseudonocardia alni	33907	S	241	453	694	0.00002
Actinomadura cremea	1991	S	56	57	113	0.00000
Streptosporangium violaceochromogenes	46188	S	19	14	33	0.00000
uncultured Candidatus Actinomarina sp.	1985113	S	96	233	329	0.00001
Bifidobacterium longum	216816	S	13	52	65	0.00000
Nakamurella multipartita	53461	S	59	21	80	0.00000
Rhizocola hellebori	1392758	S	15	5	20	0.00000
Epidermidibacterium keratini	1891644	S	25	26	51	0.00000
Coriobacteriia bacterium	2052159	S	30	4	34	0.00000
Euzebya pacifica	1608957	S	29	9	38	0.00000
Dehalococcoidia bacterium	2026734	S	362746	36676	399422	0.00978
Dehalococcoidia bacterium UBA1123	1948467	S	289863	191630	481493	0.01179
Dehalococcoidia bacterium UBA1122	1948466	S	281859	21483	303342	0.00743
Dehalococcoidia bacterium UBA1127	1948468	S	126885	4607	131492	0.00322
Dehalococcoidia bacterium UBA1141	1948469	S	37558	5895	43453	0.00106
Dehalococcoidia bacterium UBA1151	1948470	S	12238	1264	13502	0.00033
Dehalococcoidia bacterium UBA6495	1948511	S	3946	4827	8773	0.00021
Dehalococcoidia bacterium UBA2158	1948480	S	2716	1273	3989	0.00010
Dehalococcoidia bacterium UBA1152	1948471	S	2690	1079	3769	0.00009
Dehalococcoidia bacterium UBA7891	1948532	S	2261	1157	3418	0.00008
Dehalococcoidia bacterium UBA7894	1948533	S	223	145	368	0.00001
Dehalococcoidia bacterium UBA1332	1948476	S	62	56	118	0.00000
Dehalococcoidia bacterium UBA6926	1948518	S	25	1	26	0.00000
uncultured Dehalococcoidales bacterium	2006128	S	14612	1259	15871	0.00039
Dehalococcoidales bacterium	2026733	S	116	11	127	0.00000
SAR202 cluster bacterium	2030829	S	967880	342834	1310714	0.03210
SAR202 cluster bacterium AC-409-J13_OGT_754m	2587834	S	142	1	143	0.00000
SAR202 cluster bacterium AD-804-J14_MRT_500m	2587836	S	87	0	87	0.00000
SAR202 cluster bacterium Io17-Chloro-G6	1926615	S	37	0	37	0.00000
SAR202 cluster bacterium AC-647-N09_OGT_505m	2587833	S	18	0	18	0.00000
SAR202 cluster bacterium Io17-Chloro-G4	1926613	S	16	0	16	0.00000
Chloroflexota bacterium	2026724	S	44880	4110	48990	0.00120
Anaerolineales bacterium UBA1136	1950187	S	9877	1583	11460	0.00028
Anaerolineales bacterium UBA832	1950226	S	125	118	243	0.00001
Anaerolineales bacterium UBA3001	1950202	S	56	206	262	0.00001
Anaerolineales bacterium UBA3499	1950205	S	29	90	119	0.00000
Anaerolineales bacterium	2073117	S	24	6	30	0.00000
Anaerolineaceae bacterium	2024896	S	17	3	20	0.00000
Anaerolineae bacterium	2052143	S	18	2	20	0.00000
Salinicoccus roseus	45670	S	37535	13126	50661	0.00124
Salinicoccus luteus	367840	S	1973	548	2521	0.00006
Salinicoccus cyprini	2493691	S	334	55	389	0.00001
Salinicoccus qingdaonensis	576118	S	241	120	361	0.00001
Salinicoccus sediminis	1432562	S	182	114	296	0.00001
Salinicoccus halodurans	407035	S	56	11	67	0.00000
Salinicoccus sp. YB14-2	1572701	S	46	23	69	0.00000
Salinicoccus carnicancri	558170	S	36	15	51	0.00000
Salinicoccus albus	418756	S	13	1	14	0.00000
Staphylococcus epidermidis	1282	S	1551	2829	4380	0.00011
Staphylococcus capitis	29388	S	1049	490	1539	0.00004
Staphylococcus saccharolyticus	33028	S	743	207	950	0.00002
Staphylococcus equorum	246432	S	726	575	1301	0.00003
Staphylococcus hominis	1290	S	515	252	767	0.00002
Staphylococcus saprophyticus	29385	S	247	200	447	0.00001
Staphylococcus cohnii	29382	S	217	264	481	0.00001
Staphylococcus warneri	1292	S	167	234	401	0.00001
Staphylococcus haemolyticus	1283	S	145	323	468	0.00001
Staphylococcus lugdunensis	28035	S	130	11	141	0.00000
Staphylococcus xylosus	1288	S	109	82	191	0.00000
Staphylococcus arlettae	29378	S	84	29	113	0.00000
Staphylococcus auricularis	29379	S	51	7	58	0.00000
Staphylococcus massiliensis	555791	S	40	6	46	0.00000
Staphylococcus pasteuri	45972	S	35	16	51	0.00000
Staphylococcus sp. M0911	2025492	S	32	43	75	0.00000
Staphylococcus nepalensis	214473	S	30	5	35	0.00000
Staphylococcus aureus	1280	S	24	60	84	0.00000
Staphylococcus pseudoxylosus	2282419	S	19	22	41	0.00000
Staphylococcus ureilyticus	94138	S	19	20	39	0.00000
Staphylococcus pettenkoferi	170573	S	19	9	28	0.00000
Staphylococcus pragensis	1611836	S	18	12	30	0.00000
Staphylococcus succinus	61015	S	18	12	30	0.00000
Staphylococcus simulans	1286	S	14	2	16	0.00000
Abyssicoccus albus	1817405	S	500	136	636	0.00002
Jeotgalicoccus aerolatus	709510	S	166	68	234	0.00001
Jeotgalicoccus marinus	516700	S	93	16	109	0.00000
Macrococcus bohemicus	1903056	S	52	29	81	0.00000
Aliicoccus persicus	930138	S	22	3	25	0.00000
Mammaliicoccus sciuri	1296	S	14	3	17	0.00000
Planomicrobium okeanokoites	244	S	2720	1167	3887	0.00010
Planomicrobium mcmeekinii	71546	S	18	6	24	0.00000
Planococcus citreus	1373	S	595	1428	2023	0.00005
Planococcus sp. MSAK28401	2708345	S	43	73	116	0.00000
Planococcus sp. MB-3u-03	2058136	S	19	55	74	0.00000
Planococcus maritimus	192421	S	38	23	61	0.00000
Planococcus plakortidis	1038856	S	21	31	52	0.00000
Planococcus rifietoensis	200991	S	13	32	45	0.00000
Planococcus maitriensis	221799	S	13	28	41	0.00000
Jeotgalibacillus sp. S-D1	2552189	S	67	24	91	0.00000
Jeotgalibacillus malaysiensis	1508404	S	14	5	19	0.00000
Marinococcus halotolerans	301092	S	151	431	582	0.00001
Marinococcus halophilus	1371	S	63	106	169	0.00000
Metabacillus litoralis	152268	S	153	621	774	0.00002
Bacillus licheniformis	1402	S	44	119	163	0.00000
Bacillus sp. AZ43	2559606	S	20	86	106	0.00000
Rossellomorea aquimaris	189382	S	164	293	457	0.00001
Rossellomorea vietnamensis	218284	S	17	42	59	0.00000
Thalassobacillus devorans	279813	S	85	8	93	0.00000
Exiguobacterium mexicanum	340146	S	55	149	204	0.00000
Gemella morbillorum	29391	S	32	15	47	0.00000
Gemella sanguinis	84135	S	17	17	34	0.00000
uncultured Gemella sp.	254352	S	16	35	51	0.00000
Gemella haemolysans	1379	S	14	16	30	0.00000
Paenibacillus rubinfantis	1720296	S	24	10	34	0.00000
Brochothrix thermosphacta	2756	S	49	1	50	0.00000
Streptococcus thermophilus	1308	S	485	1316	1801	0.00004
Streptococcus sanguinis	1305	S	92	218	310	0.00001
Streptococcus gordonii	1302	S	91	148	239	0.00001
Streptococcus salivarius	1304	S	57	185	242	0.00001
Streptococcus mitis	28037	S	47	1271	1318	0.00003
Streptococcus parasanguinis	1318	S	29	262	291	0.00001
Streptococcus dysgalactiae	1334	S	17	19	36	0.00000
Streptococcus oralis	1303	S	23	555	578	0.00001
Streptococcus timonensis	1852387	S	17	162	179	0.00000
Streptococcus infantis	68892	S	16	157	173	0.00000
Streptococcus mutans	1309	S	15	19	34	0.00000
Streptococcus vestibularis	1343	S	15	38	53	0.00000
Lactococcus lactis	1358	S	620	486	1106	0.00003
Lactococcus cremoris	1359	S	276	309	585	0.00001
Lactiplantibacillus plantarum	1590	S	291	163	454	0.00001
Lactiplantibacillus pentosus	1589	S	19	8	27	0.00000
Leuconostoc carnosum	1252	S	79	45	124	0.00000
Leuconostoc citreum	33964	S	34	9	43	0.00000
Leuconostoc mesenteroides	1245	S	26	20	46	0.00000
Leuconostoc pseudomesenteroides	33968	S	15	5	20	0.00000
Lactobacillus crispatus	47770	S	53	46	99	0.00000
Lactobacillus helveticus	1587	S	19	22	41	0.00000
Lactobacillus delbrueckii	1584	S	16	2	18	0.00000
Latilactobacillus curvatus	28038	S	28	25	53	0.00000
Latilactobacillus sakei	1599	S	21	8	29	0.00000
Weissella cibaria	137591	S	14	5	19	0.00000
Levilactobacillus brevis	1580	S	37	5	42	0.00000
Paucilactobacillus vaccinostercus	176291	S	13	4	17	0.00000
Ligilactobacillus acidipiscis	89059	S	12	7	19	0.00000
Periweissella fabalis	1070421	S	17	1	18	0.00000
Alkalibacterium putridalgicola	426703	S	450	178	628	0.00002
Dolosigranulum pigrum	29394	S	70	14	84	0.00000
Marinilactibacillus piezotolerans	258723	S	65	31	96	0.00000
Carnobacterium maltaromaticum	2751	S	24	39	63	0.00000
Carnobacterium divergens	2748	S	17	1	18	0.00000
Granulicatella adiacens	46124	S	15	21	36	0.00000
Aerococcus viridans	1377	S	31	100	131	0.00000
Aerococcus urinaeequi	51665	S	20	100	120	0.00000
Abiotrophia sp. HMSC24B09	1581061	S	41	60	101	0.00000
Abiotrophia defectiva	46125	S	16	21	37	0.00000
Aerococcaceae bacterium DSM 111022	2749964	S	22	7	29	0.00000
Facklamia languida	82347	S	17	2	19	0.00000
Vagococcus fluvialis	2738	S	13	0	13	0.00000
Candidatus Coprovivens excrementavium	2840755	S	108	168	276	0.00001
Bacilli bacterium	1903720	S	13	7	20	0.00000
Blautia wexlerae	418240	S	36	174	210	0.00001
Blautia obeum	40520	S	34	83	117	0.00000
Blautia faecis	871665	S	25	76	101	0.00000
Lachnospiraceae bacterium	1898203	S	63	27	90	0.00000
Roseburia faecis	301302	S	38	115	153	0.00000
Mediterraneibacter faecis	592978	S	26	63	89	0.00000
[Ruminococcus] lactaris	46228	S	13	18	31	0.00000
Coprococcus comes	410072	S	19	53	72	0.00000
Dorea longicatena	88431	S	26	68	94	0.00000
Butyrivibrio crossotus	45851	S	36	38	74	0.00000
Fusicatenibacter saccharivorans	1150298	S	36	122	158	0.00000
Anaerobutyricum hallii	39488	S	25	40	65	0.00000
uncultured Lachnospiraceae bacterium	297314	S	19	6	25	0.00000
[Eubacterium] rectale	39491	S	16	71	87	0.00000
Anaerostipes hadrus	649756	S	15	101	116	0.00000
[Clostridium] leptum	1535	S	214	175	389	0.00001
Ruminococcus sp. NSJ-71	2763066	S	16	32	48	0.00000
Ruminococcus bicirculans	1160721	S	15	21	36	0.00000
Ruminococcus bromii	40518	S	13	34	47	0.00000
Oscillospiraceae bacterium	2485925	S	105	20	125	0.00000
Faecalibacterium prausnitzii	853	S	25	91	116	0.00000
Subdoligranulum sp. APC924/74	2086273	S	35	110	145	0.00000
uncultured Oscillospiraceae bacterium	707003	S	19	9	28	0.00000
Peptostreptococcus anaerobius	1261	S	98	77	175	0.00000
Peptostreptococcus sp. MV1	1219626	S	41	77	118	0.00000
Peptostreptococcus russellii	215200	S	23	9	32	0.00000
uncultured Eubacteriales bacterium	172733	S	166	57	223	0.00001
Clostridium sp. CAG:217	1262779	S	14	5	19	0.00000
uncultured Clostridium sp.	59620	S	13	19	32	0.00000
Syntrophomonadaceae bacterium	2093811	S	121	17	138	0.00000
[Eubacterium] brachy	35517	S	25	7	32	0.00000
Fenollaria massiliensis	938288	S	18	26	44	0.00000
Clostridiales bacterium	1898207	S	62	16	78	0.00000
Clostridiales bacterium SIT11	1673726	S	23	23	46	0.00000
Pseudoramibacter alactolyticus	113287	S	15	2	17	0.00000
Clostridia bacterium	2044939	S	38	8	46	0.00000
Anaerococcus octavius	54007	S	119	142	261	0.00001
Anaerococcus nagyae	1755241	S	67	38	105	0.00000
Anaerococcus vaginimassiliensis	2042308	S	20	27	47	0.00000
Peptoniphilus lacydonensis	1673725	S	83	85	168	0.00000
Peptoniphilus harei	54005	S	35	87	122	0.00000
Peptoniphilus lacrimalis	33031	S	22	50	72	0.00000
Peptoniphilus grossensis	1465756	S	13	21	34	0.00000
Peptoniphilus duerdenii	507750	S	12	20	32	0.00000
Finegoldia magna	1260	S	121	275	396	0.00001
Parvimonas sp. KA00067	1588755	S	40	56	96	0.00000
Urinicoccus timonensis	2024205	S	40	52	92	0.00000
Gallicola sp.	2683910	S	29	9	38	0.00000
Veillonella parvula	29466	S	49	293	342	0.00001
Veillonella atypica	39777	S	19	93	112	0.00000
uncultured Dialister sp.	278064	S	16	9	25	0.00000
Selenomonadaceae bacterium	2652289	S	19	7	26	0.00000
Bacillota bacterium	1879010	S	370	57	427	0.00001
Firmicutes bacterium UBA6226	1948091	S	81	33	114	0.00000
Firmicutes bacterium AF25-13AC	2292181	S	41	82	123	0.00000
Synechococcus sp. MVIR-18-1	1386941	S	39	820	859	0.00002
Synechococcus sp. WH 8016	166318	S	32	382	414	0.00001
Synechococcus sp. AG-686-F08	2161976	S	15	286	301	0.00001
Oscillatoria sp. SIO1A7	2607767	S	19	6	25	0.00000
Oscillatoriales cyanobacterium USR001	1880991	S	16	15	31	0.00000
Microcystis viridis	44822	S	31	45	76	0.00000
uncultured cyanobacterium	1211	S	12	40	52	0.00000
Candidatus Melainabacteria bacterium	2052166	S	1151	148	1299	0.00003
Candidatus Obscuribacter sp.	2711154	S	30	0	30	0.00000
Candidatus Margulisbacteria bacterium	2053573	S	120	4	124	0.00000
Candidatus Marinamargulisbacteria bacterium SCGC AAA071-K20	2184347	S	40	3	43	0.00000
Mycoplasmatales bacterium	2023991	S	646	52	698	0.00002
Mycoplasmataceae bacterium	2685873	S	17	2	19	0.00000
Deinococcus wulumuqiensis	980427	S	24	79	103	0.00000
Allomeiothermus silvanus	52022	S	20	11	31	0.00000
Candidatus Marinimicrobia bacterium	2026760	S	2631822	536397	3168219	0.07758
Candidatus Marinimicrobia bacterium UBA1134	1953213	S	15915	2780	18695	0.00046
Candidatus Marinimicrobia bacterium UBA1611	1953216	S	14406	5574	19980	0.00049
Marinimicrobia bacterium SCGC AAA003-L08	939844	S	6212	50	6262	0.00015
Candidatus Marinimicrobia bacterium UBA7303	1953256	S	1270	476	1746	0.00004
Candidatus Marinimicrobia bacterium UBA7301	1953255	S	699	83	782	0.00002
Candidatus Marinimicrobia bacterium UBA2125	1953217	S	651	612	1263	0.00003
Marinimicrobia bacterium TCS55	1781246	S	436	39	475	0.00001
Candidatus Marinimicrobia bacterium UBA6531	1953244	S	178	77	255	0.00001
Candidatus Marinimicrobia bacterium 408169	1958814	S	78	7	85	0.00000
uncultured Candidatus Marinimicrobia bacterium	195045	S	45	18	63	0.00000
Candidatus Marinimicrobia bacterium UBA7300	1953254	S	43	15	58	0.00000
Candidatus Marinimicrobia bacterium UBA7308	1953257	S	15	0	15	0.00000
Candidatus Marinimicrobia bacterium REDSEA-S14_B6	1811603	S	12	1	13	0.00000
Flavobacteriaceae bacterium ASP10-09a	1622233	S	391028	65193	456221	0.01117
Flavobacteriaceae bacterium	1871037	S	158217	96532	254749	0.00624
Flavobacteriaceae bacterium UBA3611	1951834	S	2314	1671	3985	0.00010
Flavobacteriaceae bacterium UBA5079	1951855	S	315	75	390	0.00001
Flavobacteriaceae bacterium PRS1	2483459	S	284	81	365	0.00001
Flavobacteriaceae bacterium UBA3356	1951828	S	105	182	287	0.00001
Flavobacteriaceae bacterium UBA3591	1951832	S	64	16	80	0.00000
Flavobacteriaceae bacterium UBA3179	1951824	S	28	103	131	0.00000
Flavobacteriaceae bacterium UBA1903	1951805	S	28	7	35	0.00000
Zunongwangia profunda	398743	S	43265	88997	132262	0.00324
Zunongwangia atlantica	1502297	S	816	630	1446	0.00004
Zunongwangia mangrovi	1334022	S	326	147	473	0.00001
Zunongwangia sp. ESRF-bin46	2011156	S	12	33	45	0.00000
Polaribacter sp.	1920175	S	23742	5524	29266	0.00072
Polaribacter sp. IC066	57032	S	178	36	214	0.00001
Polaribacter sp. Hel1_33_78	1336804	S	66	35	101	0.00000
Polaribacter sp. SA4-10	754397	S	32	17	49	0.00000
Polaribacter irgensii	531	S	439	106	545	0.00001
Polaribacter glomeratus	102	S	138	78	216	0.00001
Polaribacter filamentus	53483	S	108	67	175	0.00000
Mesonia oceanica	2687242	S	19292	10860	30152	0.00074
Mesonia algae	213248	S	329	45	374	0.00001
Mesonia mobilis	369791	S	161	230	391	0.00001
Mesonia aquimarina	1504967	S	60	46	106	0.00000
Mesonia sp.	1960830	S	30	27	57	0.00000
Mesonia phycicola	579105	S	20	3	23	0.00000
Leeuwenhoekiella blandensis	360293	S	4926	4338	9264	0.00023
Leeuwenhoekiella palythoae	573501	S	1078	535	1613	0.00004
Leeuwenhoekiella polynyae	1550906	S	72	274	346	0.00001
Leeuwenhoekiella sp.	1977054	S	64	44	108	0.00000
Leeuwenhoekiella aequorea	283736	S	69	85	154	0.00000
Leeuwenhoekiella nanhaiensis	1655491	S	64	48	112	0.00000
Salegentibacter mishustinae	270918	S	2475	5526	8001	0.00020
Salegentibacter agarivorans	345907	S	445	632	1077	0.00003
Salegentibacter sp. Hel_I_6	1250278	S	95	132	227	0.00001
Salegentibacter sp. R32	1486285	S	29	23	52	0.00000
Salegentibacter sp. 24	2183986	S	26	26	52	0.00000
Salegentibacter echinorum	1073325	S	60	12	72	0.00000
Salegentibacter salarius	435906	S	58	76	134	0.00000
Salegentibacter salinarum	447422	S	26	14	40	0.00000
Salegentibacter maritimus	2794347	S	26	6	32	0.00000
Kordia sp. TARA_039_SRF	2530203	S	6576	2528	9104	0.00022
Kordia sp.	1965332	S	207	221	428	0.00001
Winogradskyella sp. UBA3174	1947785	S	4945	885	5830	0.00014
Winogradskyella sp.	1883156	S	369	155	524	0.00001
Winogradskyella sp. PG-2	754409	S	47	10	57	0.00000
Winogradskyella psychrotolerans	1344585	S	30	25	55	0.00000
Winogradskyella sediminis	1382466	S	15	13	28	0.00000
Winogradskyella endarachnes	2681965	S	13	4	17	0.00000
Maribacter antarcticus	505250	S	2628	232	2860	0.00007
Maribacter dokdonensis	320912	S	430	158	588	0.00001
Maribacter litoralis	2059726	S	107	87	194	0.00000
Maribacter sp. ACAM166	2508996	S	22	1	23	0.00000
Maribacter cobaltidurans	1178778	S	22	29	51	0.00000
Gramella sp. Hel_I_59	1249978	S	911	1022	1933	0.00005
Gramella sp. MAR_2010_147	1250205	S	12	10	22	0.00000
Christiangramia portivictoriae	326069	S	153	221	374	0.00001
Christiangramia flava	1486245	S	88	95	183	0.00000
Christiangramia forsetii	411153	S	46	36	82	0.00000
Christiangramia bathymodioli	2541727	S	38	40	78	0.00000
Christiangramia echinicola	279359	S	16	21	37	0.00000
Flavobacterium sp. SCGC AAA160-P02	1009412	S	2036	906	2942	0.00007
Flavobacterium sp.	239	S	111	91	202	0.00000
Aequorivita sp.	1872390	S	1253	939	2192	0.00005
Aequorivita sp. HC6-5	1156267	S	70	248	318	0.00001
Aequorivita sp. UBA3180	1947773	S	66	64	130	0.00000
Aequorivita vladivostokensis	171194	S	157	118	275	0.00001
Aequorivita aquimaris	1548749	S	28	30	58	0.00000
Muricauda ruestringensis	111501	S	617	652	1269	0.00003
Muricauda sp.	192149	S	76	73	149	0.00000
Muricauda sp. CP2A	1848189	S	63	50	113	0.00000
Muricauda sp. TMED12	1986608	S	60	96	156	0.00000
Muricauda sp. MAR_2010_75	1250232	S	45	33	78	0.00000
Muricauda sp. ARW1Y1	2663843	S	19	7	26	0.00000
Muricauda oceanensis	2499163	S	175	227	402	0.00001
Muricauda lutaonensis	516051	S	65	21	86	0.00000
Muricauda hadalis	2597517	S	20	23	43	0.00000
Lacinutrix jangbogonensis	1469557	S	1216	198	1414	0.00003
Lacinutrix algicola	342954	S	18	12	30	0.00000
Salinimicrobium marinum	680283	S	1169	54	1223	0.00003
Salinimicrobium nanhaiense	2722701	S	61	8	69	0.00000
Psychroserpens burtonensis	49278	S	919	195	1114	0.00003
Psychroserpens jangbogonensis	1484460	S	14	4	18	0.00000
uncultured Flavobacteriaceae bacterium	165436	S	565	334	899	0.00002
Psychroflexus torquis	57029	S	248	162	410	0.00001
Psychroflexus gondwanensis	251	S	33	9	42	0.00000
Psychroflexus sp. MES1-P1E	2058320	S	29	18	47	0.00000
Croceibacter atlanticus	313588	S	276	56	332	0.00001
Candidatus Ulvibacter alkanivorans	2267620	S	249	184	433	0.00001
Joostella marina	453852	S	238	320	558	0.00001
Urechidicola croceus	1850246	S	236	84	320	0.00001
Xanthomarina gelatinilytica	1137281	S	219	52	271	0.00001
Arenibacter algicola	616991	S	99	76	175	0.00000
Mesoflavibacter zeaxanthinifaciens	393060	S	127	77	204	0.00000
Gillisia sp. UBA3175	1946569	S	103	14	117	0.00000
Gillisia sp. CAL575	985255	S	13	2	15	0.00000
Nonlabens sp. MB-3u-79	2058134	S	63	10	73	0.00000
Nonlabens sp. Ci31	2608253	S	46	7	53	0.00000
Capnocytophaga leadbetteri	327575	S	26	26	52	0.00000
Capnocytophaga gingivalis	1017	S	14	12	26	0.00000
Flavimarina sp. Hel_I_48	1392488	S	83	73	156	0.00000
Bizionia arctica	1495645	S	45	6	51	0.00000
Bizionia saleffrena	291189	S	17	1	18	0.00000
Myroides odoratus	256	S	32	18	50	0.00000
Aquimarina sp.	1872586	S	44	24	68	0.00000
Haloflavibacter putidus	2576776	S	47	4	51	0.00000
Olleya marilimosa	272164	S	30	23	53	0.00000
Lutibacter sp.	1925666	S	23	11	34	0.00000
Subsaximicrobium wynnwilliamsii	291179	S	25	3	28	0.00000
Cellulophaga algicola	59600	S	13	8	21	0.00000
Pricia antarctica	641691	S	18	1	19	0.00000
Gelidibacter sp.	2018083	S	12	3	15	0.00000
Flavobacteriales bacterium	2021391	S	201782	70442	272224	0.00667
Flavobacteriales bacterium UBA6772	1951058	S	35883	8802	44685	0.00109
Flavobacteriales bacterium UBA6770	1951056	S	3057	350	3407	0.00008
Flavobacteriales bacterium UBA4466	1951016	S	975	484	1459	0.00004
Flavobacteriales bacterium UBA5081	1951031	S	927	272	1199	0.00003
Flavobacteriales bacterium UBA1958	1950959	S	617	690	1307	0.00003
Flavobacteriales bacterium UBA7878	1951087	S	487	354	841	0.00002
Flavobacteriales bacterium UBA1494	1950953	S	143	3	146	0.00000
Flavobacteriales bacterium UBA974	1951093	S	125	189	314	0.00001
Flavobacteriales bacterium UBA2619	1950980	S	121	13	134	0.00000
Flavobacteriales bacterium UBA1962	1950961	S	28	15	43	0.00000
Flavobacteriales bacterium UBA952	1951090	S	22	9	31	0.00000
Flavobacteriales bacterium TMED123	1986721	S	17	41	58	0.00000
Cryomorphaceae bacterium ASP10-05a	1622232	S	131901	136118	268019	0.00656
Cryomorphaceae bacterium	1898111	S	8099	6145	14244	0.00035
Cryomorphaceae bacterium BACL11 MAG-121001-bin54	1655587	S	133	196	329	0.00001
Acidiluteibacter ferrifornacis	2692424	S	50	10	60	0.00000
Cryomorpha ignava	101383	S	21	1	22	0.00000
uncultured Cryomorphaceae bacterium	512288	S	16	15	31	0.00000
uncultured Flavobacteriales bacterium	213322	S	5042	1761	6803	0.00017
Owenweeksia sp.	2024847	S	978	74	1052	0.00003
Crocinitomicaceae bacterium	2026728	S	709	300	1009	0.00002
Fluviicola sp.	1917219	S	70	12	82	0.00000
Crocinitomix sp.	2039232	S	17	3	20	0.00000
Chryseobacterium echinoideorum	1549648	S	14	100	114	0.00000
Epilithonimonas hispanica	358687	S	57	160	217	0.00001
Empedobacter falsenii	343874	S	52	132	184	0.00000
Flavobacteria bacterium MS024-2A	487796	S	22	41	63	0.00000
Bacteroidota bacterium	1898104	S	6843	1702	8545	0.00021
Bacteroidetes bacterium MED-G20	1986266	S	15	11	26	0.00000
Prevotella sp.	59823	S	56	29	85	0.00000
Prevotella corporis	28128	S	48	145	193	0.00000
Prevotella nigrescens	28133	S	40	43	83	0.00000
Prevotella melaninogenica	28132	S	38	39	77	0.00000
Prevotella oris	28135	S	29	25	54	0.00000
Prevotella histicola	470565	S	23	19	42	0.00000
uncultured Prevotella sp.	159272	S	20	13	33	0.00000
Prevotella disiens	28130	S	16	40	56	0.00000
Prevotella rara	1676614	S	12	24	36	0.00000
Prevotella copri	165179	S	12	34	46	0.00000
Alloprevotella sp.	1872471	S	44	21	65	0.00000
Alloprevotella tannerae	76122	S	22	6	28	0.00000
Hoylesella timonensis	386414	S	19	7	26	0.00000
Hoylesella pleuritidis	407975	S	12	18	30	0.00000
Prevotellaceae bacterium UBA7017	1952525	S	21	15	36	0.00000
uncultured Prevotellaceae bacterium	370804	S	13	10	23	0.00000
Bacteroidales bacterium	2030927	S	496	154	650	0.00002
Porphyromonas somerae	322095	S	118	187	305	0.00001
uncultured Porphyromonas sp.	159274	S	67	47	114	0.00000
Porphyromonas pasteri	1583331	S	40	3	43	0.00000
Porphyromonas bennonis	501496	S	28	17	45	0.00000
Porphyromonas endodontalis	28124	S	23	6	29	0.00000
Bacteroides uniformis	820	S	15	125	140	0.00000
Bacteroides reticulotermitis	1133319	S	13	2	15	0.00000
Rikenellaceae bacterium	2049048	S	38	15	53	0.00000
uncultured Bacteroidales bacterium	194843	S	69	51	120	0.00000
Paludibacteraceae bacterium	2748031	S	32	16	48	0.00000
Muribaculaceae bacterium	2498093	S	16	5	21	0.00000
Mariniphaga sp.	1954475	S	44	2	46	0.00000
Marinifilum sp. N1E240	2608082	S	23	4	27	0.00000
Cyclobacterium marinum	104	S	170	59	229	0.00001
Algoriphagus ornithinivorans	226506	S	12	40	52	0.00000
uncultured Cyclobacteriaceae bacterium	906971	S	58	203	261	0.00001
Cytophagaceae bacterium	2026729	S	254	112	366	0.00001
Spirosoma endophyticum	662367	S	27	4	31	0.00000
Roseivirga thermotolerans	1758176	S	208	18	226	0.00001
Roseivirga spongicola	333140	S	16	8	24	0.00000
Marivirga lumbricoides	1046115	S	205	113	318	0.00001
Flammeovirgaceae bacterium UBA4465	1951782	S	51	102	153	0.00000
Flammeovirgaceae bacterium UBA5008	1951785	S	14	5	19	0.00000
Arcticibacterium luteifluviistationis	1784714	S	15	2	17	0.00000
uncultured Bacteroidetes bacterium	152509	S	739	532	1271	0.00003
Sphingobacterium multivorum	28454	S	64	196	260	0.00001
Sphingobacterium sp. PM2-P1-29	403776	S	14	23	37	0.00000
Sphingobacterium siyangense	459529	S	16	10	26	0.00000
Pedobacter cryotolerans	2571270	S	98	37	135	0.00000
Sphingobacteriales bacterium	2044944	S	88	27	115	0.00000
Sphingobacteriales bacterium 50-39	1895841	S	36	2	38	0.00000
Chitinophagaceae bacterium	1869212	S	34	7	41	0.00000
Chitinophagaceae bacterium UBA3961	1951555	S	13	1	14	0.00000
Sediminibacterium sp.	1917865	S	44	76	120	0.00000
uncultured Flavihumibacter sp.	1145287	S	31	17	48	0.00000
Hydrotalea flava	714549	S	12	0	12	0.00000
Saprospiraceae bacterium	2202734	S	33	7	40	0.00000
Saprospiraceae bacterium UBA7328	1952882	S	25	1	26	0.00000
Saprospiraceae bacterium UBA1994	1952865	S	16	12	28	0.00000
uncultured Saprospiraceae bacterium	261514	S	18	1	19	0.00000
Rubrivirga sp. SAORIC476	1961794	S	18862	13441	32303	0.00079
Rubrivirga sp.	1885344	S	90	89	179	0.00000
Rubrivirga marina	1196024	S	58	23	81	0.00000
Rubricoccus marinus	716817	S	1810	75	1885	0.00005
Rhodothermaeota bacterium MED-G19	1986240	S	49	8	57	0.00000
Balneolaceae bacterium UBA7797	1951519	S	166	40	206	0.00001
Balneolaceae bacterium	2053516	S	56	4	60	0.00000
Balneolaceae bacterium UBA3186	1951498	S	36	11	47	0.00000
Balneola sp.	2024824	S	64	36	100	0.00000
Gracilimonas amylolytica	1749045	S	46	12	58	0.00000
Rhodohalobacter mucosus	2079485	S	18	0	18	0.00000
Balneolales bacterium	2497613	S	15	1	16	0.00000
Chlorobiota bacterium	2268192	S	17	3	20	0.00000
Gemmatimonadota bacterium	2026742	S	597781	84869	682650	0.01672
Gemmatimonadales bacterium UBA1120	1951099	S	129883	223838	353721	0.00866
Gemmatimonadales bacterium UBA1142	1951102	S	15966	2567	18533	0.00045
Gemmatimonadales bacterium UBA7889	1951131	S	1690	1713	3403	0.00008
Gemmatimonadales bacterium UBA2988	1951110	S	561	5	566	0.00001
Gemmatimonadales bacterium UBA2982	1951109	S	158	0	158	0.00000
Gemmatimonadaceae bacterium	2026741	S	786	133	919	0.00002
Candidatus Hydrogenedentes bacterium	2030809	S	24066	1754	25820	0.00063
Candidatus Latescibacteria bacterium	2053570	S	9541	1225	10766	0.00026
Latescibacteria bacterium UBA6620	1948115	S	217	1	218	0.00001
Verrucomicrobiota bacterium	2026799	S	831284	437870	1269154	0.03108
Verrucomicrobia bacterium UBA673	1948281	S	9559	91862	101421	0.00248
Verrucomicrobia bacterium Opi.OSU.00C	2067063	S	31	0	31	0.00000
Verrucomicrobia bacterium SCGC AAA164-M04	1009418	S	22	380	402	0.00001
Verrucomicrobiales bacterium	2026801	S	39992	28309	68301	0.00167
Akkermansiaceae bacterium	2562705	S	1460	1261	2721	0.00007
Akkermansiaceae bacterium UBA7890	1951374	S	1271	3600	4871	0.00012
Akkermansiaceae bacterium UBA1506	1951351	S	22	31	53	0.00000
uncultured Verrucomicrobiales bacterium	100234	S	2772	5588	8360	0.00020
Roseibacillus sp.	2024856	S	1394	2947	4341	0.00011
Verrucomicrobiaceae bacterium	2026800	S	48	19	67	0.00000
Rubritalea profundi	1658618	S	601	93	694	0.00002
Verrucomicrobia subdivision 3 bacterium	2052186	S	269	96	365	0.00001
Pedosphaera sp.	2024890	S	17	7	24	0.00000
Verrucomicrobiae bacterium	2499141	S	570	586	1156	0.00003
uncultured Opitutales bacterium	592834	S	13252	4591	17843	0.00044
Opitutales bacterium	2026772	S	554	252	806	0.00002
Opitutales bacterium UBA2995	1951177	S	173	7	180	0.00000
Opitutaceae bacterium	2006848	S	47	10	57	0.00000
Opitutae bacterium	2026771	S	4869	2927	7796	0.00019
Opitutae bacterium ISCC 52	2684114	S	19	0	19	0.00000
Puniceicoccaceae bacterium	2026784	S	14	8	22	0.00000
uncultured Verrucomicrobiota bacterium	156588	S	179	82	261	0.00001
Planctomycetaceae bacterium	2026779	S	237744	19467	257211	0.00630
Planctomycetaceae bacterium TMED10	1986833	S	64	7	71	0.00000
Fuerstiella sp.	1936112	S	1532	41	1573	0.00004
Rubinisphaera brasiliensis	119	S	562	7	569	0.00001
Symmachiella dynata	2527995	S	67	32	99	0.00000
Mariniblastus sp.	2005381	S	2267	93	2360	0.00006
Rhodopirellula sp.	2024855	S	83	20	103	0.00000
Rhodopirellula europaea	1263866	S	37	22	59	0.00000
Blastopirellula marina	124	S	22	0	22	0.00000
Blastopirellula sp.	2024826	S	17	1	18	0.00000
Pirellulaceae bacterium	2699754	S	29	2	31	0.00000
uncultured Pirellulaceae bacterium	2706754	S	26	0	26	0.00000
Roseimaritima sediminicola	2662066	S	17	0	17	0.00000
Pirellulales bacterium	2715253	S	92	4	96	0.00000
Planctomycetia bacterium TMED53	1986839	S	25	22	47	0.00000
Tautonia sociabilis	2080755	S	18	0	18	0.00000
Planctomycetota bacterium	2026780	S	49426	11538	60964	0.00149
Planctomycetes bacterium UBA1662	1948126	S	6313	38731	45044	0.00110
Planctomycetes bacterium UBA1135	1948124	S	4505	3356	7861	0.00019
Planctomycetes bacterium UBA1146	1948125	S	48	91	139	0.00000
Planctomycetes bacterium Poly21	2528014	S	39	7	46	0.00000
Planctomycetes bacterium UBA7888	1948130	S	22	2	24	0.00000
Phycisphaerales bacterium	2052180	S	9138	1698	10836	0.00027
Phycisphaerales bacterium UBA3190	1951198	S	2788	152	2940	0.00007
Phycisphaerales bacterium UBA7812	1951207	S	662	268	930	0.00002
uncultured Phycisphaerales bacterium	904075	S	21	1	22	0.00000
Phycisphaerae bacterium	2026778	S	2881	1087	3968	0.00010
uncultured Planctomycetota bacterium	120965	S	32	8	40	0.00000
Chlamydiia bacterium	2052156	S	429	9	438	0.00001
Lentisphaera araneosa	256847	S	49	0	49	0.00000
Kiritimatiellia bacterium	2212473	S	32	25	57	0.00000
Candidatus Omnitrophota bacterium	2035772	S	22	1	23	0.00000
Nitrospina sp.	2024844	S	405148	94484	499632	0.01223
Nitrospina sp. LS_NOB	1671875	S	1175	263	1438	0.00004
Nitrospina sp. UBA6727	1946980	S	65	3	68	0.00000
Candidatus Nitromaritima sp. SCGC AAA288-L16	913337	S	58965	9119	68084	0.00167
uncultured Nitrospinaceae bacterium	407034	S	4148	1294	5442	0.00013
Nitrospinaceae bacterium	2358456	S	3650	505	4155	0.00010
Nitrospinaceae bacterium UBA7883	1953054	S	227	9	236	0.00001
Nitrospinota bacterium	2026769	S	342	32	374	0.00001
uncultured Nitrospinota bacterium	2448460	S	100	6	106	0.00000
Candidatus Poribacteria bacterium	2026781	S	301847	12861	314708	0.00771
Candidatus Uhrbacteria bacterium	2053634	S	6220	476	6696	0.00016
Parcubacteria group bacterium	2026774	S	58	6	64	0.00000
Candidatus Magasanikbacteria bacterium	2026717	S	56	2	58	0.00000
Candidatus Komeilibacteria bacterium	2053566	S	18	2	20	0.00000
Patescibacteria group bacterium	2052139	S	339	26	365	0.00001
Patescibacteria group bacterium UBA3527	1948812	S	16	0	16	0.00000
Candidatus Woesebacteria bacterium	2026804	S	30	0	30	0.00000
Candidatus Dadabacteria bacterium UBA1144	1953208	S	1388	141	1529	0.00004
Candidatus Saccharibacteria bacterium	2026720	S	335	57	392	0.00001
Candidatus Saccharibacteria bacterium UBA2112	1953324	S	25	0	25	0.00000
Candidatus Saccharibacteria bacterium UBA4215	1953341	S	22	2	24	0.00000
TM7 phylum sp. oral taxon 348	671231	S	16	4	20	0.00000
bacterium UBP10_UBA1149	1953411	S	78	66	144	0.00000
Candidatus Peregrinibacteria bacterium	2030811	S	33	1	34	0.00000
Candidatus Binatota bacterium	2528255	S	27	26	53	0.00000
Acidobacteriota bacterium	1978231	S	258368	21972	280340	0.00686
Acidobacteria bacterium UBA2999	1953107	S	636	74	710	0.00002
Acidobacteria bacterium UBA823	1953113	S	343	106	449	0.00001
Acidobacteria bacterium UBA2990	1953105	S	221	143	364	0.00001
Acidobacteria bacterium UBA2994	1953106	S	90	193	283	0.00001
Kocuria sp. cx-455	2771377	S	224	237	461	0.00001
uncultured Acidobacteriota bacterium	171953	S	86	7	93	0.00000
Micavibrio sp. TMED2	1986633	S	20949	21376	42325	0.00104
Micavibrio sp.	2024841	S	907	178	1085	0.00003
Micavibrio sp. UBA2638	1946917	S	544	187	731	0.00002
Micavibrio sp. UBA1850	1946909	S	46	6	52	0.00000
Micavibrio sp. UBA2137	1946913	S	20	4	24	0.00000
Bdellovibrionaceae bacterium UBA1609	1961504	S	19	0	19	0.00000
Pseudobdellovibrionaceae bacterium	2026715	S	13	5	18	0.00000
Bdellovibrio sp.	28201	S	20	3	23	0.00000
Bdellovibrio sp. 28-41-41	1970323	S	12	9	21	0.00000
Bdellovibrionales bacterium	2053517	S	19	1	20	0.00000
Bacteriovoracaceae bacterium	2081706	S	771	5	776	0.00002
Halobacteriovoraceae bacterium	2026745	S	98	3	101	0.00000
Halobacteriovorax sp.	2020862	S	87	9	96	0.00000
Oligoflexia bacterium	2599941	S	100	3	103	0.00000
Nitrospirales bacterium	2358460	S	5412	144	5556	0.00014
Nitrospiraceae bacterium UBA2166	1952976	S	3565	1800	5365	0.00013
Nitrospiraceae bacterium	2026770	S	925	30	955	0.00002
Nitrospira sp.	70125	S	88	6	94	0.00000
Nitrospirota bacterium	2026887	S	39	2	41	0.00000
Sulfurimonas sp.	2022749	S	8626	1094	9720	0.00024
Poseidonibacter lekithochrous	1904463	S	48	80	128	0.00000
Sulfurospirillum sp.	2053622	S	26	1	27	0.00000
Myxococcales bacterium	2026763	S	7467	393	7860	0.00019
Myxococcales bacterium UBA1660	1961462	S	43	4	47	0.00000
Sandaracinus sp.	2024858	S	709	67	776	0.00002
bacterium	1869227	S	592	761	1353	0.00003
bacterium Ga0077546	1752193	S	21	198	219	0.00001
Desulforhopalus singaporensis	91360	S	222	1	223	0.00001
Candidatus Desulfobacula maris	2841694	S	55	38	93	0.00000
Syntrophaceae bacterium	2052184	S	36	6	42	0.00000
Syntrophaceae bacterium UBA1163	1961416	S	13	0	13	0.00000
Thermodesulfobacteriaceae bacterium	2528252	S	22	0	22	0.00000
Leptospira gomenensis	2484974	S	98	4	102	0.00000
Leptospirales bacterium	2604146	S	88	0	88	0.00000
Spirochaetales bacterium	2026792	S	159	9	168	0.00000
Spirochaetia bacterium	2053615	S	35	4	39	0.00000
uncultured bacterium	77133	S	407	884	1291	0.00003
Fusobacterium nucleatum	851	S	23	115	138	0.00000
Fusobacteriia bacterium UBA1095	1948575	S	109	1	110	0.00000
Calditrichota bacterium	2212469	S	13	0	13	0.00000
Elusimicrobiota bacterium	2030800	S	12	1	13	0.00000
Marine Group I thaumarchaeote	2511932	S	640737	1742504	2383241	0.05836
Thaumarchaeota archaeon SCGC AAA007-O23	913333	S	40538	218003	258541	0.00633
uncultured marine group I thaumarchaeote	360837	S	3647	4071	7718	0.00019
Marine Group I thaumarchaeote SCGC AAA799-O18	1502294	S	379	119	498	0.00001
Candidatus Nitrosopelagicus sp.	2026808	S	49401	135081	184482	0.00452
Candidatus Nitrosopelagicus brevis	1410606	S	17	41	58	0.00000
uncultured Candidatus Nitrosopumilus sp.	517606	S	101516	187428	288944	0.00708
Nitrosopumilus sp. LS_AOA	1671876	S	165	783	948	0.00002
Nitrosopumilus sp. BACL13 MAG-121220-bin23	1655561	S	134	568	702	0.00002
Nitrosopumilus sp.	2024843	S	127	299	426	0.00001
Nitrososphaerales archaeon TH5895	2721602	S	126	2	128	0.00000
Nitrososphaerota archaeon	2026795	S	27844	20025	47869	0.00117
Thaumarchaeota archaeon SCGC AAA282-K18	1298885	S	24697	161063	185760	0.00455
Candidatus Methanosuratincola sp.	2495426	S	3119	1232	4351	0.00011
Candidatus Bathyarchaeota archaeon	2026714	S	309	47	356	0.00001
Euryarchaeota archaeon UBA58	1915943	S	1005631	71056	1076687	0.02637
Euryarchaeota archaeon UBA54	1915920	S	439918	351877	791795	0.01939
Candidatus Poseidoniales archaeon	2163009	S	87133	27698	114831	0.00281
Euryarchaeota archaeon UBA60	1915951	S	44373	455	44828	0.00110
Euryarchaeota archaeon UBA528	1915914	S	32657	14201	46858	0.00115
Euryarchaeota archaeon UBA59	1915945	S	4567	34	4601	0.00011
Marine Group II euryarchaeote MED-G34	2007295	S	220	76	296	0.00001
Euryarchaeota archaeon UBA623	1915969	S	164	44	208	0.00001
Marine Group II euryarchaeote MED-G36	2007297	S	89	8	97	0.00000
Euryarchaeota archaeon UBA242	1915855	S	15	3	18	0.00000
Euryarchaeota archaeon UBA62	1915965	S	13	10	23	0.00000
Candidatus Thalassoarchaea betae	2599289	S	498	46	544	0.00001
Candidatus Thalassarchaeaceae archaeon	2670411	S	211	16	227	0.00001
uncultured Candidatus Poseidoniales archaeon	274854	S	185	26	211	0.00001
Candidatus Poseidoniaceae archaeon	2666346	S	40	8	48	0.00000
Euryarchaeota archaeon UBA136	1915770	S	21070	100739	121809	0.00298
Euryarchaeota archaeon UBA488	1915775	S	1196	1184	2380	0.00006
Marine Group III euryarchaeote CG-Bathy1	1889001	S	409	186	595	0.00001
uncultured marine group III euryarchaeote	360836	S	29	3	32	0.00000
Euryarchaeota archaeon	2026739	S	61731	16947	78678	0.00193
Marine Group IV archaeon HikBin4	2675329	S	29768	244	30012	0.00073
Halococcus sediminicola	1264579	S	63	26	89	0.00000
Halococcus salsus	2162894	S	38	66	104	0.00000
Halococcus hamelinensis	332168	S	21	27	48	0.00000
Natrialba chahannaoensis	68911	S	14	5	19	0.00000
Methanobrevibacter smithii	2173	S	23	22	45	0.00000
Candidatus Pacearchaeota archaeon	2026773	S	1790	178	1968	0.00005
Nanoarchaeota archaeon	2026764	S	228	19	247	0.00001
Candidatus Woesearchaeota archaeon	2026803	S	22	1	23	0.00000
archaeon	1906665	S	366	31	397	0.00001
Candidatus Heimdallarchaeota archaeon	2026747	S	44	2	46	0.00000
