name	taxonomy_id	taxonomy_lvl	kraken_assigned_reads	added_reads	new_est_reads	fraction_total_reads
Alteromonas macleodii	28108	S	69347	29432	98779	0.31788
Alteromonas mediterranea	314275	S	6084	2851	8935	0.02875
Alteromonas sp. RKMC-009	2267264	S	3887	442	4329	0.01393
Alteromonas sp. RW2A1	1917158	S	121	695	816	0.00263
Alteromonas sp. MB-3u-76	2058133	S	96	419	515	0.00166
Alteromonas sp. B31-7	2785913	S	68	762	830	0.00267
Alteromonas australica	589873	S	158	727	885	0.00285
Alteromonas naphthalenivorans	715451	S	60	58	118	0.00038
Alteromonas pelagimontana	1858656	S	17	1	18	0.00006
Salinimonas sediminis	2303538	S	91	96	187	0.00060
Salinimonas iocasae	2572577	S	33	53	86	0.00028
Pseudoalteromonas sp. SCSIO 43088	2822846	S	132	296	428	0.00138
Pseudoalteromonas sp. APM04	2699396	S	83	1387	1470	0.00473
Pseudoalteromonas sp. CF6-2	562716	S	71	804	875	0.00282
Pseudoalteromonas sp. Xi13	2490635	S	14	152	166	0.00053
Pseudoalteromonas rhizosphaerae	2518973	S	48	37	85	0.00027
Pseudoalteromonas shioyasakiensis	1190813	S	46	99	145	0.00047
Pseudoalteromonas donghaensis	621376	S	32	1379	1411	0.00454
Pseudoalteromonas agarivorans	176102	S	19	188	207	0.00067
Idiomarina loihiensis	135577	S	144	90	234	0.00075
Idiomarina sp. OT37-5b	2100422	S	58	46	104	0.00033
Colwellia sp. M166	2583805	S	152	42	194	0.00062
Marinobacter salarius	1420917	S	2385	1194	3579	0.01152
Marinobacter sp. CP1	1671721	S	903	4376	5279	0.01699
Marinobacter sp.	50741	S	659	182	841	0.00271
Marinobacter sp. Arc7-DN-1	2304594	S	58	10	68	0.00022
Marinobacter sp. LQ44	1749259	S	21	32	53	0.00017
Marinobacter sp. es.042	1761794	S	19	39	58	0.00019
Marinobacter sp. AN1	2886046	S	18	5	23	0.00007
Marinobacter nauticus	2743	S	393	151	544	0.00175
Marinobacter adhaerens	1033846	S	162	896	1058	0.00340
Marinobacter salsuginis	418719	S	49	21	70	0.00023
Halopseudomonas aestusnigri	857252	S	520	1761	2281	0.00734
Halopseudomonas sp. RR6	2918528	S	76	21	97	0.00031
Halopseudomonas sabulinigri	472181	S	49	5	54	0.00017
Stutzerimonas stutzeri	316	S	155	429	584	0.00188
Pseudomonas aeruginosa	287	S	46	588	634	0.00204
Methylophaga nitratireducenticrescens	754476	S	6315	2588	8903	0.02865
Methylophaga pinxianii	2881052	S	648	602	1250	0.00402
Methylophaga frappieri	754477	S	46	56	102	0.00033
Halomonas meridiana	29570	S	2880	3154	6034	0.01942
Halomonas piezotolerans	2609667	S	143	96	239	0.00077
Halomonas sp. KO116	1504981	S	40	31	71	0.00023
Thalassolituus oleivorans	187493	S	1887	476	2363	0.00760
Venatorbacter cucullus	2661630	S	35	7	42	0.00014
Marinobacterium georgiense	48076	S	31	13	44	0.00014
Alcanivorax borkumensis	59754	S	168	626	794	0.00256
Alcanivorax sp. NBRC 101098	1113728	S	64	222	286	0.00092
Alcanivorax sp. ALC70	2259335	S	17	24	41	0.00013
Ketobacter alkanivorans	1917421	S	49	2	51	0.00016
Kangiella geojedonensis	914150	S	899	55	954	0.00307
Spongiibacter sp. IMCC21906	1620392	S	107	73	180	0.00058
Spongiibacter nanhainus	2794344	S	73	29	102	0.00033
Zhongshania aliphaticivorans	1470434	S	124	13	137	0.00044
Marinimicrobium sp. C6131	3022676	S	73	20	93	0.00030
Marinagarivorans cellulosilyticus	2721545	S	12	4	16	0.00005
Congregibacter litoralis	393662	S	27	32	59	0.00019
Acinetobacter venetianus	52133	S	82	156	238	0.00077
Klebsiella pneumoniae	573	S	13	325	338	0.00109
Legionella spiritensis	452	S	12	2	14	0.00005
Sulfitobacter sp. SK025	1389011	S	233	13795	14028	0.04514
Sulfitobacter sp. W027	2867025	S	44	334	378	0.00122
Sulfitobacter sp. CB2047	1525218	S	28	2954	2982	0.00960
Sulfitobacter sp. BSw21498	664426	S	20	61	81	0.00026
Sulfitobacter sp. W074	2867026	S	16	472	488	0.00157
Sulfitobacter pontiacus	60137	S	368	25609	25977	0.08360
Sulfitobacter indolifex	225422	S	145	972	1117	0.00359
Sulfitobacter mediterraneus	83219	S	99	1574	1673	0.00538
Sulfitobacter faviae	1775881	S	57	428	485	0.00156
Sulfitobacter alexandrii	1917485	S	19	252	271	0.00087
Phaeobacter inhibens	221822	S	158	401	559	0.00180
Pseudosulfitobacter pseudonitzschiae	1402135	S	67	396	463	0.00149
Pseudosulfitobacter sp. DSM 107133	2883100	S	45	255	300	0.00097
Leisingera caerulea	506591	S	76	78	154	0.00050
Roseovarius indicus	540747	S	38	211	249	0.00080
Roseovarius mucosus	215743	S	19	172	191	0.00061
Dinoroseobacter shibae	215813	S	18	124	142	0.00046
Mameliella alba	561184	S	16	35	51	0.00016
Octadecabacter sp. SW4	2602067	S	14	39	53	0.00017
Tritonibacter mobilis	379347	S	234	1304	1538	0.00495
Pseudooceanicola atlanticus	1461694	S	105	57	162	0.00052
Paracoccus sp. SCSIO 75233	3017782	S	20	181	201	0.00065
Pelagovum pacificum	2588711	S	21	8	29	0.00009
Yoonia vestfoldensis	245188	S	17	70	87	0.00028
Pacificitalea manganoxidans	1411902	S	17	42	59	0.00019
Qipengyuania flava	192812	S	6269	3843	10112	0.03254
Qipengyuania sp. SS22	2979461	S	39	7	46	0.00015
Qipengyuania sp. PHS-Z21	2909673	S	33	18	51	0.00016
Erythrobacter sp. A30-3	2785907	S	5282	3733	9015	0.02901
Erythrobacter sp. THAF29	2587851	S	25	6	31	0.00010
Erythrobacter litoralis	39960	S	184	123	307	0.00099
Erythrobacter aureus	2182384	S	44	5	49	0.00016
Croceicoccus sp. Ery15	1703338	S	78	130	208	0.00067
Croceicoccus sp. Ery5	1703340	S	68	53	121	0.00039
Croceicoccus marinus	450378	S	108	83	191	0.00061
Croceicoccus naphthovorans	1348774	S	18	33	51	0.00016
Aurantiacibacter atlanticus	1648404	S	35	18	53	0.00017
Tsuneonella flava	2055955	S	32	8	40	0.00013
Citromicrobium sp. JL477	1634516	S	7587	3106	10693	0.03441
Sphingobium yanoikuyae	13690	S	192	524	716	0.00230
Sphingobium xenophagum	121428	S	54	104	158	0.00051
Sphingobium sp. TKS	1315974	S	14	61	75	0.00024
Sphingomonas melonis	152682	S	25	56	81	0.00026
Sphingomonas sp. IC081	304378	S	19	228	247	0.00079
Sphingomonas sanxanigenens	397260	S	17	20	37	0.00012
Novosphingobium pentaromativorans	205844	S	21	49	70	0.00023
Novosphingobium sp. KA1	164608	S	19	187	206	0.00066
Novosphingobium decolorationis	2698673	S	18	21	39	0.00013
Novosphingopyxis iocasae	2762729	S	31	17	48	0.00015
Sphingosinithalassobacter tenebrarum	2711215	S	18	5	23	0.00007
Hyphomonas sp. KY3	2016196	S	17927	3732	21659	0.06970
Hyphomonas atlantica	1280948	S	990	249	1239	0.00399
Agrobacterium salinitolerans	1183413	S	264	672	936	0.00301
Agrobacterium tumefaciens	358	S	82	320	402	0.00129
Rhizobium sp. SSM4.3	2919917	S	40	43	83	0.00027
Roseibium aggregatum	187304	S	910	286	1196	0.00385
Roseibium sp. Sym1	3016006	S	15	9	24	0.00008
Acuticoccus sp. I52.16.1	2928472	S	91	10	101	0.00033
Devosia sp. I507	2083786	S	47	25	72	0.00023
Aquibium oceanicum	1670800	S	17	5	22	0.00007
Thalassospira sp. GO-4	2946605	S	1319	370	1689	0.00544
Thalassospira sp. A40-3	2785908	S	15	60	75	0.00024
Thalassospira indica	1891279	S	20	86	106	0.00034
Glycocaulis alkaliphilus	1434191	S	150	5	155	0.00050
Maricaulis maris	74318	S	105	6	111	0.00036
Marinicauda algicola	2029849	S	27	7	34	0.00011
Burkholderia contaminans	488447	S	48	155	203	0.00065
Ralstonia pickettii	329	S	72	149	221	0.00071
Paraburkholderia fungorum	134537	S	108	90	198	0.00064
Limnobacter sp. SAORIC-580	2732163	S	68	7	75	0.00024
Croceibacter atlanticus	313588	S	21009	2383	23392	0.07528
Maribacter dokdonensis	320912	S	112	1987	2099	0.00675
Maribacter cobaltidurans	1178778	S	54	39	93	0.00030
Maribacter sp. 1_2014MBL_MicDiv	1644130	S	49	894	943	0.00303
Leeuwenhoekiella palythoae	573501	S	204	1275	1479	0.00476
Leeuwenhoekiella sp. ZYFB001	2719912	S	109	642	751	0.00242
Mesoflavibacter sp. SCSIO 43206	2779362	S	174	77	251	0.00081
Mesoflavibacter profundi	2708110	S	26	1269	1295	0.00417
Muricauda aquimarina	254955	S	489	308	797	0.00256
Muricauda oceani	2698672	S	367	162	529	0.00170
Winogradskyella schleiferi	2686078	S	172	82	254	0.00082
Winogradskyella sp. MH6	2929510	S	62	21	83	0.00027
Winogradskyella forsetii	2686077	S	49	15	64	0.00021
Dokdonia sp. MED134	313590	S	33	247	280	0.00090
Zunongwangia profunda	398743	S	246	166	412	0.00133
Nonlabens spongiae	331648	S	16	158	174	0.00056
Euzebyella marina	1761453	S	170	61	231	0.00074
Arenibacter algicola	616991	S	56	20	76	0.00024
Salegentibacter mishustinae	270918	S	30	31	61	0.00020
Robiginitalea biformata	252307	S	27	5	32	0.00010
Gramella flava	1486245	S	13	3	16	0.00005
Gilvibacter sp. SZ-19	754429	S	16	1	17	0.00005
Croceimicrobium hydrocarbonivorans	2761580	S	17	10	27	0.00009
Cyclobacterium marinum	104	S	13	22	35	0.00011
Microbacterium luteum	2782167	S	204	548	752	0.00242
Microbacterium schleiferi	69362	S	163	584	747	0.00240
Microbacterium chocolatum	84292	S	64	238	302	0.00097
Chryseoglobus indicus	2750620	S	36	271	307	0.00099
Mycolicibacterium poriferae	39694	S	268	319	587	0.00189
Rhodococcus fascians	1828	S	81	63	144	0.00046
Rhodococcus pyridinivorans	103816	S	69	499	568	0.00183
Rhodococcus qingshengii	334542	S	12	147	159	0.00051
Nocardioides marinisabuli	419476	S	73	491	564	0.00181
Nocardioides sp. S5	2017486	S	12	78	90	0.00029
Nocardioides dokdonensis	450734	S	14	76	90	0.00029
Nocardioides rotundus	1774216	S	12	52	64	0.00021
Cutibacterium acnes	1747	S	44	52	96	0.00031
Prochlorococcus marinus	1219	S	571	374	945	0.00304
Microvenator marinus	2600177	S	47	1	48	0.00015
Halobacteriovorax sp. BALOs_7	2109558	S	28	10	38	0.00012
Homo sapiens	9606	S	273	118	391	0.00126
