name	taxonomy_id	taxonomy_lvl	kraken_assigned_reads	added_reads	new_est_reads	fraction_total_reads
Alteromonas australica	589873	S	2930124	834247	3764371	0.30725
Alteromonas macleodii	28108	S	89758	98854	188612	0.01539
Alteromonas mediterranea	314275	S	40041	32867	72908	0.00595
Alteromonas oceani	2071609	S	24691	61235	85926	0.00701
Alteromonas alba	2079529	S	15466	78491	93957	0.00767
Alteromonas sp. IB21	2779369	S	7983	4644	12627	0.00103
Alteromonas sp. LOR	1537994	S	622	253	875	0.00007
Alteromonas sp. RKMC-009	2267264	S	534	72	606	0.00005
Alteromonas sp. BL110	1714845	S	484	439	923	0.00008
Alteromonas sp. 38	2653129	S	452	257	709	0.00006
Alteromonas sp. ALT199	1298865	S	263	197	460	0.00004
Alteromonas sp. KC3	2795688	S	233	41	274	0.00002
Alteromonas sp. KUL42	2480797	S	184	16	200	0.00002
Alteromonas sp. KUL106	2480799	S	173	41	214	0.00002
Alteromonas sp. MMG017	2822692	S	153	82	235	0.00002
Alteromonas sp. V450	1912139	S	94	39	133	0.00001
Alteromonas sp. 5E99-2	2817683	S	22	0	22	0.00000
Alteromonas antoniana	2803813	S	9028	5044	14072	0.00115
Alteromonas abrolhosensis	1892904	S	8090	5802	13892	0.00113
Alteromonas naphthalenivorans	715451	S	4761	4672	9433	0.00077
Alteromonas profundi	2696062	S	4223	1710	5933	0.00048
Alteromonas marina	203795	S	3457	3513	6970	0.00057
Alteromonas lipotrueiana	2803815	S	1822	345	2167	0.00018
Alteromonas hispanica	315421	S	1637	155	1792	0.00015
Alteromonas oceanisediminis	2836180	S	1321	198	1519	0.00012
Alteromonas portus	2565549	S	1051	594	1645	0.00013
Alteromonas genovensis	471225	S	698	317	1015	0.00008
Alteromonas stellipolaris	233316	S	370	237	607	0.00005
Alteromonas gracilis	1479524	S	216	85	301	0.00002
Alteromonas flava	2048003	S	151	5	156	0.00001
Alteromonas sediminis	2259342	S	141	2	143	0.00001
Alteromonas pelagimontana	1858656	S	85	8	93	0.00001
Alteromonas lipolytica	1856405	S	83	8	91	0.00001
Alteromonas halophila	516698	S	33	4	37	0.00000
Alteromonas confluentis	1656094	S	15	1	16	0.00000
Salinimonas sediminis	2303538	S	412	233	645	0.00005
Salinimonas chungwhensis	265425	S	216	28	244	0.00002
Salinimonas profundi	2729140	S	114	52	166	0.00001
Salinimonas lutimaris	914153	S	32	5	37	0.00000
Alteromonadaceae bacterium UBA2620	1951386	S	74010	195248	269258	0.02198
Alteromonadaceae bacterium	1916082	S	6778	2228	9006	0.00074
Alteromonadaceae bacterium XY-R5	1737567	S	35	1	36	0.00000
Marisediminitalea aggregata	634436	S	3266	412	3678	0.00030
Paraglaciecola chathamensis	368405	S	366	115	481	0.00004
Paraglaciecola mesophila	197222	S	53	26	79	0.00001
Paraglaciecola polaris	222814	S	53	17	70	0.00001
Glaciecola sp. XM2	1914931	S	130	3	133	0.00001
Glaciecola sp. UBA1851	1946570	S	33	2	35	0.00000
Glaciecola sp. HTCC2999	455436	S	24	2	26	0.00000
Aliiglaciecola lipolytica	477689	S	151	11	162	0.00001
Aestuariibacter sp. A3R04	2841571	S	57	5	62	0.00001
Aestuariibacter sp.	1872400	S	33	21	54	0.00000
Ningiella ruwaisensis	2364274	S	51	11	62	0.00001
Bowmanella denitrificans	366582	S	24	0	24	0.00000
Saccharobesus litoralis	2172099	S	17	0	17	0.00000
Neptunicella marina	2125989	S	14	1	15	0.00000
Pseudoalteromonas tetraodonis	43659	S	64765	140345	205110	0.01674
Pseudoalteromonas atlantica	288	S	39896	40431	80327	0.00656
Pseudoalteromonas sp. MEBiC 03607	2563601	S	12412	16741	29153	0.00238
Pseudoalteromonas sp. 3D05	2045444	S	1416	516	1932	0.00016
Pseudoalteromonas sp. DL-6	1390185	S	991	1989	2980	0.00024
Pseudoalteromonas sp. P1-25	1723758	S	766	572	1338	0.00011
Pseudoalteromonas sp.	53249	S	741	1578	2319	0.00019
Pseudoalteromonas sp. 0303	2743618	S	445	2355	2800	0.00023
Pseudoalteromonas sp. NBT06-2	2025950	S	212	9	221	0.00002
Pseudoalteromonas sp. EB27	1938368	S	210	522	732	0.00006
Pseudoalteromonas sp. A601	1967839	S	131	50	181	0.00001
Pseudoalteromonas sp. H71	1348395	S	114	83	197	0.00002
Pseudoalteromonas sp. FUC4	2511201	S	39	97	136	0.00001
Pseudoalteromonas sp. H105	1348393	S	36	9	45	0.00000
Pseudoalteromonas sp. Z1A8	2686354	S	33	58	91	0.00001
Pseudoalteromonas sp. MMG007	2822684	S	20	19	39	0.00000
Pseudoalteromonas sp. BSi20652	388384	S	16	21	37	0.00000
Pseudoalteromonas sp. XI10	1766621	S	15	78	93	0.00001
Pseudoalteromonas marina	267375	S	10528	8618	19146	0.00156
Pseudoalteromonas lipolytica	570156	S	6843	9522	16365	0.00134
Pseudoalteromonas undina	43660	S	2552	5681	8233	0.00067
Pseudoalteromonas aurantia	43654	S	2404	502	2906	0.00024
Pseudoalteromonas rhizosphaerae	2518973	S	823	1497	2320	0.00019
Pseudoalteromonas carrageenovora	227	S	618	866	1484	0.00012
Pseudoalteromonas prydzensis	182141	S	476	309	785	0.00006
Pseudoalteromonas shioyasakiensis	1190813	S	390	1548	1938	0.00016
Pseudoalteromonas arabiensis	874454	S	363	155	518	0.00004
Pseudoalteromonas nigrifaciens	28109	S	339	802	1141	0.00009
Pseudoalteromonas espejiana	28107	S	334	258	592	0.00005
Pseudoalteromonas distincta	77608	S	286	1053	1339	0.00011
Pseudoalteromonas arctica	394751	S	284	276	560	0.00005
Pseudoalteromonas fuliginea	1872678	S	78	141	219	0.00002
Pseudoalteromonas ostreae	2774154	S	52	82	134	0.00001
Pseudoalteromonas gelatinilytica	1703256	S	50	114	164	0.00001
Pseudoalteromonas translucida	166935	S	21	38	59	0.00000
Pseudoalteromonas neustonica	1840331	S	20	8	28	0.00000
Pseudoalteromonas haloplanktis	228	S	17	6	23	0.00000
Algicola sp.	1872429	S	13	3	16	0.00000
Litorilituus sediminis	718192	S	2484	234	2718	0.00022
Litorilituus lipolyticus	2491017	S	2273	149	2422	0.00020
Cognaticolwellia aestuarii	329993	S	3395	713	4108	0.00034
Colwellia polaris	326537	S	340	108	448	0.00004
Colwellia sp.	56799	S	56	24	80	0.00001
Colwellia sp. RSH04	2305464	S	40	6	46	0.00000
Colwellia sp. D2M02	2841562	S	29	5	34	0.00000
Thalassotalea profundi	2036687	S	240	80	320	0.00003
Thalassotalea piscium	1230533	S	14	4	18	0.00000
Idiomarina aquatica	1327752	S	577	228	805	0.00007
Idiomarina baltica	190892	S	472	867	1339	0.00011
Idiomarina zobellii	86103	S	252	524	776	0.00006
Idiomarina piscisalsi	1096243	S	40	61	101	0.00001
Idiomarina loihiensis	135577	S	27	14	41	0.00000
Idiomarina xiamenensis	1207041	S	14	1	15	0.00000
Idiomarina tyrosinivorans	1445662	S	13	2	15	0.00000
Pseudidiomarina aquimaris	641841	S	41	196	237	0.00002
Pseudidiomarina atlantica	1517416	S	14	54	68	0.00001
Idiomarinaceae bacterium	1898113	S	102	223	325	0.00003
Shewanella sp. SG41-4	2760976	S	222	36	258	0.00002
Shewanella sp. 10N.286.51.B7	1880836	S	21	14	35	0.00000
Shewanella vesiculosa	518738	S	26	3	29	0.00000
Motilimonas pumila	2303987	S	86	25	111	0.00001
Thalassolituus sp. UBA2107	1947659	S	855810	1035180	1890990	0.15435
Thalassolituus sp. UBA674	1947666	S	895	161	1056	0.00009
Thalassolituus sp. C2-1	2597518	S	550	135	685	0.00006
Thalassolituus sp. ESRF-bin27	2011150	S	26	0	26	0.00000
Thalassolituus oleivorans	187493	S	1085	342	1427	0.00012
Oleispira sp.	2024846	S	33464	5915	39379	0.00321
Oleispira antarctica	188908	S	212	11	223	0.00002
Oceanospirillaceae bacterium	1899355	S	17975	2887	20862	0.00170
Oceanospirillaceae bacterium UBA2001	1952988	S	37	14	51	0.00000
Oleibacter marinus	484498	S	16526	14469	30995	0.00253
Oleibacter sp.	2024845	S	29	7	36	0.00000
Neptuniibacter sp. UBA6509	1946976	S	13758	1776	15534	0.00127
Neptuniibacter pectenicola	1806669	S	85	42	127	0.00001
Oceanobacter sp.	2030817	S	12383	2128	14511	0.00118
Bermanella sp.	2024825	S	3155	1394	4549	0.00037
Marinobacterium iners	48076	S	67	5	72	0.00001
Marinomonas foliarum	491950	S	1842	642	2484	0.00020
Marinomonas piezotolerans	2213058	S	46	1	47	0.00000
Marinomonas profundimaris	1208321	S	40	23	63	0.00001
Marinomonas polaris	293552	S	23	9	32	0.00000
Marinomonas alcarazii	491949	S	16	1	17	0.00000
Oceanospirillum maris	64977	S	24	0	24	0.00000
Halomonas aquamarina	77097	S	41982	168591	210573	0.01719
Halomonas salicampi	1449798	S	6669	2229	8898	0.00073
Halomonas piezotolerans	2609667	S	5870	6532	12402	0.00101
Halomonas lionensis	1144478	S	5011	16421	21432	0.00175
Halomonas meridiana	29570	S	4276	6068	10344	0.00084
Halomonas sp.	1486246	S	2417	1158	3575	0.00029
Halomonas sp. UBA3074	1946584	S	657	881	1538	0.00013
Halomonas sp. 54_146	1635257	S	398	307	705	0.00006
Halomonas sp. A11-A	2183985	S	40	48	88	0.00001
Halomonas sp. GFAJ-1	1118153	S	32	15	47	0.00000
Halomonas sp. KAO	2783858	S	22	27	49	0.00000
Halomonas sp. JB37	2024405	S	20	6	26	0.00000
Halomonas sp. TD01	999141	S	13	15	28	0.00000
Halomonas sp. A40-4	2785909	S	13	14	27	0.00000
Halomonas taeanensis	284577	S	630	245	875	0.00007
Halomonas litopenaei	2109328	S	400	319	719	0.00006
Halomonas sedimenti	2729618	S	349	622	971	0.00008
Halomonas hamiltonii	502829	S	327	996	1323	0.00011
Halomonas zincidurans	1178777	S	285	131	416	0.00003
Halomonas stevensii	502821	S	251	966	1217	0.00010
Halomonas salina	42565	S	188	307	495	0.00004
Halomonas glaciei	186761	S	134	421	555	0.00005
Halomonas lutescens	1602943	S	107	44	151	0.00001
Halomonas azerica	2732867	S	90	19	109	0.00001
Halomonas alkaliphila	272774	S	85	117	202	0.00002
Halomonas alkaliantarctica	232346	S	84	117	201	0.00002
Halomonas venusta	44935	S	79	41	120	0.00001
Halomonas sulfidaeris	115553	S	76	25	101	0.00001
Halomonas lutea	453962	S	75	6	81	0.00001
Halomonas shengliensis	419597	S	65	80	145	0.00001
Halomonas maris	2729617	S	59	176	235	0.00002
Halomonas titanicae	664683	S	45	119	164	0.00001
Halomonas alimentaria	147248	S	36	52	88	0.00001
Halomonas campaniensis	213554	S	35	54	89	0.00001
Halomonas subterranea	416874	S	20	15	35	0.00000
Halomonas salipaludis	2032625	S	19	27	46	0.00000
Halomonas ventosae	229007	S	13	16	29	0.00000
Halomonas xinjiangensis	1166948	S	12	0	12	0.00000
Halomonas songnenensis	1176243	S	12	1	13	0.00000
Cobetia amphilecti	1055104	S	13366	9454	22820	0.00186
Cobetia crustatorum	553385	S	433	328	761	0.00006
Cobetia marina	28258	S	160	102	262	0.00002
Cobetia sp. L2A1	2686360	S	20	13	33	0.00000
Salinicola salarius	430457	S	180	84	264	0.00002
Salinicola sp.	1978524	S	49	40	89	0.00001
Chromohalobacter israelensis	141390	S	83	71	154	0.00001
Chromohalobacter salexigens	158080	S	40	25	65	0.00001
Halovibrio variabilis	31910	S	24	6	30	0.00000
Halomonadaceae bacterium T82-2	1783518	S	21	144	165	0.00001
Alcanivoracaceae bacterium	2024895	S	25389	28709	54098	0.00442
Alloalcanivorax venustensis	172371	S	16946	49023	65969	0.00538
Alloalcanivorax mobilis	2019569	S	116	21	137	0.00001
Alloalcanivorax profundimaris	2735259	S	108	101	209	0.00002
Alloalcanivorax marinus	1177169	S	60	32	92	0.00001
Alloalcanivorax gelatiniphagus	1194167	S	19	12	31	0.00000
Alcanivorax sp.	1872427	S	4563	4527	9090	0.00074
Alcanivorax sp. UBA4485	1945988	S	911	1164	2075	0.00017
Alcanivorax sp. 24	2545266	S	558	499	1057	0.00009
Alcanivorax sp. DSM 26293	1798238	S	480	881	1361	0.00011
Alcanivorax sp. DG881	236097	S	73	129	202	0.00002
Alcanivorax profundi	2338368	S	893	2941	3834	0.00031
Alcanivorax borkumensis	59754	S	299	86	385	0.00003
Alcanivorax jadensis	64988	S	219	131	350	0.00003
Alcanivorax nanhaiticus	1177154	S	24	21	45	0.00000
Alcanivorax hongdengensis	519051	S	18	7	25	0.00000
Ketobacter sp. MCCC 1A13808	2602738	S	192	37	229	0.00002
Ketobacter sp.	2083498	S	135	48	183	0.00001
Oleiphilus sp.	2025907	S	1872	73	1945	0.00016
Terasakiispira papahanaumokuakeensis	197479	S	72	0	72	0.00001
Endozoicomonas sp. G2_2	2821092	S	14	7	21	0.00000
Salinibius halmophilus	1853216	S	14	0	14	0.00000
Halopseudomonas aestusnigri	857252	S	33183	29144	62327	0.00509
Halopseudomonas pachastrellae	254161	S	20619	28971	49590	0.00405
Halopseudomonas gallaeciensis	857227	S	7992	7397	15389	0.00126
Halopseudomonas sabulinigri	472181	S	1790	371	2161	0.00018
Halopseudomonas oceani	1708783	S	1349	1147	2496	0.00020
Halopseudomonas pelagia	553151	S	170	85	255	0.00002
Halopseudomonas yangmingensis	1720063	S	102	51	153	0.00001
Halopseudomonas formosensis	1002526	S	21	13	34	0.00000
Halopseudomonas salina	1323744	S	19	2	21	0.00000
Halopseudomonas litoralis	797277	S	12	7	19	0.00000
Pseudomonas saliphila	2586906	S	498	212	710	0.00006
Pseudomonas sp. SSM44	2487347	S	222	194	416	0.00003
Pseudomonas sp.	306	S	41	204	245	0.00002
Pseudomonas sp. SST3	2267882	S	23	54	77	0.00001
Pseudomonas mendocina	300	S	71	201	272	0.00002
Pseudomonas jilinensis	2078689	S	79	44	123	0.00001
Pseudomonas chengduensis	489632	S	62	1073	1135	0.00009
Pseudomonas khazarica	2502979	S	43	48	91	0.00001
Pseudomonas marincola	437900	S	29	11	40	0.00000
Pseudomonas putida	303	S	18	37	55	0.00000
Pseudomonas chlororaphis	587753	S	20	51	71	0.00001
Pseudomonas tohonis	2725477	S	19	33	52	0.00000
Pseudomonas benzenivorans	556533	S	17	23	40	0.00000
Pseudomonas bharatica	2692112	S	17	41	58	0.00000
Pseudomonas hunanensis	1247546	S	12	24	36	0.00000
Pseudomonas mucoides	2730424	S	12	46	58	0.00000
Pseudomonadaceae bacterium UBA836	1952795	S	1610	1886	3496	0.00029
Stutzerimonas stutzeri	316	S	119	242	361	0.00003
Denitrificimonas caeni	521720	S	20	14	34	0.00000
Marinobacter nauticus	2743	S	33538	16792	50330	0.00411
Marinobacter vinifirmus	355591	S	9055	10401	19456	0.00159
Marinobacter fuscus	2109942	S	4043	3983	8026	0.00066
Marinobacter sp. B9-2	2137198	S	1007	3239	4246	0.00035
Marinobacter sp.	50741	S	488	329	817	0.00007
Marinobacter sp. LQ44	1749259	S	412	911	1323	0.00011
Marinobacter sp. Arc7-DN-1	2304594	S	385	289	674	0.00006
Marinobacter sp. EhC06	1849169	S	103	169	272	0.00002
Marinobacter sp. 1-4A	2582919	S	47	35	82	0.00001
Marinobacter sp. es.042	1761794	S	43	117	160	0.00001
Marinobacter sp. F3R11	2267231	S	33	3	36	0.00000
Marinobacter sp. AC-23	1879031	S	25	4	29	0.00000
Marinobacter sp. BW6	2592624	S	22	15	37	0.00000
Marinobacter sp. JH2	2547598	S	22	12	34	0.00000
Marinobacter sp. NP-4(2019)	2488665	S	17	4	21	0.00000
Marinobacter sp. F3R08	2841559	S	12	2	14	0.00000
Marinobacter salsuginis	418719	S	2466	2262	4728	0.00039
Marinobacter persicus	930118	S	2229	1478	3707	0.00030
Marinobacter manganoxydans	1150997	S	1102	15669	16771	0.00137
Marinobacter flavimaris	262076	S	419	6181	6600	0.00054
Marinobacter adhaerens	1033846	S	285	2129	2414	0.00020
Marinobacter shengliensis	1389223	S	171	239	410	0.00003
Marinobacter litoralis	187981	S	133	24	157	0.00001
Marinobacter segnicrescens	430453	S	119	46	165	0.00001
Marinobacter salarius	1420917	S	101	164	265	0.00002
Marinobacter denitrificans	2597703	S	74	64	138	0.00001
Marinobacter lipolyticus	209639	S	73	42	115	0.00001
Marinobacter profundi	2666256	S	70	37	107	0.00001
Marinobacter santoriniensis	523742	S	58	7	65	0.00001
Marinobacter maroccanus	2055143	S	39	45	84	0.00001
Marinobacter pelagius	379482	S	37	19	56	0.00000
Marinobacter aromaticivorans	1494078	S	36	9	45	0.00000
Marinobacter antarcticus	564117	S	31	13	44	0.00000
Marinobacter alexandrii	2570351	S	21	7	28	0.00000
Marinobacter salexigens	1925763	S	16	4	20	0.00000
Marinobacter piscensis	1562308	S	16	4	20	0.00000
Marinobacter nitratireducens	1137280	S	12	0	12	0.00000
Pseudomonadales bacterium	1891229	S	152	24	176	0.00001
Gammaproteobacteria bacterium	1913989	S	130203	23757	153960	0.01257
gamma proteobacterium SCGC AAA007-O20	913327	S	20581	12073	32654	0.00267
Gammaproteobacteria bacterium UBA1119	1948582	S	17486	20109	37595	0.00307
gamma proteobacterium SCGC AB-629-P17	1131274	S	1966	1981	3947	0.00032
Gammaproteobacteria bacterium UBA3532	1948611	S	1880	987	2867	0.00023
Gammaproteobacteria bacterium REDSEA-S15_B12	1811666	S	981	522	1503	0.00012
Gammaproteobacteria bacterium UBA1961	1948588	S	603	91	694	0.00006
Gammaproteobacteria bacterium UBA7310	1948647	S	289	63	352	0.00003
Gammaproteobacteria bacterium UBA6940	1948640	S	38	4	42	0.00000
Gammaproteobacteria bacterium HGW-Gammaproteobacteria-11	2013793	S	35	36	71	0.00001
Gammaproteobacteria bacterium TMED139	1986737	S	33	7	40	0.00000
gamma proteobacterium HTCC5015	391615	S	31	7	38	0.00000
Gammaproteobacteria bacterium UBA7803	1948658	S	20	25	45	0.00000
Cellvibrionaceae bacterium	2026723	S	176040	22616	198656	0.01621
Cellvibrio mixtus	39650	S	113	1	114	0.00001
Spongiibacter tropicus	454602	S	9986	4081	14067	0.00115
Spongiibacter marinus	354246	S	4902	1989	6891	0.00056
Spongiibacter sp. IMCC21906	1620392	S	184	50	234	0.00002
Spongiibacter pelagi	2760804	S	171	78	249	0.00002
Spongiibacter thalassae	2721624	S	22	2	24	0.00000
Zhongshania aliphaticivorans	1470434	S	79	9	88	0.00001
Sinobacterium caligoides	933926	S	16	0	16	0.00000
Halioglobus japonicus	930805	S	52	1	53	0.00000
Halioglobus pacificus	930806	S	45	2	47	0.00000
Halioglobus sp.	2024834	S	22	5	27	0.00000
Congregibacter litoralis	393662	S	100	43	143	0.00001
Halieaceae bacterium	2026743	S	61	8	69	0.00001
Haliea sp.	1932666	S	20	1	21	0.00000
Sediminihaliea albiluteola	2758564	S	28	2	30	0.00000
Porticoccaceae bacterium UBA1117	1952748	S	107	7	114	0.00001
Porticoccaceae bacterium	2026782	S	85	23	108	0.00001
Porticoccus sp.	2024853	S	32	16	48	0.00000
Methylophaga sp.	2024840	S	102867	16589	119456	0.00975
Methylophaga sp. UBA2689	1946878	S	87	67	154	0.00001
Methylophaga sp. UBA3192	1946882	S	74	13	87	0.00001
Methylophaga aminisulfidivorans	230105	S	273	158	431	0.00004
Cycloclasticus pugetii	34068	S	239	18	257	0.00002
Cycloclasticus sp.	2024830	S	80	13	93	0.00001
Thiotrichales bacterium	2026796	S	687	65	752	0.00006
uncultured Francisellaceae bacterium	393692	S	86	1	87	0.00001
uncultured Thiothrix sp.	223185	S	57	2	59	0.00000
Thiotrichaceae bacterium	2030882	S	20	1	21	0.00000
Leucothrix pacifica	1247513	S	14	0	14	0.00000
Candidatus Thioglobus sp. MED-G25	1986229	S	23787	5738	29525	0.00241
Candidatus Thioglobus sp.	2026721	S	29	15	44	0.00000
uncultured Candidatus Thioglobus sp.	655186	S	149	128	277	0.00002
Candidatus Thioglobus autotrophicus	1705394	S	13	4	17	0.00000
uncultured SAR86 cluster bacterium	648174	S	3172	705	3877	0.00032
SAR86 cluster bacterium REDSEA-S09_B4	1811643	S	406	19	425	0.00003
SAR86 cluster bacterium SAR86A	1123866	S	139	144	283	0.00002
SAR86 cluster bacterium AG-422-P06	2162555	S	61	6	67	0.00001
SAR86 cluster bacterium AG-447-A08	2162557	S	27	4	31	0.00000
SAR86 cluster bacterium AG-422-O05	2162561	S	22	7	29	0.00000
SAR86 cluster bacterium	2030880	S	12	4	16	0.00000
uncultured OM182 clade bacterium	1128416	S	21	1	22	0.00000
K189A clade bacterium	2315472	S	12	3	15	0.00000
Pseudohongiella nitratireducens	1768907	S	19	8	27	0.00000
Psychrobacter submarinus	154108	S	5402	5394	10796	0.00088
Psychrobacter pacificensis	112002	S	503	2292	2795	0.00023
Psychrobacter sp. Choline-02u-9	2058310	S	51	441	492	0.00004
Psychrobacter sp. Pi2-1	2774131	S	20	94	114	0.00001
Psychrobacter celer	306572	S	138	149	287	0.00002
Psychrobacter piscatorii	554343	S	90	230	320	0.00003
Psychrobacter immobilis	498	S	18	106	124	0.00001
Psychrobacter fulvigenes	533323	S	13	10	23	0.00000
Acinetobacter baylyi	202950	S	514	236	750	0.00006
Acinetobacter ursingii	108980	S	124	237	361	0.00003
Acinetobacter sp. P8-3-8	1029823	S	22	27	49	0.00000
Acinetobacter junii	40215	S	49	108	157	0.00001
Acinetobacter brisouii	396323	S	24	29	53	0.00000
Acinetobacter johnsonii	40214	S	14	32	46	0.00000
Moraxella osloensis	34062	S	15	19	34	0.00000
Acidiferrobacteraceae bacterium	2024893	S	8010	3306	11316	0.00092
uncultured Gammaproteobacteria bacterium	86473	S	2293	283	2576	0.00021
Woeseiaceae bacterium	2026806	S	966	458	1424	0.00012
uncultured Woeseiaceae bacterium	1983305	S	39	4	43	0.00000
Thiohalocapsa marina	424902	S	288	36	324	0.00003
Allochromatium humboldtianum	504901	S	43	10	53	0.00000
Rheinheimera aquimaris	412437	S	25	7	32	0.00000
Salinisphaera sp. UBA6602	1947455	S	362	196	558	0.00005
Salinisphaera sp.	1914330	S	23	9	32	0.00000
Salinisphaera shabanensis	180542	S	195	61	256	0.00002
Salinisphaera orenii	856731	S	72	264	336	0.00003
Salinisphaera japonica	1304270	S	15	7	22	0.00000
Salinisphaera halophila	1304158	S	14	52	66	0.00001
Abyssibacter profundi	2182787	S	70	8	78	0.00001
Legionellales bacterium	2026754	S	1052	96	1148	0.00009
Legionellaceae bacterium	2026753	S	43	0	43	0.00000
Stenotrophomonas maltophilia	40324	S	16	111	127	0.00001
Stenotrophomonas acidaminiphila	128780	S	18	69	87	0.00001
Pseudoxanthomonas kaohsiungensis	283923	S	30	72	102	0.00001
Pseudoxanthomonas japonensis	69284	S	15	35	50	0.00000
Xanthomonadales bacterium	2006849	S	323	58	381	0.00003
Providencia huaxiensis	2027290	S	379	197	576	0.00005
Vibrio sp. HI00D65	1822216	S	13	141	154	0.00001
Vibrio caribbeanicus	701175	S	21	3	24	0.00000
Vibrio hibernica	2587465	S	13	26	39	0.00000
Vibrio fortis	212667	S	12	15	27	0.00000
Photobacterium sp. SKA34	121723	S	25	38	63	0.00001
Photobacterium salinisoli	1616783	S	19	30	49	0.00000
Methylococcaceae bacterium UBA1147	1952219	S	128	12	140	0.00001
Methylococcales bacterium OPU3_GD_OMZ	1920888	S	29	2	31	0.00000
Tolumonas sp.	1978237	S	28	8	36	0.00000
Mannheimia sp. USDA-ARS-USMARC-1261	1432056	S	16	7	23	0.00000
Polycyclovorans sp.	2024852	S	13	11	24	0.00000
Pelagibacteraceae bacterium	2026775	S	20715	16843	37558	0.00307
alpha proteobacterium SCGC AAA288-G21	939324	S	3455	8216	11671	0.00095
Pelagibacteraceae bacterium AG-464-P07	2162008	S	1938	3138	5076	0.00041
alpha proteobacterium SCGC AAA240-E13	939306	S	1401	5179	6580	0.00054
alpha proteobacterium SCGC AAA288-N07	939346	S	995	2049	3044	0.00025
alpha proteobacterium SCGC AAA288-E13	939316	S	931	5134	6065	0.00050
Pelagibacteraceae bacterium AG-464-B04	2162007	S	148	88	236	0.00002
Pelagibacteraceae bacterium AG-470-G21	2162011	S	26	115	141	0.00001
uncultured Pelagibacteraceae bacterium	1667051	S	25833	88188	114021	0.00931
Candidatus Pelagibacter sp.	2024849	S	5091	10960	16051	0.00131
uncultured Candidatus Pelagibacter sp.	372654	S	100	83	183	0.00001
Candidatus Pelagibacter ubique	198252	S	26	310	336	0.00003
Pelagibacterales bacterium	2026776	S	1550	3217	4767	0.00039
Sulfitobacter pontiacus	60137	S	20171	27801	47972	0.00392
Sulfitobacter sp. R18_2	2821105	S	630	1303	1933	0.00016
Sulfitobacter sp. D7	1968541	S	589	2522	3111	0.00025
Sulfitobacter sp.	1903071	S	260	516	776	0.00006
Sulfitobacter sp. HI0040	1822232	S	88	108	196	0.00002
Sulfitobacter sp. BSw21498	664426	S	21	44	65	0.00001
Sulfitobacter litoralis	335975	S	2079	6126	8205	0.00067
Sulfitobacter dubius	218673	S	112	116	228	0.00002
Sulfitobacter delicatus	218672	S	51	73	124	0.00001
Sulfitobacter indolifex	225422	S	20	28	48	0.00000
Roseovarius mucosus	215743	S	10777	15202	25979	0.00212
Roseovarius halotolerans	505353	S	557	909	1466	0.00012
Roseovarius nubinhibens	314263	S	337	217	554	0.00005
Roseovarius sp.	1486281	S	75	75	150	0.00001
Roseovarius tolerans	74031	S	30	20	50	0.00000
Roseovarius lutimaris	1005928	S	17	9	26	0.00000
Salipiger bermudensis	344736	S	1672	1943	3615	0.00030
Salipiger sp. CCB-MM3	1792508	S	899	494	1393	0.00011
Salipiger profundus	1229727	S	226	293	519	0.00004
Salipiger thiooxidans	282683	S	144	209	353	0.00003
Salipiger marinus	555512	S	69	77	146	0.00001
Salipiger pallidus	1775170	S	28	23	51	0.00000
Sagittula sp. P11	2009329	S	502	266	768	0.00006
Sagittula marina	943940	S	24	10	34	0.00000
Tranquillimonas alkanivorans	441119	S	384	91	475	0.00004
Phaeobacter sp. 22II1-1F12B	1317111	S	119	224	343	0.00003
Phaeobacter sp. 11ANDIMAR09	1225647	S	67	41	108	0.00001
Phaeobacter sp. CECT 5382	1712645	S	17	4	21	0.00000
Phaeobacter gallaeciensis	60890	S	95	30	125	0.00001
Yangia pacifica	311180	S	171	146	317	0.00003
Profundibacterium mesophilum	1258573	S	241	187	428	0.00003
Actibacterium naphthalenivorans	1614693	S	213	415	628	0.00005
Actibacterium ureilyticum	1590614	S	13	24	37	0.00000
Thalassobius sp.	1979401	S	138	42	180	0.00001
Roseobacter sp.	1907202	S	68	25	93	0.00001
Roseobacter sp. MED193	314262	S	15	19	34	0.00000
Primorskyibacter flagellatus	1387277	S	78	93	171	0.00001
Maritimibacter sp.	2003363	S	44	20	64	0.00001
Lutimaribacter pacificus	391948	S	45	119	164	0.00001
Pelagimonas phthalicica	1037362	S	45	37	82	0.00001
Thalassococcus halodurans	373675	S	25	37	62	0.00001
Roseivivax marinus	1379903	S	15	14	29	0.00000
Celeribacter persicus	1651082	S	23	45	68	0.00001
Thiosulfatihalobacter marinus	2792481	S	30	43	73	0.00001
Palleronia abyssalis	1501240	S	16	12	28	0.00000
Palleronia rufa	1530186	S	13	6	19	0.00000
Rhodovulum sp.	34009	S	43654	11512	55166	0.00450
Allosediminivita pacifica	1267769	S	5761	6652	12413	0.00101
Paracoccus sp. UBA889	1947056	S	3760	1745	5505	0.00045
Paracoccus sp. R12_2	2821098	S	101	77	178	0.00001
Paracoccus sp. XHP0099	2841926	S	14	16	30	0.00000
Paracoccus zhejiangensis	1077935	S	171	128	299	0.00002
Paracoccus denitrificans	266	S	24	34	58	0.00000
Paracoccus halophilus	376733	S	18	13	31	0.00000
Paracoccaceae bacterium	1904441	S	2427	618	3045	0.00025
Tritonibacter mobilis	379347	S	1821	1331	3152	0.00026
Tritonibacter scottomollicae	483013	S	26	12	38	0.00000
Pacificitalea manganoxidans	1411902	S	1641	447	2088	0.00017
Thalassobium sp.	2030825	S	682	235	917	0.00007
uncultured Pseudophaeobacter sp.	1759421	S	544	212	756	0.00006
Pseudophaeobacter arcticus	385492	S	35	36	71	0.00001
Arenibacterium halophilum	2583821	S	396	108	504	0.00004
Pseudooceanicola lipolyticus	2029104	S	126	234	360	0.00003
Pseudooceanicola nanhaiensis	375761	S	65	97	162	0.00001
Pseudooceanicola atlanticus	1461694	S	40	82	122	0.00001
Pseudooceanicola pacificus	2676438	S	20	35	55	0.00000
Pseudooceanicola marinus	396013	S	17	6	23	0.00000
Marinibacterium profundimaris	1679460	S	235	398	633	0.00005
Limimaricola cinnabarinus	1125964	S	178	89	267	0.00002
Albimonas donghaensis	356660	S	83	18	101	0.00001
Albimonas pacifica	1114924	S	80	25	105	0.00001
Alterinioella nitratireducens	2735915	S	106	49	155	0.00001
Neptunicoccus sediminis	1892596	S	60	29	89	0.00001
Thioclava atlantica	1317124	S	15	45	60	0.00000
Sedimentitalea nanhaiensis	999627	S	30	46	76	0.00001
Cognatiyoonia sediminum	1508389	S	24	1	25	0.00000
Albidovulum inexpectatum	196587	S	18	3	21	0.00000
Pelagivirga sediminicola	2170575	S	14	14	28	0.00000
Fluviibacterium aquatile	2552766	S	12	6	18	0.00000
Alphaproteobacteria bacterium MarineAlpha3_Bin6	2013072	S	21119	1387	22506	0.00184
Alphaproteobacteria bacterium MarineAlpha5_Bin3	2013078	S	15222	824	16046	0.00131
Alphaproteobacteria bacterium MarineAlpha3_Bin3	2013069	S	10823	2593	13416	0.00110
Alphaproteobacteria bacterium MarineAlpha10_Bin2	2013104	S	7241	187	7428	0.00061
Alphaproteobacteria bacterium MarineAlpha3_Bin4	2013070	S	4885	132	5017	0.00041
Alphaproteobacteria bacterium MarineAlpha9_Bin7	2013102	S	4542	286	4828	0.00039
Alphaproteobacteria bacterium	1913988	S	2921	581	3502	0.00029
Alphaproteobacteria bacterium MarineAlpha9_Bin1	2013096	S	2455	136	2591	0.00021
Alphaproteobacteria bacterium MarineAlpha9_Bin6	2013101	S	2020	18	2038	0.00017
Alphaproteobacteria bacterium MarineAlpha6_Bin2	2013089	S	882	35	917	0.00007
Alphaproteobacteria bacterium UBA6544	1948430	S	548	113	661	0.00005
Alphaproteobacteria bacterium MarineAlpha3_Bin2	2013068	S	343	27	370	0.00003
Alphaproteobacteria bacterium CG_4_10_14_0_8_um_filter_37_21	1973897	S	117	15	132	0.00001
Alphaproteobacteria bacterium MarineAlpha10_Bin3	2013105	S	58	4	62	0.00001
alpha proteobacterium SCGC AAA015-N04	939296	S	27	66	93	0.00001
Alphaproteobacteria bacterium MarineAlpha5_Bin5	2013080	S	21	1	22	0.00000
Hyphomonas atlantica	1280948	S	28791	19966	48757	0.00398
Hyphomonas sp. UBA5111	1946637	S	1914	1555	3469	0.00028
Hyphomonas sp.	87	S	1364	762	2126	0.00017
Hyphomonas sp. CY54-11-8	1280944	S	149	116	265	0.00002
Hyphomonas sp. L-53-1-40	1207058	S	137	48	185	0.00002
Hyphomonas pacifica	1280941	S	196	383	579	0.00005
Hyphomonas adhaerens	81029	S	130	13	143	0.00001
Hirschia sp.	2024835	S	13426	1438	14864	0.00121
Ponticaulis sp.	2020902	S	8603	2963	11566	0.00094
Henriciella sp.	1968823	S	2739	951	3690	0.00030
Henriciella aquimarina	545261	S	21	22	43	0.00000
Hyphomonadaceae bacterium TMED5	1986776	S	160	83	243	0.00002
Hyphomonadaceae bacterium UBA1849	1951945	S	79	46	125	0.00001
Erythrobacter sp. HI0063	1822240	S	10507	8676	19183	0.00157
Erythrobacter sp. A30-3	2785907	S	5373	6140	11513	0.00094
Erythrobacter sp.	1042	S	1558	835	2393	0.00020
Erythrobacter sp. 3-20A1M	2653850	S	117	85	202	0.00002
Erythrobacter sp. UBA2510	1946470	S	22	32	54	0.00000
Erythrobacter sp. YJ-T3-07	2793063	S	13	6	19	0.00000
Erythrobacter aureus	2182384	S	345	88	433	0.00004
Erythrobacter litoralis	39960	S	60	45	105	0.00001
Qipengyuania citrea	225971	S	3125	2853	5978	0.00049
Qipengyuania pelagi	994320	S	2233	2052	4285	0.00035
Qipengyuania flava	192812	S	374	92	466	0.00004
Qipengyuania vulgaris	291985	S	17	10	27	0.00000
Croceicoccus sp.	1927144	S	508	806	1314	0.00011
Aurantiacibacter zhengii	2307003	S	77	57	134	0.00001
Aurantiacibacter atlanticus	1648404	S	47	9	56	0.00000
Erythrobacteraceae bacterium	2026738	S	28	2	30	0.00000
Altericroceibacterium endophyticum	1808508	S	12	0	12	0.00000
Actirhodobacter atriluteus	2744473	S	15	7	22	0.00000
Sphingomonas sp. SKA58	314266	S	5162	6339	11501	0.00094
Sphingomonas sp.	28214	S	1722	459	2181	0.00018
Sphingomonas sp. CCH10-B3	1768757	S	178	404	582	0.00005
Sphingomonas sp. EC-HK361	2038397	S	25	21	46	0.00000
Sphingomonas sp. UBA4766	1947532	S	17	7	24	0.00000
Sphingomonas sp. Ag1	1642949	S	12	14	26	0.00000
Sphingomonas abaci	237611	S	22	22	44	0.00000
Sphingobium sp. TCM1	453246	S	298	349	647	0.00005
Sphingobium sp. C100	1207055	S	21	28	49	0.00000
Sphingobium sp.	1912891	S	20	10	30	0.00000
Sphingobium sp. CCH11-B1	1768781	S	12	28	40	0.00000
Sphingobium xenophagum	121428	S	231	312	543	0.00004
Sphingobium lactosutens	522773	S	68	209	277	0.00002
Sphingobium yanoikuyae	13690	S	46	98	144	0.00001
Sphingobium abikonense	86193	S	31	74	105	0.00001
Sphingopyxis sp.	1908224	S	763	420	1183	0.00010
Sphingopyxis sp. H073	1759079	S	32	53	85	0.00001
Sphingopyxis macrogoltabida	33050	S	18	17	35	0.00000
Sphingopyxis terrae	33052	S	17	16	33	0.00000
Citromicrobium sp.	2024827	S	228	107	335	0.00003
Citromicrobium sp. UBA3494	1946345	S	75	92	167	0.00001
Citromicrobium sp. JLT1363	517722	S	19	23	42	0.00000
Citromicrobium bathyomarinum	72174	S	326	259	585	0.00005
Sphingomonadaceae bacterium	1930536	S	302	66	368	0.00003
Sphingomonadaceae bacterium MED-G03	1986231	S	55	20	75	0.00001
Novosphingobium panipatense	428991	S	52	109	161	0.00001
Novosphingobium aquimarinum	2682494	S	25	28	53	0.00000
Novosphingobium marinum	1514948	S	20	14	34	0.00000
Novosphingobium indicum	462949	S	18	28	46	0.00000
Novosphingobium silvae	2692619	S	12	30	42	0.00000
Novosphingopyxis iocasae	2762729	S	137	60	197	0.00002
Novosphingopyxis baekryungensis	279369	S	16	2	18	0.00000
uncultured Parasphingopyxis sp.	1547918	S	87	121	208	0.00002
Blastomonas marina	1867408	S	19	11	30	0.00000
Stakelama pacifica	517720	S	19	11	30	0.00000
Sphingomonadales bacterium Ga0077557	1752232	S	38	11	49	0.00000
Pacificimonas flava	1234595	S	13	7	20	0.00000
Rhodospirillaceae bacterium	1898112	S	12226	1843	14069	0.00115
Rhodospirillaceae bacterium UBA6608	1952863	S	323	54	377	0.00003
Rhodospirillaceae bacterium TMED167	1986863	S	115	62	177	0.00001
Rhodospirillaceae bacterium UBA2165	1952852	S	20	0	20	0.00000
Thalassospira sp. MCCC 1A01148	501834	S	1619	2665	4284	0.00035
Thalassospira sp. MCCC 1A01428	1470575	S	47	37	84	0.00001
Thalassospira sp. ER-Se-21-Dark	2585190	S	16	141	157	0.00001
Thalassospira sp. MCCC 1A03138	1470576	S	15	110	125	0.00001
Thalassospira tepidiphila	393657	S	289	2967	3256	0.00027
Thalassospira profundimaris	502049	S	156	540	696	0.00006
Thalassospira povalilytica	732237	S	72	60	132	0.00001
Thalassospira xiamenensis	220697	S	55	348	403	0.00003
Thalassospira indica	1891279	S	39	373	412	0.00003
Magnetovibrio sp.	2024836	S	170	18	188	0.00002
Rhodospirillales bacterium	2026786	S	518	82	600	0.00005
Tistrella mobilis	171437	S	49	7	56	0.00000
Rickettsiales bacterium	2026788	S	11247	2303	13550	0.00111
Aurantimonas coralicida	182270	S	830	3701	4531	0.00037
Aurantimonas manganoxydans	651183	S	55	245	300	0.00002
Martelella mediterranea	293089	S	106	91	197	0.00002
Martelella sp. AD-3	686597	S	26	54	80	0.00001
Jiella pacifica	2696469	S	107	93	200	0.00002
Fulvimarina sp.	1969479	S	53	103	156	0.00001
Fulvimarina manganoxydans	937218	S	40	5	45	0.00000
Methylobacterium fujisawaense	107400	S	520	608	1128	0.00009
Methylobacterium aquaticum	270351	S	89	130	219	0.00002
Microvirga mediterraneensis	2754695	S	25	31	56	0.00000
Hoeflea sp.	1940281	S	724	688	1412	0.00012
Nitratireductor sp.	1872084	S	36	22	58	0.00000
Rhodobiaceae bacterium	2026785	S	822	335	1157	0.00009
Devosia indica	2079253	S	342	248	590	0.00005
Pelagibacterium sp.	1967288	S	26	29	55	0.00000
Parvibaculum sp.	2024848	S	316	202	518	0.00004
Roseibium aggregatum	187304	S	182	83	265	0.00002
Stappia indica	538381	S	41	52	93	0.00001
Bradyrhizobium sp. BTAi1	288000	S	14	27	41	0.00000
Bradyrhizobium sp. PSBB068	2715960	S	13	62	75	0.00001
Afipia sp.	1871052	S	20	35	55	0.00000
Rhizobium pusense	648995	S	42	47	89	0.00001
Shinella sumterensis	1967501	S	21	23	44	0.00000
Shinella sp.	1870904	S	17	25	42	0.00000
Hyphomicrobiales bacterium	1909294	S	113	121	234	0.00002
Rhizobiales bacterium CCH3-A5	1768796	S	13	26	39	0.00000
Ahrensia sp.	1872419	S	59	41	100	0.00001
Starkeya novella	921	S	42	31	73	0.00001
Brucella intermedia	94625	S	18	43	61	0.00000
Beijerinckiaceae bacterium RH AL1	2572036	S	19	5	24	0.00000
Oceanicaulis sp. HTCC2633	314254	S	9410	4052	13462	0.00110
Oceanicaulis sp. PT13A	2135616	S	351	111	462	0.00004
Oceanicaulis alexandrii	153233	S	51	14	65	0.00001
Maricaulis maris	74318	S	83	19	102	0.00001
Maricaulis sp.	1486257	S	62	13	75	0.00001
Glycocaulis albus	1382801	S	17	2	19	0.00000
Hellea sp.	2715692	S	33	3	36	0.00000
uncultured Alphaproteobacteria bacterium	91750	S	4496	1516	6012	0.00049
uncultured SAR116 cluster alpha proteobacterium	281031	S	304	294	598	0.00005
SAR116 cluster bacterium	2024888	S	58	69	127	0.00001
SAR116 cluster bacterium AG-447-C21	2162583	S	30	69	99	0.00001
OCS116 cluster bacterium AG-435-F03	2162589	S	17	71	88	0.00001
OCS116 cluster bacterium AG-390-I16	2162592	S	12	11	23	0.00000
Parvularcula sp.	1979207	S	215	87	302	0.00002
Marinicaulis flavus	2058213	S	14	1	15	0.00000
Brevundimonas diminuta	293	S	12	75	87	0.00001
Kordiimonas lipolytica	1662421	S	18	2	20	0.00000
Proteobacteria bacterium UBA1148	1948131	S	3851	446	4297	0.00035
Pseudomonadota bacterium	1977087	S	889	181	1070	0.00009
Proteobacteria bacterium UBA6503	1948193	S	449	40	489	0.00004
Proteobacteria bacterium UBA2996	1948156	S	35	28	63	0.00001
Proteobacteria bacterium ST_bin14	1978762	S	24	1	25	0.00000
Proteobacteria bacterium UBA1515	1948135	S	16	4	20	0.00000
Curvibacter sp.	1888168	S	247	168	415	0.00003
Pelomonas sp.	1909303	S	60	103	163	0.00001
Pelomonas puraquae	431059	S	21	59	80	0.00001
Ottowia sp.	1898956	S	75	72	147	0.00001
Delftia tsuruhatensis	180282	S	24	83	107	0.00001
Pseudorhodoferax aquiterrae	747304	S	26	50	76	0.00001
Diaphorobacter aerolatus	1288495	S	13	18	31	0.00000
Limnobacter sp. SAORIC-580	2732163	S	72	104	176	0.00001
Limnobacter alexandrii	2570352	S	45	13	58	0.00000
Paraburkholderia azotifigens	2057004	S	12	11	23	0.00000
uncultured Burkholderiales bacterium	208544	S	109	60	169	0.00001
Oligella urethralis	90245	S	32	1	33	0.00000
Nitrosomonadaceae bacterium	2026767	S	49	7	56	0.00000
Candidatus Lambdaproteobacteria bacterium	2035771	S	528	33	561	0.00005
SAR324 cluster bacterium SAR324-CTD7B	1795556	S	133642	500590	634232	0.05177
uncultured SAR324 cluster bacterium	179114	S	43544	45354	88898	0.00726
SAR324 cluster bacterium	2024889	S	1240	43	1283	0.00010
SAR324 cluster bacterium REDSEA-S27_B3	1811637	S	1231	80	1311	0.00011
SAR324 cluster bacterium lautmerah10	1764262	S	40	9	49	0.00000
Deltaproteobacteria bacterium	2026735	S	16397	1109	17506	0.00143
Deltaproteobacteria bacterium TMED58	1986674	S	18	1	19	0.00000
Candidatus Marinimicrobia bacterium	2026760	S	223770	34556	258326	0.02109
Candidatus Marinimicrobia bacterium UBA1611	1953216	S	14681	6554	21235	0.00173
Candidatus Marinimicrobia bacterium UBA7303	1953256	S	772	237	1009	0.00008
Candidatus Marinimicrobia bacterium UBA2125	1953217	S	565	715	1280	0.00010
Candidatus Marinimicrobia bacterium UBA1134	1953213	S	447	102	549	0.00004
Marinimicrobia bacterium SCGC AAA003-L08	939844	S	292	1	293	0.00002
uncultured Candidatus Marinimicrobia bacterium	195045	S	178	59	237	0.00002
Candidatus Marinimicrobia bacterium UBA7301	1953255	S	80	12	92	0.00001
Candidatus Marinimicrobia bacterium UBA6531	1953244	S	66	33	99	0.00001
Candidatus Marinimicrobia bacterium UBA7308	1953257	S	26	1	27	0.00000
Candidatus Marinimicrobia bacterium UBA6931	1953249	S	20	1	21	0.00000
Marinimicrobia bacterium TCS55	1781246	S	13	1	14	0.00000
Candidatus Marinimicrobia bacterium TMED108	1986777	S	13	10	23	0.00000
Leeuwenhoekiella blandensis	360293	S	31009	13423	44432	0.00363
Leeuwenhoekiella palythoae	573501	S	550	147	697	0.00006
Leeuwenhoekiella nanhaiensis	1655491	S	218	89	307	0.00003
Maribacter dokdonensis	320912	S	10785	3585	14370	0.00117
Maribacter litoralis	2059726	S	939	646	1585	0.00013
Maribacter sp.	1897614	S	94	16	110	0.00001
Maribacter sp. 4G9	1889777	S	40	27	67	0.00001
Maribacter cobaltidurans	1178778	S	53	39	92	0.00001
Maribacter hydrothermalis	1836467	S	36	5	41	0.00000
Flavobacteriaceae bacterium	1871037	S	9012	3253	12265	0.00100
Flavobacteriaceae bacterium UBA3356	1951828	S	15	11	26	0.00000
Flavobacteriaceae bacterium UBA3611	1951834	S	12	4	16	0.00000
Winogradskyella sp.	1883156	S	5488	1509	6997	0.00057
Croceibacter atlanticus	313588	S	2672	276	2948	0.00024
Muricauda ruestringensis	111501	S	1160	772	1932	0.00016
Muricauda sp.	192149	S	93	59	152	0.00001
Muricauda sp. ARW1Y1	2663843	S	77	17	94	0.00001
Muricauda sp. MAR_2010_75	1250232	S	17	8	25	0.00000
Muricauda sp. TMED12	1986608	S	15	13	28	0.00000
Muricauda oceanensis	2499163	S	178	130	308	0.00003
Muricauda hadalis	2597517	S	57	40	97	0.00001
Muricauda brasiliensis	2162892	S	15	4	19	0.00000
Muricauda amoyensis	2169401	S	13	3	16	0.00000
Zunongwangia profunda	398743	S	1809	2014	3823	0.00031
Zunongwangia mangrovi	1334022	S	160	83	243	0.00002
Zunongwangia atlantica	1502297	S	82	53	135	0.00001
Mesonia mobilis	369791	S	671	994	1665	0.00014
Mesonia oceanica	2687242	S	409	115	524	0.00004
Mesonia sp.	1960830	S	36	43	79	0.00001
Mesonia aquimarina	1504967	S	33	14	47	0.00000
Mesonia phycicola	579105	S	14	1	15	0.00000
Salegentibacter agarivorans	345907	S	579	770	1349	0.00011
Salegentibacter mishustinae	270918	S	195	379	574	0.00005
Salegentibacter sp. R32	1486285	S	45	17	62	0.00001
Salegentibacter sp. Hel_I_6	1250278	S	26	30	56	0.00000
Salegentibacter sp. 24	2183986	S	17	12	29	0.00000
Mesoflavibacter zeaxanthinifaciens	393060	S	941	534	1475	0.00012
Mesoflavibacter profundi	2708110	S	37	20	57	0.00000
Tenacibaculum sp. SG-28	754426	S	70	16	86	0.00001
Aequorivita sp.	1872390	S	55	24	79	0.00001
Nonlabens xylanidelens	191564	S	35	5	40	0.00000
Nonlabens tegetincola	323273	S	18	4	22	0.00000
Dokdonia donghaensis	326320	S	43	21	64	0.00001
Christiangramia flava	1486245	S	18	23	41	0.00000
Xanthomarina gelatinilytica	1137281	S	45	6	51	0.00000
Flavobacterium lindanitolerans	428988	S	14	13	27	0.00000
Cellulophaga sp. Hel_I_12	1249972	S	29	9	38	0.00000
Kordia sp.	1965332	S	24	12	36	0.00000
Candidatus Ulvibacter alkanivorans	2267620	S	26	8	34	0.00000
Olleya sediminilitoris	2795739	S	17	3	20	0.00000
Polaribacter sp. MED152	313598	S	13	8	21	0.00000
Euzebyella marina	1761453	S	16	19	35	0.00000
Formosa sp.	2018467	S	13	3	16	0.00000
Psychroserpens sp. Hel_I_66	1250004	S	12	2	14	0.00000
Flavobacteriales bacterium	2021391	S	3426	809	4235	0.00035
Flavobacteriales bacterium UBA7878	1951087	S	70	45	115	0.00001
Flavobacteriales bacterium UBA5081	1951031	S	45	7	52	0.00000
Flavobacteriales bacterium UBA2104	1950971	S	29	4	33	0.00000
Flavobacteriales bacterium UBA7819	1951086	S	27	9	36	0.00000
Flavobacteriales bacterium UBA6770	1951056	S	13	1	14	0.00000
Owenweeksia sp.	2024847	S	3363	186	3549	0.00029
Crocinitomicaceae bacterium	2026728	S	639	181	820	0.00007
Empedobacter falsenii	343874	S	19	56	75	0.00001
Cryomorphaceae bacterium	1898111	S	65	32	97	0.00001
uncultured Flavobacteriales bacterium	213322	S	23	6	29	0.00000
uncultured Bacteroidetes bacterium	152509	S	3051	1234	4285	0.00035
Bacteroidota bacterium	1898104	S	897	124	1021	0.00008
Roseivirga spongicola	333140	S	242	16	258	0.00002
uncultured Marinoscillum sp.	932004	S	134	24	158	0.00001
Cytophagaceae bacterium	2026729	S	111	28	139	0.00001
Cytophaga sp. FL35	1904456	S	15	36	51	0.00000
Cyclobacteriaceae bacterium	2099675	S	12	8	20	0.00000
Flammeovirgaceae bacterium	2026740	S	31	12	43	0.00000
Prevotella copri	165179	S	31	112	143	0.00001
Prevotella melaninogenica	28132	S	19	24	43	0.00000
uncultured Prevotella sp.	159272	S	15	13	28	0.00000
Bacteroidales bacterium	2030927	S	97	26	123	0.00001
Bacteroides caccae	47678	S	19	45	64	0.00001
Rubrivirga sp. SAORIC476	1961794	S	3191	1021	4212	0.00034
Rubricoccus marinus	716817	S	13	0	13	0.00000
Balneolaceae bacterium UBA3186	1951498	S	19	2	21	0.00000
Balneolaceae bacterium	2053516	S	14	0	14	0.00000
Balneola sp.	2024824	S	14	2	16	0.00000
Ignavibacteriales bacterium	2049428	S	16	0	16	0.00000
Gemmatimonadota bacterium	2026742	S	55655	14206	69861	0.00570
Gemmatimonadales bacterium UBA1120	1951099	S	3244	32886	36130	0.00295
Gemmatimonadales bacterium UBA1142	1951102	S	1533	798	2331	0.00019
Gemmatimonadales bacterium UBA7889	1951131	S	1147	6239	7386	0.00060
Gemmatimonadales bacterium UBA2988	1951110	S	274	6	280	0.00002
Gemmatimonadales bacterium UBA7835	1951129	S	66	98	164	0.00001
Gemmatimonadales bacterium UBA2989	1951111	S	40	12	52	0.00000
Gemmatimonadales bacterium UBA2982	1951109	S	28	0	28	0.00000
Gemmatimonadaceae bacterium	2026741	S	31	13	44	0.00000
Candidatus Latescibacteria bacterium	2053570	S	1081	119	1200	0.00010
Latescibacteria bacterium UBA6620	1948115	S	66	0	66	0.00001
Candidatus Hydrogenedentes bacterium	2030809	S	93	4	97	0.00001
Chloroflexota bacterium	2026724	S	110176	10236	120412	0.00983
Chloroflexi bacterium UBA6622	1947840	S	39	78	117	0.00001
Chloroflexi bacterium TMED70	1986676	S	34	67	101	0.00001
SAR202 cluster bacterium	2030829	S	90454	41452	131906	0.01077
SAR202 cluster bacterium AD-804-J14_MRT_500m	2587836	S	684	1	685	0.00006
SAR202 cluster bacterium AC-409-J13_OGT_754m	2587834	S	409	6	415	0.00003
SAR202 cluster bacterium AC-647-N09_OGT_505m	2587833	S	249	9	258	0.00002
SAR202 cluster bacterium AC-647-P02_OGT_505m	2587832	S	140	50	190	0.00002
SAR202 cluster bacterium Io17-Chloro-G6	1926615	S	44	1	45	0.00000
SAR202 cluster bacterium Io17-Chloro-G4	1926613	S	15	0	15	0.00000
Dehalococcoidia bacterium	2026734	S	19776	1835	21611	0.00176
Dehalococcoidia bacterium UBA1123	1948467	S	13828	12017	25845	0.00211
Dehalococcoidia bacterium UBA1122	1948466	S	11427	537	11964	0.00098
Dehalococcoidia bacterium UBA6495	1948511	S	10676	11156	21832	0.00178
Dehalococcoidia bacterium UBA1141	1948469	S	1658	262	1920	0.00016
Dehalococcoidia bacterium UBA7891	1948532	S	770	297	1067	0.00009
Dehalococcoidia bacterium UBA2158	1948480	S	566	181	747	0.00006
Dehalococcoidia bacterium UBA1151	1948470	S	350	22	372	0.00003
Dehalococcoidia bacterium UBA1152	1948471	S	309	75	384	0.00003
Dehalococcoidia bacterium UBA1127	1948468	S	286	6	292	0.00002
Dehalococcoidia bacterium UBA1332	1948476	S	65	40	105	0.00001
Dehalococcoidia bacterium UBA7894	1948533	S	14	6	20	0.00000
uncultured Dehalococcoidales bacterium	2006128	S	48	6	54	0.00000
Anaerolineales bacterium UBA1136	1950187	S	381	92	473	0.00004
Anaerolineales bacterium UBA832	1950226	S	40	40	80	0.00001
Acidimicrobiaceae bacterium	2024894	S	25901	10222	36123	0.00295
Acidimicrobiaceae bacterium UBA7830	1951343	S	46	1	47	0.00000
Candidatus Microthrix sp. UBA2110	1946164	S	855	5179	6034	0.00049
Candidatus Microthrix sp. UBA4542	1946188	S	599	365	964	0.00008
Candidatus Microthrix sp. UBA7388	1946207	S	180	9	189	0.00002
Candidatus Microthrix sp. UBA2131	1946167	S	65	77	142	0.00001
Candidatus Microthrix sp. UBA3125	1946176	S	46	95	141	0.00001
Candidatus Microthrix sp. UBA672	1946197	S	40	51	91	0.00001
Candidatus Microthrix sp. UBA2974	1946174	S	12	1	13	0.00000
Acidimicrobiales bacterium	2201156	S	1585	1075	2660	0.00022
Ilumatobacteraceae bacterium	2497619	S	461	367	828	0.00007
Acidimicrobiia bacterium	2080302	S	19680	9791	29471	0.00241
Mycolicibacterium poriferae	39694	S	504	1798	2302	0.00019
Mycolicibacterium phocaicum	319706	S	311	1345	1656	0.00014
Mycolicibacterium sp. TY81	2759662	S	101	554	655	0.00005
Mycolicibacterium chlorophenolicum	37916	S	105	386	491	0.00004
Mycolicibacterium flavescens	1776	S	102	331	433	0.00004
Mycolicibacterium obuense	1807	S	34	23	57	0.00000
Mycolicibacterium hippocampi	659824	S	18	17	35	0.00000
Mycobacterium sp. PO1	1882219	S	201	801	1002	0.00008
Mycobacterium sp. ST-F2	1490484	S	38	186	224	0.00002
Williamsia muralis	85044	S	448	2807	3255	0.00027
Williamsia marianensis	322609	S	16	45	61	0.00000
Rhodococcus fascians	1828	S	266	217	483	0.00004
Rhodococcus sp. SBT000017	1803385	S	14	65	79	0.00001
Rhodococcus qingshengii	334542	S	21	32	53	0.00000
Rhodococcus kroppenstedtii	293050	S	24	17	41	0.00000
Gordonia paraffinivorans	175628	S	145	210	355	0.00003
Gordonia sp. (in: high G+C Gram-positive bacteria)	84139	S	17	20	37	0.00000
Dietzia maris	37915	S	99	139	238	0.00002
Corynebacterium tuberculostearicum	38304	S	22	84	106	0.00001
Tsukamurella pulmonis	47312	S	20	104	124	0.00001
Lawsonella clevelandensis	1528099	S	21	17	38	0.00000
Microbacterium luteum	2782167	S	4593	8362	12955	0.00106
Microbacterium sp. UBA1097	1946941	S	975	1101	2076	0.00017
Microbacterium sp.	51671	S	110	74	184	0.00002
Microbacterium sp. 67-17	1895782	S	13	12	25	0.00000
Microbacterium aurum	36805	S	81	93	174	0.00001
Microbacterium timonense	2086576	S	22	6	28	0.00000
Microbacterium ginsengisoli	400772	S	15	13	28	0.00000
Microbacteriaceae bacterium UBA1487	1952239	S	48	54	102	0.00001
Marinisubtilis pacificus	2591847	S	23	45	68	0.00001
Kocuria palustris	71999	S	87	90	177	0.00001
Micrococcus luteus	1270	S	29	71	100	0.00001
Rothia dentocariosa	2047	S	13	16	29	0.00000
Sediminivirga luteola	1774748	S	115	104	219	0.00002
Brevibacterium casei	33889	S	19	29	48	0.00000
Janibacter indicus	857417	S	13	21	34	0.00000
Ornithinimicrobium sp. CNJ-824	1904966	S	13	12	25	0.00000
Micrococcales bacterium	2026762	S	26	14	40	0.00000
Calidifontibacter indicus	419650	S	17	12	29	0.00000
Cutibacterium acnes	1747	S	1176	1587	2763	0.00023
Cutibacterium namnetense	1574624	S	46	17	63	0.00001
Cutibacterium modestum	2559073	S	13	3	16	0.00000
Nocardioides sp.	35761	S	91	116	207	0.00002
Nocardioides sp. REDSEA-S33_B3	1811554	S	78	220	298	0.00002
Nocardioides salarius	374513	S	104	239	343	0.00003
Nocardioides marinus	374514	S	12	29	41	0.00000
Pimelobacter sp.	51662	S	27	45	72	0.00001
uncultured Candidatus Actinomarina sp.	1985113	S	706	1049	1755	0.00014
Actinomycetia bacterium	1883427	S	185	91	276	0.00002
OCS155 cluster bacterium AG-333-G23	2162605	S	158	186	344	0.00003
Streptomyces sp. P3	2135430	S	41	34	75	0.00001
Kitasatospora arboriphila	258052	S	43	295	338	0.00003
Actinomyces oris	544580	S	27	65	92	0.00001
Nakamurella multipartita	53461	S	79	20	99	0.00001
Epidermidibacterium keratini	1891644	S	12	9	21	0.00000
Prochlorococcus sp. AG-321-E21	2162443	S	86	888	974	0.00008
Prochlorococcus sp. AG-402-O21	2162099	S	23	341	364	0.00003
Prochlorococcus marinus	1219	S	89	3771	3860	0.00032
Cyanobium sp. ARS6	2024869	S	17	37	54	0.00000
Parasynechococcus marenigrum	2881428	S	16	380	396	0.00003
Synechococcus sp. MIT S9220	166309	S	171	565	736	0.00006
Synechococcus sp. AG-673-A03	2161945	S	83	621	704	0.00006
Synechococcus sp. UW179A	2575510	S	68	76	144	0.00001
Synechococcus sp. BL107	313625	S	56	216	272	0.00002
Synechococcus sp. AG-679-D13	2161954	S	45	207	252	0.00002
Synechococcus sp. BIOS-E4-1	1400864	S	41	56	97	0.00001
Synechococcus sp. AG-673-F03	2161948	S	38	321	359	0.00003
Synechococcus sp. AG-679-B05	2161966	S	28	150	178	0.00001
Synechococcus sp. CPC35	2024880	S	20	29	49	0.00000
Synechococcus sp. AG-679-C18	2161967	S	17	5	22	0.00000
Synechococcus sp. KORDI-49	585423	S	13	23	36	0.00000
Synechococcus sp. AG-673-B04	2161962	S	12	73	85	0.00001
Candidatus Melainabacteria bacterium	2052166	S	56	7	63	0.00001
Candidatus Margulisbacteria bacterium	2053573	S	27	0	27	0.00000
Staphylococcus epidermidis	1282	S	82	110	192	0.00002
Staphylococcus warneri	1292	S	76	104	180	0.00001
Staphylococcus aureus	1280	S	75	150	225	0.00002
Staphylococcus saccharolyticus	33028	S	49	11	60	0.00000
Staphylococcus capitis	29388	S	25	8	33	0.00000
Staphylococcus hominis	1290	S	23	9	32	0.00000
Salinicoccus roseus	45670	S	59	31	90	0.00001
Bacillus subtilis	1423	S	18	61	79	0.00001
Planococcus citreus	1373	S	14	34	48	0.00000
Streptococcus thermophilus	1308	S	70	319	389	0.00003
Faecalibacterium prausnitzii	853	S	19	78	97	0.00001
Oscillospiraceae bacterium	2485925	S	19	15	34	0.00000
Bacillota bacterium	1879010	S	30	7	37	0.00000
Mycoplasmatales bacterium	2023991	S	31	1	32	0.00000
Verrucomicrobiota bacterium	2026799	S	59276	19676	78952	0.00644
Verrucomicrobia bacterium UBA673	1948281	S	299	1844	2143	0.00017
Verrucomicrobia bacterium Opi.OSU.00C	2067063	S	45	0	45	0.00000
Verrucomicrobia bacterium UBA6775	1948282	S	42	175	217	0.00002
Verrucomicrobia bacterium TMED56	1986792	S	13	25	38	0.00000
Verrucomicrobiales bacterium	2026801	S	9285	4378	13663	0.00112
Akkermansiaceae bacterium UBA4145	1951361	S	252	1520	1772	0.00014
Akkermansiaceae bacterium UBA7890	1951374	S	155	301	456	0.00004
Roseibacillus sp.	2024856	S	405	605	1010	0.00008
Verrucomicrobiaceae bacterium	2026800	S	19	4	23	0.00000
Verrucomicrobia subdivision 3 bacterium	2052186	S	28	7	35	0.00000
Verrucomicrobiae bacterium	2499141	S	37	28	65	0.00001
Opitutae bacterium	2026771	S	225	87	312	0.00003
Opitutae bacterium UBA1116	1948703	S	50	0	50	0.00000
Opitutae bacterium UBA7876	1948743	S	28	0	28	0.00000
Opitutaceae bacterium	2006848	S	63	7	70	0.00001
uncultured Opitutales bacterium	592834	S	26	4	30	0.00000
Puniceicoccaceae bacterium	2026784	S	17	5	22	0.00000
Candidatus Moanabacter tarae	2200854	S	16	0	16	0.00000
uncultured Verrucomicrobiota bacterium	156588	S	318	91	409	0.00003
Planctomycetota bacterium	2026780	S	28345	3257	31602	0.00258
Planctomycetes bacterium UBA1135	1948124	S	1811	620	2431	0.00020
Planctomycetes bacterium UBA1662	1948126	S	640	1782	2422	0.00020
Planctomycetes bacterium UBA1146	1948125	S	74	64	138	0.00001
Planctomycetaceae bacterium	2026779	S	5201	418	5619	0.00046
Planctomycetaceae bacterium UBA2972	1952733	S	29	1	30	0.00000
Fuerstiella sp.	1936112	S	12	0	12	0.00000
Pirellulales bacterium	2715253	S	419	15	434	0.00004
Rhodopirellula sp.	2024855	S	129	30	159	0.00001
Mariniblastus sp.	2005381	S	47	3	50	0.00000
Phycisphaera sp. TMED24	1986832	S	388	98	486	0.00004
Phycisphaeraceae bacterium	2026777	S	100	4	104	0.00001
Phycisphaerales bacterium	2052180	S	132	7	139	0.00001
Phycisphaerales bacterium UBA1910	1951186	S	49	7	56	0.00000
Phycisphaerae bacterium	2026778	S	662	69	731	0.00006
Lentisphaera araneosa	256847	S	19	0	19	0.00000
Bdellovibrionaceae bacterium UBA6502	1961516	S	74717	410	75127	0.00613
Pseudobdellovibrionaceae bacterium	2026715	S	18	0	18	0.00000
Micavibrio sp. TMED2	1986633	S	27966	16788	44754	0.00365
Micavibrio sp.	2024841	S	13074	1446	14520	0.00119
Micavibrio sp. UBA2137	1946913	S	237	29	266	0.00002
Micavibrio sp. UBA2638	1946917	S	15	3	18	0.00000
Bdellovibrio sp.	28201	S	24	2	26	0.00000
Halobacteriovoraceae bacterium	2026745	S	9552	198	9750	0.00080
Bacteriovoracaceae bacterium	2081706	S	82	2	84	0.00001
Bacteriovorax sp. UBA1852	1961376	S	82	6	88	0.00001
Acidobacteriota bacterium	1978231	S	72364	4587	76951	0.00628
Acidobacteria bacterium UBA2994	1953106	S	337	426	763	0.00006
Acidobacteria bacterium UBA823	1953113	S	277	123	400	0.00003
Acidobacteria bacterium UBA2999	1953107	S	129	8	137	0.00001
Acidobacteria bacterium UBA2990	1953105	S	124	47	171	0.00001
Acidobacteriia bacterium UBA6623	1948748	S	40	6	46	0.00000
Nitrospina sp.	2024844	S	18896	4996	23892	0.00195
Nitrospina sp. LS_NOB	1671875	S	48	17	65	0.00001
Candidatus Nitromaritima sp. SCGC AAA288-L16	913337	S	18558	3741	22299	0.00182
Nitrospinaceae bacterium	2358456	S	120	21	141	0.00001
Nitrospinaceae bacterium UBA7883	1953054	S	27	0	27	0.00000
uncultured Nitrospinaceae bacterium	407034	S	81	45	126	0.00001
Nitrospinota bacterium	2026769	S	27	1	28	0.00000
Candidatus Poribacteria bacterium	2026781	S	37011	950	37961	0.00310
Candidatus Uhrbacteria bacterium	2053634	S	1719	71	1790	0.00015
Parcubacteria group bacterium	2026774	S	29	2	31	0.00000
Candidatus Magasanikbacteria bacterium	2026717	S	21	0	21	0.00000
Patescibacteria group bacterium	2052139	S	48	2	50	0.00000
Patescibacteria group bacterium UBA3527	1948812	S	15	0	15	0.00000
Candidatus Woesebacteria bacterium	2026804	S	13	0	13	0.00000
Candidatus Dadabacteria bacterium UBA1144	1953208	S	237	14	251	0.00002
Candidatus Saccharibacteria bacterium	2026720	S	188	14	202	0.00002
Candidatus Dependentiae bacterium	2030827	S	39	1	40	0.00000
Candidatus Peregrinibacteria bacterium	2030811	S	14	0	14	0.00000
Myxococcales bacterium	2026763	S	2912	91	3003	0.00025
Myxococcales bacterium UBA1660	1961462	S	40	2	42	0.00000
Polyangiaceae bacterium	2268199	S	17	0	17	0.00000
Nitrospirales bacterium	2358460	S	705	17	722	0.00006
Nitrospiraceae bacterium UBA2166	1952976	S	447	169	616	0.00005
Nitrospiraceae bacterium	2026770	S	15	0	15	0.00000
Sulfurimonas sp.	2022749	S	625	50	675	0.00006
Arcobacter sp.	1872629	S	18	16	34	0.00000
bacterium	1869227	S	260	202	462	0.00004
bacterium TMED46	1986782	S	12	13	25	0.00000
uncultured PS1 clade bacterium	1118065	S	47	52	99	0.00001
uncultured bacterium	77133	S	27	34	61	0.00000
Spirochaetales bacterium	2026792	S	19	0	19	0.00000
Candidatus Desulfobacula maris	2841694	S	16	7	23	0.00000
Desulforhopalus singaporensis	91360	S	14	0	14	0.00000
Marine Group I thaumarchaeote	2511932	S	174030	436409	610439	0.04983
Thaumarchaeota archaeon SCGC AAA007-O23	913333	S	17856	89470	107326	0.00876
uncultured marine group I thaumarchaeote	360837	S	386	367	753	0.00006
Marine Group I thaumarchaeote SCGC AAA799-O18	1502294	S	268	77	345	0.00003
Candidatus Nitrosopelagicus sp.	2026808	S	32000	71717	103717	0.00847
Candidatus Nitrosopelagicus brevis	1410606	S	52	119	171	0.00001
Nitrososphaerota archaeon	2026795	S	20502	12786	33288	0.00272
Thaumarchaeota archaeon UBA141	1915753	S	144	554	698	0.00006
Thaumarchaeota archaeon SCGC AAA282-K18	1298885	S	37	223	260	0.00002
uncultured Candidatus Nitrosopumilus sp.	517606	S	69	230	299	0.00002
Nitrososphaerales archaeon TH5895	2721602	S	13	0	13	0.00000
Candidatus Methanosuratincola sp.	2495426	S	531	219	750	0.00006
Candidatus Bathyarchaeota archaeon	2026714	S	14	1	15	0.00000
Euryarchaeota archaeon UBA528	1915914	S	78229	33499	111728	0.00912
Candidatus Poseidoniales archaeon	2163009	S	1701	541	2242	0.00018
Euryarchaeota archaeon UBA54	1915920	S	1221	965	2186	0.00018
Euryarchaeota archaeon UBA58	1915943	S	401	88	489	0.00004
Euryarchaeota archaeon UBA121	1915796	S	330	33	363	0.00003
Euryarchaeota archaeon UBA60	1915951	S	120	1	121	0.00001
Euryarchaeota archaeon UBA623	1915969	S	114	20	134	0.00001
Euryarchaeota archaeon UBA126	1915801	S	94	84	178	0.00001
Marine Group II euryarchaeote MED-G34	2007295	S	65	15	80	0.00001
Euryarchaeota archaeon UBA439	1915887	S	62	155	217	0.00002
Euryarchaeota archaeon UBA495	1915902	S	35	28	63	0.00001
Euryarchaeota archaeon UBA59	1915945	S	26	0	26	0.00000
Euryarchaeota archaeon UBA250	1915859	S	18	21	39	0.00000
Candidatus Thalassoarchaea betae	2599289	S	406	126	532	0.00004
Candidatus Thalassarchaeaceae archaeon	2670411	S	99	35	134	0.00001
Candidatus Poseidoniaceae archaeon	2666346	S	220	90	310	0.00003
uncultured Candidatus Poseidoniales archaeon	274854	S	46	16	62	0.00001
Euryarchaeota archaeon UBA136	1915770	S	8454	19700	28154	0.00230
Euryarchaeota archaeon UBA488	1915775	S	81	91	172	0.00001
Marine Group III euryarchaeote CG-Bathy1	1889001	S	80	24	104	0.00001
Marine Group III euryarchaeote CG-Epi1	1888995	S	33	89	122	0.00001
Euryarchaeota archaeon	2026739	S	9055	2704	11759	0.00096
Marine Group IV archaeon HikBin4	2675329	S	489	9	498	0.00004
Halobiforma haloterrestris	148448	S	19	4	23	0.00000
Candidatus Pacearchaeota archaeon	2026773	S	246	16	262	0.00002
Candidatus Heimdallarchaeota archaeon	2026747	S	29	1	30	0.00000
archaeon	1906665	S	27	2	29	0.00000
