name	taxonomy_id	taxonomy_lvl	kraken_assigned_reads	added_reads	new_est_reads	fraction_total_reads
Gammaproteobacteria bacterium	1913989	S	276053	53982	330035	0.10182
Gammaproteobacteria bacterium UBA7310	1948647	S	8929	2476	11405	0.00352
Gammaproteobacteria bacterium UBA1119	1948582	S	1116	518	1634	0.00050
gamma proteobacterium SCGC AAA007-O20	913327	S	583	252	835	0.00026
gamma proteobacterium SCGC AB-629-P17	1131274	S	179	189	368	0.00011
Gammaproteobacteria bacterium UBA6940	1948640	S	82	11	93	0.00003
Gammaproteobacteria bacterium REDSEA-S15_B12	1811666	S	68	41	109	0.00003
Gammaproteobacteria bacterium UBA1961	1948588	S	56	10	66	0.00002
Gammaproteobacteria bacterium UBA3532	1948611	S	49	22	71	0.00002
Gammaproteobacteria bacterium UBA3498	1948609	S	15	2	17	0.00001
Gammaproteobacteria bacterium UBA5338	1948629	S	15	3	18	0.00001
Halopseudomonas gallaeciensis	857227	S	23608	19285	42893	0.01323
Halopseudomonas pachastrellae	254161	S	2682	3717	6399	0.00197
Halopseudomonas sabulinigri	472181	S	393	83	476	0.00015
Halopseudomonas oceani	1708783	S	270	215	485	0.00015
Halopseudomonas aestusnigri	857252	S	55	43	98	0.00003
Halopseudomonas yangmingensis	1720063	S	44	25	69	0.00002
Pseudomonas sp. AOB-7	2482750	S	47	31	78	0.00002
Pseudomonas sp.	306	S	15	67	82	0.00003
Pseudomonas chengduensis	489632	S	56	233	289	0.00009
Pseudomonas sihuiensis	1274359	S	21	131	152	0.00005
Pseudomonas mendocina	300	S	13	14	27	0.00001
Pseudomonas saudimassiliensis	1461581	S	13	7	20	0.00001
Pseudomonadaceae bacterium UBA836	1952795	S	110	133	243	0.00007
Stutzerimonas stutzeri	316	S	49	99	148	0.00005
Marinobacter salarius	1420917	S	9217	16753	25970	0.00801
Marinobacter sp.	50741	S	702	538	1240	0.00038
Marinobacter sp. Arc7-DN-1	2304594	S	258	233	491	0.00015
Marinobacter sp. B9-2	2137198	S	208	767	975	0.00030
Marinobacter sp. EhC06	1849169	S	20	38	58	0.00002
Marinobacter nauticus	2743	S	766	433	1199	0.00037
Marinobacter vinifirmus	355591	S	705	934	1639	0.00051
Marinobacter flavimaris	262076	S	283	4509	4792	0.00148
Marinobacter oulmenensis	643747	S	268	37	305	0.00009
Marinobacter manganoxydans	1150997	S	261	4026	4287	0.00132
Marinobacter alexandrii	2570351	S	176	65	241	0.00007
Marinobacter algicola	236100	S	174	190	364	0.00011
Marinobacter fuscus	2109942	S	83	96	179	0.00006
Marinobacter persicus	930118	S	74	58	132	0.00004
Marinobacter salsuginis	418719	S	56	57	113	0.00003
Marinobacter santoriniensis	523742	S	34	5	39	0.00001
Marinobacter adhaerens	1033846	S	31	250	281	0.00009
Marinobacter segnicrescens	430453	S	25	11	36	0.00001
Marinobacter salexigens	1925763	S	20	6	26	0.00001
Marinobacter aromaticivorans	1494078	S	15	4	19	0.00001
Pseudomonadales bacterium	1891229	S	104	20	124	0.00004
Alteromonas confluentis	1656094	S	11903	1520	13423	0.00414
Alteromonas mediterranea	314275	S	6836	9043	15879	0.00490
Alteromonas macleodii	28108	S	6573	14384	20957	0.00647
Alteromonas australica	589873	S	1759	815	2574	0.00079
Alteromonas sp. RKMC-009	2267264	S	490	98	588	0.00018
Alteromonas sp. IB21	2779369	S	427	459	886	0.00027
Alteromonas sp. KUL42	2480797	S	15	2	17	0.00001
Alteromonas oceani	2071609	S	668	2532	3200	0.00099
Alteromonas alba	2079529	S	480	3705	4185	0.00129
Alteromonas abrolhosensis	1892904	S	362	498	860	0.00027
Alteromonas marina	203795	S	282	589	871	0.00027
Alteromonas profundi	2696062	S	168	103	271	0.00008
Alteromonas antoniana	2803813	S	130	97	227	0.00007
Alteromonas oceanisediminis	2836180	S	42	8	50	0.00002
Alteromonas portus	2565549	S	41	44	85	0.00003
Alteromonas naphthalenivorans	715451	S	26	46	72	0.00002
Alteromonas lipolytica	1856405	S	13	2	15	0.00000
Salinimonas sediminis	2303538	S	70	53	123	0.00004
Alteromonadaceae bacterium UBA2620	1951386	S	741	2821	3562	0.00110
Alteromonadaceae bacterium	1916082	S	530	238	768	0.00024
Marisediminitalea aggregata	634436	S	39	7	46	0.00001
Pseudoalteromonas sp. 0303	2743618	S	113	3444	3557	0.00110
Pseudoalteromonas sp. XI10	1766621	S	57	1794	1851	0.00057
Pseudoalteromonas sp.	53249	S	44	543	587	0.00018
Pseudoalteromonas sp. T1lg75	2077102	S	17	27	44	0.00001
Pseudoalteromonas shioyasakiensis	1190813	S	149	3606	3755	0.00116
Pseudoalteromonas atlantica	288	S	28	171	199	0.00006
Pseudoalteromonas gelatinilytica	1703256	S	27	400	427	0.00013
Pseudoalteromonas marina	267375	S	25	114	139	0.00004
Pseudoalteromonas ruthenica	151081	S	22	9	31	0.00001
Pseudoalteromonas lipolytica	570156	S	19	156	175	0.00005
Algicola sp.	1872429	S	121	40	161	0.00005
Idiomarina zobellii	86103	S	95	279	374	0.00012
Idiomarina aquatica	1327752	S	84	39	123	0.00004
Idiomarina baltica	190892	S	54	79	133	0.00004
Idiomarina loihiensis	135577	S	26	17	43	0.00001
Idiomarinaceae bacterium	1898113	S	21	16	37	0.00001
Alcanivorax sp. DSM 26293	1798238	S	848	1169	2017	0.00062
Alcanivorax sp.	1872427	S	690	482	1172	0.00036
Alcanivorax sp. DG881	236097	S	219	226	445	0.00014
Alcanivorax sp. DP30	2606217	S	185	68	253	0.00008
Alcanivorax profundi	2338368	S	1024	2506	3530	0.00109
Alcanivorax nanhaiticus	1177154	S	306	324	630	0.00019
Alcanivorax jadensis	64988	S	164	104	268	0.00008
Alcanivoracaceae bacterium	2024895	S	477	363	840	0.00026
Ketobacter sp. MCCC 1A13808	2602738	S	178	67	245	0.00008
Ketobacter alkanivorans	1917421	S	14	8	22	0.00001
Alloalcanivorax venustensis	172371	S	61	122	183	0.00006
Halomonas aquamarina	77097	S	908	4648	5556	0.00171
Halomonas sp. UBA3074	1946584	S	204	354	558	0.00017
Halomonas sp.	1486246	S	37	23	60	0.00002
Halomonas sp. JB380	1434831	S	20	6	26	0.00001
Halomonas lionensis	1144478	S	103	428	531	0.00016
Halomonas piezotolerans	2609667	S	94	132	226	0.00007
Halomonas sedimenti	2729618	S	18	40	58	0.00002
Salinicola sp.	1978524	S	45	34	79	0.00002
Salinicola salarius	430457	S	32	17	49	0.00002
Chromohalobacter israelensis	141390	S	12	12	24	0.00001
Oceanospirillaceae bacterium	1899355	S	3706	960	4666	0.00144
Thalassolituus sp. UBA2107	1947659	S	222	960	1182	0.00036
Thalassolituus oleivorans	187493	S	109	48	157	0.00005
Oleibacter marinus	484498	S	33	89	122	0.00004
Oleibacter sp.	2024845	S	19	7	26	0.00001
Endozoicomonas sp. G2_2	2821092	S	33	22	55	0.00002
Pleionea mediterranea	523701	S	26	0	26	0.00001
Spongiibacter marinus	354246	S	1190	700	1890	0.00058
Spongiibacter tropicus	454602	S	762	461	1223	0.00038
Spongiibacter nanhainus	2794344	S	21	4	25	0.00001
Marortus luteolus	2067667	S	1418	520	1938	0.00060
Zhongshania aliphaticivorans	1470434	S	65	24	89	0.00003
Porticoccus hydrocarbonoclasticus	1073414	S	235	897	1132	0.00035
Porticoccus sp.	2024853	S	218	340	558	0.00017
Porticoccaceae bacterium UBA1117	1952748	S	582	33	615	0.00019
Porticoccaceae bacterium	2026782	S	38	12	50	0.00002
uncultured SAR92 cluster bacterium	1118066	S	21	2	23	0.00001
Halieaceae bacterium UBA5085	1951918	S	39	27	66	0.00002
Halieaceae bacterium	2026743	S	17	3	20	0.00001
Halieaceae bacterium UBA5044	1951916	S	16	5	21	0.00001
Parahaliea mediterranea	651086	S	58	10	68	0.00002
Halioglobus pacificus	930806	S	24	1	25	0.00001
Haliea sp.	1932666	S	19	2	21	0.00001
Congregibacter litoralis	393662	S	16	8	24	0.00001
Cellvibrionales bacterium UBA2511	1950788	S	128	619	747	0.00023
Psychrobacter submarinus	154108	S	1700	1135	2835	0.00087
Psychrobacter pacificensis	112002	S	16	37	53	0.00002
Psychrobacter celer	306572	S	12	7	19	0.00001
Methylophaga sp. UBA2689	1946878	S	450	446	896	0.00028
Methylophaga sp.	2024840	S	341	67	408	0.00013
Methylophaga aminisulfidivorans	230105	S	29	17	46	0.00001
Piscirickettsiaceae bacterium	2030828	S	372	31	403	0.00012
Cycloclasticus sp.	2024830	S	87	24	111	0.00003
Thiotrichales bacterium	2026796	S	368	40	408	0.00013
uncultured Francisellaceae bacterium	393692	S	132	1	133	0.00004
Thiotrichaceae bacterium	2030882	S	85	6	91	0.00003
uncultured SAR86 cluster bacterium	648174	S	792	298	1090	0.00034
SAR86 cluster bacterium SAR86A	1123866	S	52	89	141	0.00004
SAR86 cluster bacterium REDSEA-S09_B4	1811643	S	15	0	15	0.00000
Candidatus Thioglobus sp.	2026721	S	625	498	1123	0.00035
Candidatus Thioglobus sp. MED-G25	1986229	S	54	16	70	0.00002
Candidatus Thioglobus sp. REDSEA-S12_B1	1811594	S	29	8	37	0.00001
uncultured Candidatus Thioglobus sp.	655186	S	14	19	33	0.00001
Candidatus Thioglobus autotrophicus	1705394	S	14	3	17	0.00001
Pseudohongiella nitratireducens	1768907	S	73	37	110	0.00003
K189A clade bacterium	2315472	S	13	5	18	0.00001
Acidiferrobacteraceae bacterium	2024893	S	1962	1016	2978	0.00092
Methylococcaceae bacterium UBA1147	1952219	S	1131	162	1293	0.00040
Methylococcaceae bacterium	1933926	S	95	16	111	0.00003
Salinisphaera shabanensis	180542	S	374	118	492	0.00015
Salinisphaeraceae bacterium	2026789	S	78	2	80	0.00002
uncultured Gammaproteobacteria bacterium	86473	S	310	48	358	0.00011
Kangiella geojedonensis	914150	S	178	95	273	0.00008
Woeseiaceae bacterium	2026806	S	235	117	352	0.00011
Paraphotobacterium marinum	1755811	S	18	5	23	0.00001
Sinimarinibacterium sp. NLF-5-8	2698684	S	30	19	49	0.00002
Polycyclovorans sp.	2024852	S	13	17	30	0.00001
Xanthomonadales bacterium	2006849	S	34	4	38	0.00001
Providencia huaxiensis	2027290	S	13	7	20	0.00001
Pelagibacteraceae bacterium	2026775	S	38061	30964	69025	0.02130
alpha proteobacterium SCGC AAA288-E13	939316	S	697	4204	4901	0.00151
Pelagibacteraceae bacterium AG-464-P07	2162008	S	355	624	979	0.00030
alpha proteobacterium SCGC AAA288-G21	939324	S	295	766	1061	0.00033
alpha proteobacterium SCGC AAA240-E13	939306	S	209	844	1053	0.00032
alpha proteobacterium SCGC AAA288-N07	939346	S	60	135	195	0.00006
Pelagibacteraceae bacterium AG-464-B04	2162007	S	19	11	30	0.00001
Candidatus Pelagibacter sp.	2024849	S	15878	16266	32144	0.00992
Candidatus Pelagibacter ubique	198252	S	17	223	240	0.00007
uncultured Candidatus Pelagibacter sp.	372654	S	17	12	29	0.00001
uncultured Pelagibacteraceae bacterium	1667051	S	2950	9545	12495	0.00386
Pelagibacterales bacterium	2026776	S	45	30	75	0.00002
Erythrobacter sp. A30-3	2785907	S	18550	23843	42393	0.01308
Erythrobacter sp. HI0063	1822240	S	911	1000	1911	0.00059
Erythrobacter sp.	1042	S	597	376	973	0.00030
Erythrobacter sp. UBA2510	1946470	S	21	36	57	0.00002
Erythrobacter sp. YJ-T3-07	2793063	S	18	13	31	0.00001
Erythrobacter litoralis	39960	S	365	366	731	0.00023
Erythrobacter longus	1044	S	50	6	56	0.00002
Erythrobacter aureus	2182384	S	30	9	39	0.00001
Qipengyuania pelagi	994320	S	1524	1579	3103	0.00096
Qipengyuania flava	192812	S	1420	392	1812	0.00056
Qipengyuania citrea	225971	S	1149	1125	2274	0.00070
Qipengyuania vulgaris	291985	S	48	27	75	0.00002
Croceicoccus sp.	1927144	S	363	669	1032	0.00032
Croceicoccus sp. YJ47	2798724	S	17	7	24	0.00001
Croceicoccus marinus	450378	S	29	18	47	0.00001
Croceicoccus naphthovorans	1348774	S	16	24	40	0.00001
Erythrobacteraceae bacterium	2026738	S	395	33	428	0.00013
Aurantiacibacter zhengii	2307003	S	67	50	117	0.00004
Aurantiacibacter atlanticus	1648404	S	43	8	51	0.00002
Pseudopontixanthobacter vadosimaris	2726450	S	56	32	88	0.00003
Pelagerythrobacter aerophilus	2306995	S	26	17	43	0.00001
Croceibacterium atlanticum	1267766	S	20	13	33	0.00001
Citromicrobium sp.	2024827	S	12577	7546	20123	0.00621
Citromicrobium sp. UBA3494	1946345	S	1995	2829	4824	0.00149
Citromicrobium sp. JLT1363	517722	S	33	51	84	0.00003
Citromicrobium bathyomarinum	72174	S	2239	2684	4923	0.00152
Blastomonas marina	1867408	S	3912	3198	7110	0.00219
Sphingobium sp. C100	1207055	S	530	1029	1559	0.00048
Sphingobium sp. TCM1	453246	S	34	61	95	0.00003
Sphingobium xenophagum	121428	S	159	361	520	0.00016
Sphingobium yanoikuyae	13690	S	134	482	616	0.00019
Sphingomonas sp. SKA58	314266	S	785	1285	2070	0.00064
Sphingomonas aquatilis	93063	S	14	51	65	0.00002
Novosphingobium indicum	462949	S	70	161	231	0.00007
Novosphingobium marinum	1514948	S	26	30	56	0.00002
Novosphingobium sp. B1	1938756	S	12	16	28	0.00001
Novosphingobium silvae	2692619	S	13	46	59	0.00002
Novosphingobium aquimarinum	2682494	S	12	18	30	0.00001
Sphingopyxis sp. H115	1759073	S	87	230	317	0.00010
Sphingopyxis sp.	1908224	S	54	52	106	0.00003
Sphingopyxis indica	436663	S	12	15	27	0.00001
Sphingomonadaceae bacterium MED-G03	1986231	S	89	46	135	0.00004
Sphingomonadaceae bacterium 3R27E2-A	2502221	S	28	46	74	0.00002
Novosphingopyxis iocasae	2762729	S	44	27	71	0.00002
Novosphingopyxis baekryungensis	279369	S	30	4	34	0.00001
Pacificimonas flava	1234595	S	32	20	52	0.00002
Ahrensia sp.	1872419	S	50070	32613	82683	0.02551
Ahrensia marina	1514904	S	17	0	17	0.00001
Roseibium aggregatum	187304	S	7617	3116	10733	0.00331
Stappia indica	538381	S	50	61	111	0.00003
Stappia sp. BW2	2592622	S	32	34	66	0.00002
Methylobacterium sp.	409	S	1688	2051	3739	0.00115
Methylobacterium organophilum	410	S	15	34	49	0.00002
Aquibium oceanicum	1670800	S	709	278	987	0.00030
Nitratireductor sp.	1872084	S	105	69	174	0.00005
Nitratireductor aquibiodomus	204799	S	68	85	153	0.00005
Nitratireductor indicus	721133	S	18	28	46	0.00001
Nitratireductor arenosus	2682096	S	18	17	35	0.00001
Hoeflea sp. EC-HK425	2038388	S	43	101	144	0.00004
Hoeflea sp.	1940281	S	22	32	54	0.00002
Hoeflea sp. BAL378	1547437	S	18	33	51	0.00002
Mesorhizobium sediminum	1849104	S	41	48	89	0.00003
Phyllobacteriaceae bacterium	1871068	S	20	9	29	0.00001
Rhodobiaceae bacterium	2026785	S	1385	433	1818	0.00056
Agrobacterium salinitolerans	1183413	S	284	743	1027	0.00032
Rhizobiaceae bacterium	1913961	S	174	41	215	0.00007
Aurantimonas coralicida	182270	S	75	519	594	0.00018
Devosia indica	2079253	S	72	132	204	0.00006
Devosia marina	2683198	S	20	45	65	0.00002
Devosia subaequoris	395930	S	19	21	40	0.00001
Pelagibacterium sp.	1967288	S	156	111	267	0.00008
Rhizobiales bacterium UBA1912	1951217	S	192	48	240	0.00007
Hyphomicrobiales bacterium	1909294	S	24	13	37	0.00001
Rhizobiales bacterium UBA3584	1951220	S	15	10	25	0.00001
Afipia broomeae	56946	S	68	159	227	0.00007
Bosea sp. CRIB-10	378404	S	25	49	74	0.00002
Parvibaculum indicum	562969	S	16	16	32	0.00001
Alphaproteobacteria bacterium MarineAlpha5_Bin3	2013078	S	17689	977	18666	0.00576
Alphaproteobacteria bacterium MarineAlpha9_Bin6	2013101	S	9459	92	9551	0.00295
Alphaproteobacteria bacterium MarineAlpha3_Bin3	2013069	S	6561	1557	8118	0.00250
Alphaproteobacteria bacterium MarineAlpha3_Bin2	2013068	S	3697	300	3997	0.00123
Alphaproteobacteria bacterium MarineAlpha3_Bin6	2013072	S	3519	280	3799	0.00117
Alphaproteobacteria bacterium	1913988	S	3081	625	3706	0.00114
Alphaproteobacteria bacterium MarineAlpha9_Bin1	2013096	S	2148	137	2285	0.00070
Alphaproteobacteria bacterium MarineAlpha6_Bin2	2013089	S	1439	62	1501	0.00046
Alphaproteobacteria bacterium MarineAlpha9_Bin7	2013102	S	1066	77	1143	0.00035
Alphaproteobacteria bacterium MarineAlpha10_Bin3	2013105	S	871	71	942	0.00029
Alphaproteobacteria bacterium MarineAlpha10_Bin2	2013104	S	773	20	793	0.00024
alpha proteobacterium SCGC AAA015-N04	939296	S	20	48	68	0.00002
Alphaproteobacteria bacterium UBA6544	1948430	S	17	3	20	0.00001
Alphaproteobacteria bacterium HT1-32	2665153	S	17	0	17	0.00001
Maritimibacter alkaliphilus	404236	S	6790	6415	13205	0.00407
Maritimibacter sp.	2003363	S	23	8	31	0.00001
Thalassococcus profundi	2282382	S	4937	3455	8392	0.00259
Sulfitobacter pontiacus	60137	S	1551	1973	3524	0.00109
Sulfitobacter sp. DFL-14	215828	S	49	82	131	0.00004
Sulfitobacter sp. D7	1968541	S	19	119	138	0.00004
Sulfitobacter sp. BDSS02	2663018	S	13	17	30	0.00001
Sulfitobacter litoralis	335975	S	47	166	213	0.00007
Marinovum algicola	42444	S	1307	707	2014	0.00062
Roseovarius indicus	540747	S	466	79	545	0.00017
Roseovarius nubinhibens	314263	S	219	99	318	0.00010
Roseovarius amoyensis	2211448	S	37	16	53	0.00002
Roseovarius confluentis	1852027	S	21	17	38	0.00001
Roseovarius mucosus	215743	S	12	14	26	0.00001
Roseovarius pacificus	337701	S	12	6	18	0.00001
Roseobacter sp.	1907202	S	586	181	767	0.00024
Jannaschia helgolandensis	188906	S	260	74	334	0.00010
Salipiger bermudensis	344736	S	184	151	335	0.00010
Salipiger thiooxidans	282683	S	15	21	36	0.00001
Salipiger marinus	555512	S	12	8	20	0.00001
Phaeobacter sp. 22II1-1F12B	1317111	S	194	246	440	0.00014
Phaeobacter gallaeciensis	60890	S	13	3	16	0.00000
Primorskyibacter flagellatus	1387277	S	69	49	118	0.00004
Thalassobius sp.	1979401	S	35	10	45	0.00001
Roseivivax sediminis	936889	S	27	8	35	0.00001
Tranquillimonas alkanivorans	441119	S	27	4	31	0.00001
Litoreibacter janthinus	670154	S	24	1	25	0.00001
Paracoccus sp. UBA889	1947056	S	5784	2738	8522	0.00263
Paracoccus sp. R12_2	2821098	S	357	229	586	0.00018
Pseudooceanicola lipolyticus	2029104	S	2021	2509	4530	0.00140
Pseudooceanicola atlanticus	1461694	S	158	192	350	0.00011
Limimaricola cinnabarinus	1125964	S	668	285	953	0.00029
Paracoccaceae bacterium	1904441	S	498	140	638	0.00020
Rhodobacteraceae bacterium REDSEA-S34_B6	1811624	S	15	64	79	0.00002
Arenibacterium halophilum	2583821	S	420	98	518	0.00016
Vannielia litorea	1217970	S	334	134	468	0.00014
Alterinioella nitratireducens	2735915	S	229	87	316	0.00010
Marinibacterium profundimaris	1679460	S	63	76	139	0.00004
Tritonibacter mobilis	379347	S	22	10	32	0.00001
Tritonibacter horizontis	1768241	S	19	14	33	0.00001
Albimonas pacifica	1114924	S	18	8	26	0.00001
Pararhodobacter marinus	2184063	S	22	9	31	0.00001
Cognatiyoonia sediminum	1508389	S	18	1	19	0.00001
Hyphomonas sp. L-53-1-40	1207058	S	1577	805	2382	0.00073
Hyphomonas sp. CY54-11-8	1280944	S	20	22	42	0.00001
Hyphomonas atlantica	1280948	S	142	183	325	0.00010
Hyphomonas chukchiensis	1280947	S	28	49	77	0.00002
Hyphomonas oceanitis	81033	S	12	16	28	0.00001
Henriciella pelagia	1977912	S	1125	561	1686	0.00052
Henriciella sp.	1968823	S	812	434	1246	0.00038
Henriciella algicola	1608422	S	36	22	58	0.00002
Henriciella barbarensis	86342	S	12	12	24	0.00001
Ponticaulis sp.	2020902	S	62	33	95	0.00003
Hyphomonadaceae bacterium TMED5	1986776	S	37	23	60	0.00002
Brevundimonas halotolerans	69670	S	1918	1899	3817	0.00118
Brevundimonas sp. A19_0	2821087	S	29	14	43	0.00001
Brevundimonas sp.	1871086	S	27	26	53	0.00002
Brevundimonas aurantiaca	74316	S	39	117	156	0.00005
Brevundimonas mediterranea	74329	S	34	75	109	0.00003
Brevundimonas vitisensis	2800818	S	18	7	25	0.00001
Caulobacteraceae bacterium UBA3198	1951537	S	30	10	40	0.00001
Rhodospirillales bacterium	2026786	S	1169	329	1498	0.00046
Thalassospira povalilytica	732237	S	267	327	594	0.00018
Thalassospira sp. MCCC 1A01148	501834	S	72	168	240	0.00007
Magnetovibrio sp.	2024836	S	20	2	22	0.00001
Rhodospirillaceae bacterium	1898112	S	197	53	250	0.00008
Rhodospirillaceae bacterium TMED167	1986863	S	78	58	136	0.00004
Terasakiella brassicae	1634917	S	22	2	24	0.00001
uncultured Alphaproteobacteria bacterium	91750	S	1563	513	2076	0.00064
uncultured SAR116 cluster alpha proteobacterium	281031	S	201	135	336	0.00010
Parvularcula sp.	1979207	S	164	67	231	0.00007
Parvularcula oceani	1247963	S	13	0	13	0.00000
Maricaulis sp.	1486257	S	115	22	137	0.00004
uncultured Maricaulis sp.	174710	S	12	1	13	0.00000
Rickettsiales bacterium	2026788	S	119	27	146	0.00005
Candidatus Lambdaproteobacteria bacterium	2035771	S	6659	526	7185	0.00222
Proteobacteria bacterium UBA1148	1948131	S	2591	367	2958	0.00091
Pseudomonadota bacterium	1977087	S	449	113	562	0.00017
Proteobacteria bacterium UBA6503	1948193	S	339	37	376	0.00012
Proteobacteria bacterium UBA5680	1948185	S	29	4	33	0.00001
Pusillimonas maritima	2026239	S	12	23	35	0.00001
Acidovorax temperans	80878	S	14	54	68	0.00002
Herminiimonas contaminans	1111140	S	12	6	18	0.00001
uncultured Burkholderiales bacterium	208544	S	14	15	29	0.00001
Denitromonas halophilus	1629404	S	21	29	50	0.00002
Candidatus Marinimicrobia bacterium	2026760	S	342178	46822	389000	0.12002
Candidatus Marinimicrobia bacterium UBA1134	1953213	S	2419	489	2908	0.00090
Candidatus Marinimicrobia bacterium UBA1611	1953216	S	367	148	515	0.00016
Marinimicrobia bacterium SCGC AAA003-L08	939844	S	184	1	185	0.00006
uncultured Candidatus Marinimicrobia bacterium	195045	S	88	27	115	0.00004
Candidatus Marinimicrobia bacterium UBA6531	1953244	S	63	29	92	0.00003
Candidatus Marinimicrobia bacterium UBA2125	1953217	S	47	52	99	0.00003
Candidatus Marinimicrobia bacterium UBA7303	1953256	S	43	13	56	0.00002
Candidatus Marinimicrobia bacterium UBA7301	1953255	S	36	5	41	0.00001
Candidatus Marinimicrobia bacterium UBA7300	1953254	S	35	14	49	0.00002
Marinimicrobia bacterium TCS55	1781246	S	12	1	13	0.00000
Flavobacteriaceae bacterium	1871037	S	28173	8959	37132	0.01146
Flavobacteriaceae bacterium UBA3611	1951834	S	407	202	609	0.00019
Flavobacteriaceae bacterium UBA5534	1951857	S	137	78	215	0.00007
Flavobacteriaceae bacterium PRS1	2483459	S	56	10	66	0.00002
Aquaticitalea lipolytica	1247562	S	7217	2872	10089	0.00311
Robiginitalea biformata	252307	S	5459	143	5602	0.00173
Muricauda ruestringensis	111501	S	689	526	1215	0.00037
Muricauda sp. TMED12	1986608	S	185	182	367	0.00011
Muricauda sp.	192149	S	45	35	80	0.00002
Muricauda oceani	2698672	S	218	236	454	0.00014
Muricauda lutimaris	475082	S	151	97	248	0.00008
Muricauda hadalis	2597517	S	114	81	195	0.00006
Muricauda brasiliensis	2162892	S	102	32	134	0.00004
Muricauda taeanensis	1005926	S	33	10	43	0.00001
Muricauda sediminis	2696468	S	12	10	22	0.00001
Altibacter lentus	1223410	S	1619	597	2216	0.00068
Leeuwenhoekiella blandensis	360293	S	749	478	1227	0.00038
Leeuwenhoekiella palythoae	573501	S	271	88	359	0.00011
Leeuwenhoekiella nanhaiensis	1655491	S	18	9	27	0.00001
Candidatus Ulvibacter alkanivorans	2267620	S	654	275	929	0.00029
Aequorivita sp. UBA3180	1947773	S	276	279	555	0.00017
Aequorivita sp.	1872390	S	31	29	60	0.00002
Winogradskyella sp.	1883156	S	351	88	439	0.00014
Winogradskyella pacifica	664642	S	39	28	67	0.00002
Winogradskyella ouciana	2608631	S	38	15	53	0.00002
Croceibacter atlanticus	313588	S	379	54	433	0.00013
Nonlabens tegetincola	323273	S	292	50	342	0.00011
Nonlabens dokdonensis	328515	S	54	4	58	0.00002
Nonlabens xiamenensis	2341043	S	19	0	19	0.00001
Maribacter dokdonensis	320912	S	76	24	100	0.00003
Maribacter litoralis	2059726	S	44	31	75	0.00002
Maribacter cobaltidurans	1178778	S	16	14	30	0.00001
Mesonia mobilis	369791	S	55	98	153	0.00005
Zunongwangia profunda	398743	S	100	146	246	0.00008
Euzebyella marina	1761453	S	59	61	120	0.00004
Euzebyella saccharophila	679664	S	41	48	89	0.00003
Mesoflavibacter profundi	2708110	S	57	22	79	0.00002
Mesoflavibacter zeaxanthinifaciens	393060	S	27	10	37	0.00001
Salegentibacter mishustinae	270918	S	22	66	88	0.00003
Flavobacterium profundi	1774945	S	15	45	60	0.00002
Marinirhabdus gelatinilytica	1703343	S	66	28	94	0.00003
Arenibacter algicola	616991	S	26	29	55	0.00002
Aurantibacter aestuarii	1266046	S	29	4	33	0.00001
Joostella marina	453852	S	28	21	49	0.00002
Kordia sp.	1965332	S	27	21	48	0.00001
Dokdonia donghaensis	326320	S	12	2	14	0.00000
Flavobacteriales bacterium	2021391	S	10649	1697	12346	0.00381
Acidiluteibacter ferrifornacis	2692424	S	464	48	512	0.00016
Crocinitomicaceae bacterium	2026728	S	82	15	97	0.00003
uncultured Bacteroidetes bacterium	152509	S	453	127	580	0.00018
uncultured Marinoscillum sp.	932004	S	78	7	85	0.00003
Marinoscillum sp. 108	2653151	S	33	0	33	0.00001
Roseivirga spongicola	333140	S	102	7	109	0.00003
Cytophagaceae bacterium	2026729	S	55	12	67	0.00002
Flammeovirgaceae bacterium	2026740	S	48	18	66	0.00002
Cyclobacterium marinum	104	S	16	5	21	0.00001
Bacteroidota bacterium	1898104	S	377	40	417	0.00013
Bacteroidales bacterium	2030927	S	129	13	142	0.00004
Gracilimonas amylolytica	1749045	S	1130	136	1266	0.00039
Gracilimonas sp.	1974203	S	18	1	19	0.00001
Balneolaceae bacterium UBA3186	1951498	S	189	46	235	0.00007
Rubrivirga sp. SAORIC476	1961794	S	629	277	906	0.00028
Gemmatimonadota bacterium	2026742	S	49279	5295	54574	0.01684
Gemmatimonadales bacterium UBA1142	1951102	S	17034	2461	19495	0.00601
Gemmatimonadales bacterium UBA1120	1951099	S	72	133	205	0.00006
Gemmatimonadales bacterium UBA7889	1951131	S	33	34	67	0.00002
Gemmatimonadales bacterium UBA2988	1951110	S	32	0	32	0.00001
Gemmatimonadales bacterium UBA2982	1951109	S	15	0	15	0.00000
Gemmatimonadaceae bacterium	2026741	S	16	4	20	0.00001
Candidatus Hydrogenedentes bacterium	2030809	S	1827	91	1918	0.00059
Candidatus Latescibacteria bacterium	2053570	S	75	4	79	0.00002
SAR324 cluster bacterium SAR324-CTD7B	1795556	S	87596	276809	364405	0.11243
SAR324 cluster bacterium	2024889	S	24283	941	25224	0.00778
uncultured SAR324 cluster bacterium	179114	S	14266	13444	27710	0.00855
SAR324 cluster bacterium lautmerah10	1764262	S	338	97	435	0.00013
SAR324 cluster bacterium REDSEA-S27_B3	1811637	S	336	24	360	0.00011
Deltaproteobacteria bacterium	2026735	S	3421	275	3696	0.00114
Microvenator marinus	2600177	S	63	0	63	0.00002
Rhodococcus sp. KRD197	2729731	S	45686	23477	69163	0.02134
Rhodococcus sp. 06-235-1A	2022508	S	162	66	228	0.00007
Rhodococcus sp. 14-1411-2a	2023151	S	115	65	180	0.00006
Rhodococcus sp. EPR-157	1813677	S	71	11	82	0.00003
Rhodococcus sp. SBT000017	1803385	S	69	45	114	0.00004
Rhodococcus sp. PAMC28707	2565560	S	36	18	54	0.00002
Rhodococcus sp. AW25M09	1268303	S	34	18	52	0.00002
Rhodococcus sp. KRD162	2729725	S	22	18	40	0.00001
Rhodococcus qingshengii	334542	S	130	121	251	0.00008
Mycolicibacterium poriferae	39694	S	6608	21080	27688	0.00854
Mycolicibacterium hippocampi	659824	S	666	764	1430	0.00044
Mycolicibacterium flavescens	1776	S	27	88	115	0.00004
Mycolicibacterium vanbaalenii	110539	S	26	35	61	0.00002
Mycolicibacterium tusciae	75922	S	13	61	74	0.00002
Mycolicibacterium canariasense	228230	S	12	41	53	0.00002
Mycobacterium sp. PO1	1882219	S	2322	7423	9745	0.00301
Mycobacterium sp. shizuoka-1	2039281	S	193	355	548	0.00017
Mycobacterium frederiksbergense	117567	S	13	30	43	0.00001
Gordonia sp. (in: high G+C Gram-positive bacteria)	84139	S	59	87	146	0.00005
Nocardioides sp. REDSEA-S33_B3	1811554	S	1503	5751	7254	0.00224
Nocardioides sp.	35761	S	36	56	92	0.00003
Nocardioides marinus	374514	S	1284	4306	5590	0.00172
Nocardioides salarius	374513	S	110	307	417	0.00013
Nocardioides dokdonensis	450734	S	17	34	51	0.00002
Nocardioides jensenii	1843	S	13	16	29	0.00001
Cutibacterium acnes	1747	S	23	34	57	0.00002
Microbacterium sp. UBA1097	1946941	S	455	642	1097	0.00034
Microbacterium sp. BR1	1070896	S	46	58	104	0.00003
Microbacterium sp.	51671	S	12	13	25	0.00001
Microbacterium schleiferi	69362	S	218	242	460	0.00014
Microbacterium luteum	2782167	S	50	138	188	0.00006
Microbacterium paludicola	300019	S	24	17	41	0.00001
Microbacteriaceae bacterium UBA1487	1952239	S	335	446	781	0.00024
Marinisubtilis pacificus	2591847	S	151	348	499	0.00015
Chryseoglobus indicus	2750620	S	18	30	48	0.00001
uncultured Candidatus Actinomarina sp.	1985113	S	357	1144	1501	0.00046
Actinomycetia bacterium	1883427	S	272	207	479	0.00015
OCS155 cluster bacterium AG-426-D23	2162610	S	33	196	229	0.00007
Pseudonocardia alni	33907	S	125	287	412	0.00013
Acidimicrobiia bacterium	2080302	S	42592	18544	61136	0.01886
Acidimicrobiaceae bacterium	2024894	S	531	201	732	0.00023
Acidimicrobiales bacterium	2201156	S	151	111	262	0.00008
Acidimicrobiales bacterium AG-410-I20	2162614	S	80	18	98	0.00003
Candidatus Microthrix sp. UBA7388	1946207	S	42	1	43	0.00001
Candidatus Microthrix sp. UBA881	1946223	S	37	27	64	0.00002
Candidatus Microthrix sp. UBA672	1946197	S	30	44	74	0.00002
Candidatus Microthrix sp. UBA2110	1946164	S	27	225	252	0.00008
Candidatus Microthrix sp. UBA814	1946218	S	21	6	27	0.00001
Ilumatobacteraceae bacterium	2497619	S	55	21	76	0.00002
Ilumatobacter fluminis	467091	S	26	3	29	0.00001
Euzebya pacifica	1608957	S	66	34	100	0.00003
Dehalococcoidia bacterium	2026734	S	50759	6105	56864	0.01754
Dehalococcoidia bacterium UBA1122	1948466	S	15276	893	16169	0.00499
Dehalococcoidia bacterium UBA1123	1948467	S	15141	14280	29421	0.00908
Dehalococcoidia bacterium UBA1141	1948469	S	4941	1503	6444	0.00199
Dehalococcoidia bacterium UBA1152	1948471	S	2121	640	2761	0.00085
Dehalococcoidia bacterium UBA1151	1948470	S	1587	125	1712	0.00053
Dehalococcoidia bacterium UBA1127	1948468	S	1086	29	1115	0.00034
Dehalococcoidia bacterium UBA6495	1948511	S	454	1064	1518	0.00047
Dehalococcoidia bacterium UBA2158	1948480	S	106	42	148	0.00005
Dehalococcoidia bacterium UBA7891	1948532	S	60	32	92	0.00003
uncultured Dehalococcoidales bacterium	2006128	S	21	2	23	0.00001
SAR202 cluster bacterium	2030829	S	39866	19427	59293	0.01829
SAR202 cluster bacterium AC-409-J13_OGT_754m	2587834	S	13	0	13	0.00000
Chloroflexota bacterium	2026724	S	8785	918	9703	0.00299
Anaerolineales bacterium UBA1136	1950187	S	543	74	617	0.00019
Cyanobium sp. ARS6	2024869	S	68	5658	5726	0.00177
Synechococcus sp. MIT S9220	166309	S	44	1304	1348	0.00042
Synechococcus sp. AG-679-A04	2161965	S	28	492	520	0.00016
Bacillota bacterium	1879010	S	1443	69	1512	0.00047
Verrucomicrobiota bacterium	2026799	S	25302	11882	37184	0.01147
Verrucomicrobia bacterium UBA673	1948281	S	80	696	776	0.00024
Verrucomicrobiales bacterium	2026801	S	800	362	1162	0.00036
Pedosphaera sp.	2024890	S	57	21	78	0.00002
Roseibacillus sp.	2024856	S	47	31	78	0.00002
Akkermansiaceae bacterium UBA7890	1951374	S	21	27	48	0.00001
Verrucomicrobiae bacterium	2499141	S	14	11	25	0.00001
Opitutae bacterium	2026771	S	175	88	263	0.00008
Opitutae bacterium UBA4506	1948724	S	136	24	160	0.00005
uncultured Opitutales bacterium	592834	S	75	23	98	0.00003
Opitutaceae bacterium	2006848	S	15	2	17	0.00001
uncultured Verrucomicrobiota bacterium	156588	S	18	7	25	0.00001
Planctomycetaceae bacterium	2026779	S	4027	269	4296	0.00133
Planctomycetaceae bacterium UBA2972	1952733	S	31	2	33	0.00001
Planctomyces sp.	37635	S	131	5	136	0.00004
Botrimarina mediterranea	2528022	S	114	5	119	0.00004
Rhodopirellula sp.	2024855	S	16	13	29	0.00001
Mariniblastus sp.	2005381	S	26	1	27	0.00001
Blastopirellula marina	124	S	22	0	22	0.00001
Planctomycetota bacterium	2026780	S	1686	155	1841	0.00057
Planctomycetes bacterium UBA1135	1948124	S	725	75	800	0.00025
Planctomycetes bacterium UBA1146	1948125	S	91	23	114	0.00004
Planctomycetes bacterium UBA7888	1948130	S	18	0	18	0.00001
Phycisphaerales bacterium	2052180	S	184	37	221	0.00007
Phycisphaerales bacterium UBA1910	1951186	S	178	147	325	0.00010
Phycisphaerae bacterium	2026778	S	57	24	81	0.00002
Halobacteriovoraceae bacterium	2026745	S	29772	688	30460	0.00940
Halobacteriovorax sp.	2020862	S	1557	134	1691	0.00052
Halobacteriovorax sp. BALOs_7	2109558	S	1118	26	1144	0.00035
Bacteriovoracaceae bacterium	2081706	S	42	0	42	0.00001
Micavibrio sp.	2024841	S	1931	266	2197	0.00068
Micavibrio sp. UBA1664	1946907	S	588	72	660	0.00020
Micavibrio sp. UBA2137	1946913	S	270	42	312	0.00010
Micavibrio sp. UBA1850	1946909	S	80	8	88	0.00003
Micavibrio sp. TMED27	1986607	S	44	29	73	0.00002
Bdellovibrionaceae bacterium UBA6502	1961516	S	44	3	47	0.00001
Nitrospina sp.	2024844	S	19284	3435	22719	0.00701
Nitrospina sp. LS_NOB	1671875	S	36	8	44	0.00001
Candidatus Nitromaritima sp. SCGC AAA288-L16	913337	S	1133	131	1264	0.00039
Nitrospinaceae bacterium	2358456	S	81	9	90	0.00003
uncultured Nitrospinaceae bacterium	407034	S	20	4	24	0.00001
Nitrospinota bacterium	2026769	S	23	1	24	0.00001
Acidobacteriota bacterium	1978231	S	15791	1083	16874	0.00521
Acidobacteria bacterium UBA823	1953113	S	52	19	71	0.00002
Acidobacteria bacterium UBA2999	1953107	S	23	1	24	0.00001
Candidatus Poribacteria bacterium	2026781	S	568	21	589	0.00018
Candidatus Uhrbacteria bacterium	2053634	S	241	15	256	0.00008
Patescibacteria group bacterium	2052139	S	106	7	113	0.00003
Candidatus Dadabacteria bacterium UBA1144	1953208	S	205	15	220	0.00007
Candidatus Saccharibacteria bacterium	2026720	S	77	11	88	0.00003
Candidatus Saccharibacteria bacterium UBA4215	1953341	S	24	7	31	0.00001
bacterium UBP10_UBA1149	1953411	S	40	123	163	0.00005
Nitrospirales bacterium	2358460	S	1016	11	1027	0.00032
Nitrospiraceae bacterium UBA2166	1952976	S	71	23	94	0.00003
Sandaracinaceae bacterium	2510337	S	766	54	820	0.00025
Myxococcales bacterium	2026763	S	204	8	212	0.00007
Sulfurimonas sp.	2022749	S	703	64	767	0.00024
bacterium	1869227	S	59	64	123	0.00004
Candidatus Desulfobacula maris	2841694	S	19	9	28	0.00001
Marine Group I thaumarchaeote	2511932	S	306745	246085	552830	0.17056
Thaumarchaeota archaeon SCGC AAA007-O23	913333	S	1240	2066	3306	0.00102
uncultured marine group I thaumarchaeote	360837	S	71	25	96	0.00003
Marine Group I thaumarchaeote SCGC AAA799-O18	1502294	S	24	2	26	0.00001
Candidatus Nitrosopelagicus sp.	2026808	S	20024	19065	39089	0.01206
Nitrososphaerota archaeon	2026795	S	4366	991	5357	0.00165
Thaumarchaeota archaeon SCGC AAA282-K18	1298885	S	3580	6222	9802	0.00302
Nitrosopumilus sp. LS_AOA	1671876	S	197	450	647	0.00020
Nitrosopumilus sp.	2024843	S	32	87	119	0.00004
uncultured Candidatus Nitrosopumilus sp.	517606	S	20	103	123	0.00004
Candidatus Methanosuratincola sp.	2495426	S	31	10	41	0.00001
Euryarchaeota archaeon UBA58	1915943	S	44301	3972	48273	0.01489
Euryarchaeota archaeon UBA528	1915914	S	22211	7696	29907	0.00923
Candidatus Poseidoniales archaeon	2163009	S	7381	3109	10490	0.00324
Euryarchaeota archaeon UBA60	1915951	S	2222	16	2238	0.00069
Euryarchaeota archaeon UBA59	1915945	S	881	4	885	0.00027
Euryarchaeota archaeon UBA111	1915792	S	58	1	59	0.00002
Euryarchaeota archaeon UBA220	1915845	S	24	3	27	0.00001
Euryarchaeota archaeon UBA36	1915878	S	22	9	31	0.00001
Euryarchaeota archaeon UBA182	1915828	S	19	1	20	0.00001
Euryarchaeota archaeon UBA52	1915913	S	17	6	23	0.00001
Euryarchaeota archaeon UBA439	1915887	S	12	17	29	0.00001
Candidatus Thalassoarchaea betae	2599289	S	12022	1469	13491	0.00416
Candidatus Thalassarchaeaceae archaeon	2670411	S	24	3	27	0.00001
Candidatus Poseidoniaceae archaeon	2666346	S	40	11	51	0.00002
uncultured Candidatus Poseidoniales archaeon	274854	S	20	4	24	0.00001
Euryarchaeota archaeon UBA136	1915770	S	883	5658	6541	0.00202
Euryarchaeota archaeon UBA488	1915775	S	50	62	112	0.00003
Euryarchaeota archaeon	2026739	S	4241	1176	5417	0.00167
Marine Group IV archaeon HikBin4	2675329	S	1539	28	1567	0.00048
Candidatus Pacearchaeota archaeon	2026773	S	61	16	77	0.00002
Candidatus Woesearchaeota archaeon	2026803	S	40	4	44	0.00001
Nanoarchaeota archaeon	2026764	S	24	4	28	0.00001
Candidatus Heimdallarchaeota archaeon	2026747	S	59	1	60	0.00002
archaeon	1906665	S	30	3	33	0.00001
