name	taxonomy_id	taxonomy_lvl	kraken_assigned_reads	added_reads	new_est_reads	fraction_total_reads
uncultured Pelagibacteraceae bacterium	1667051	S	516263	1369117	1885380	0.05341
Pelagibacteraceae bacterium	2026775	S	74776	64269	139045	0.00394
alpha proteobacterium SCGC AAA288-G21	939324	S	23983	66776	90759	0.00257
Pelagibacteraceae bacterium AG-464-P07	2162008	S	22291	35181	57472	0.00163
alpha proteobacterium SCGC AAA288-N07	939346	S	8575	19711	28286	0.00080
alpha proteobacterium SCGC AAA240-E13	939306	S	8376	30848	39224	0.00111
alpha proteobacterium SCGC AAA288-E13	939316	S	5107	28303	33410	0.00095
Pelagibacteraceae bacterium AG-464-B04	2162007	S	4437	2402	6839	0.00019
Pelagibacteraceae bacterium AG-414-E02	2162014	S	632	581	1213	0.00003
Pelagibacteraceae bacterium TMED259	1986821	S	88	68	156	0.00000
Pelagibacteraceae bacterium AG-404-N13	2161987	S	80	107	187	0.00001
Pelagibacteraceae bacterium AG-390-C22	2161986	S	54	184	238	0.00001
Pelagibacteraceae bacterium AG-365-D07	2162041	S	35	94	129	0.00000
Pelagibacteraceae bacterium AG-410-D23	2162050	S	27	35	62	0.00000
Pelagibacteraceae bacterium AG-319-F18	2162057	S	26	209	235	0.00001
Pelagibacteraceae bacterium AG-439-F23	2162002	S	26	33	59	0.00000
Pelagibacteraceae bacterium AG-426-L23	2161997	S	25	54	79	0.00000
Pelagibacteraceae bacterium AG-414-M23	2162016	S	23	27	50	0.00000
Pelagibacteraceae bacterium AG-426-P20	2161999	S	16	50	66	0.00000
Pelagibacteraceae bacterium AG-390-L03	2162044	S	16	214	230	0.00001
Pelagibacteraceae bacterium AG-390-O04	2162046	S	15	42	57	0.00000
Candidatus Pelagibacter sp.	2024849	S	32761	69108	101869	0.00289
Candidatus Pelagibacter bacterium	2780116	S	89	309	398	0.00001
Candidatus Pelagibacter sp. TMED106	1986796	S	30	19	49	0.00000
Candidatus Pelagibacter sp. TMED239	1986816	S	27	201	228	0.00001
uncultured Candidatus Pelagibacter sp.	372654	S	1324	1213	2537	0.00007
Candidatus Pelagibacter ubique	198252	S	174	1331	1505	0.00004
Candidatus Pelagibacter giovannonii	2563896	S	57	129	186	0.00001
Pelagibacterales bacterium	2026776	S	17567	39264	56831	0.00161
Pelagibacterales bacterium SAG-MED31	2760033	S	107	145	252	0.00001
Pelagibacterales bacterium SAG-MED50	2760049	S	41	345	386	0.00001
Pelagibacterales bacterium SAG-MED48	2760047	S	33	209	242	0.00001
Pelagibacterales bacterium SAG-MED01	2760004	S	27	136	163	0.00000
Pelagibacterales bacterium MED-G40	1986248	S	18	41	59	0.00000
Pelagibacterales bacterium SAG-MED30	2760032	S	17	158	175	0.00000
Erythrobacter sp. A30-3	2785907	S	356672	407393	764065	0.02165
Erythrobacter sp.	1042	S	127272	82513	209785	0.00594
Erythrobacter sp. HI0063	1822240	S	22938	24765	47703	0.00135
Erythrobacter sp. 3-20A1M	2653850	S	3836	2704	6540	0.00019
Erythrobacter sp. UBA2510	1946470	S	919	1672	2591	0.00007
Erythrobacter sp. SD-21	161528	S	143	67	210	0.00001
Erythrobacter sp. UBA1916	1946469	S	122	152	274	0.00001
Erythrobacter sp. YJ-T3-07	2793063	S	63	38	101	0.00000
Erythrobacter sp. AP23	499656	S	31	20	51	0.00000
Erythrobacter sp. 34-65-8	1970335	S	23	8	31	0.00000
Erythrobacter sp. JL475	383381	S	18	4	22	0.00000
Erythrobacter sp. JK5	2829500	S	12	5	17	0.00000
Erythrobacter aureus	2182384	S	2927	1141	4068	0.00012
Erythrobacter longus	1044	S	1990	255	2245	0.00006
Erythrobacter litoralis	39960	S	484	538	1022	0.00003
Erythrobacter donghaensis	267135	S	25	32	57	0.00000
Erythrobacter colymbi	1161202	S	18	28	46	0.00000
Porphyrobacter sp. CACIAM 03H1	2003315	S	22	9	31	0.00000
Porphyrobacter sp. YT40	2547601	S	16	9	25	0.00000
Porphyrobacter sp.	1113	S	13	4	17	0.00000
Qipengyuania citrea	225971	S	122876	135424	258300	0.00732
Qipengyuania flava	192812	S	25342	8359	33701	0.00095
Qipengyuania pelagi	994320	S	4836	4423	9259	0.00026
Qipengyuania vulgaris	291985	S	2947	1652	4599	0.00013
Qipengyuania nanhaisediminis	604088	S	326	325	651	0.00002
Qipengyuania oceanensis	1463597	S	129	102	231	0.00001
Qipengyuania seohaensis	266951	S	106	54	160	0.00000
Qipengyuania sp. YIM B01966	2778646	S	46	22	68	0.00000
Qipengyuania gaetbuli	266952	S	18	4	22	0.00000
Croceicoccus sp.	1927144	S	36092	93797	129889	0.00368
Croceicoccus sp. YJ47	2798724	S	457	260	717	0.00002
Croceicoccus mobilis	1703339	S	453	462	915	0.00003
Croceicoccus marinus	450378	S	416	305	721	0.00002
Croceicoccus gelatinilyticus	2835536	S	128	101	229	0.00001
Croceicoccus sediminis	2571150	S	46	12	58	0.00000
Croceicoccus naphthovorans	1348774	S	35	47	82	0.00000
Croceicoccus bisphenolivorans	1783232	S	16	9	25	0.00000
Croceicoccus pelagius	1703341	S	12	9	21	0.00000
Aurantiacibacter zhengii	2307003	S	5130	4110	9240	0.00026
Aurantiacibacter atlanticus	1648404	S	1698	351	2049	0.00006
Aurantiacibacter xanthus	1784712	S	87	114	201	0.00001
Aurantiacibacter rhizosphaerae	2691582	S	87	15	102	0.00000
Aurantiacibacter spongiae	2488860	S	79	21	100	0.00000
Aurantiacibacter odishensis	1155476	S	42	6	48	0.00000
Erythrobacteraceae bacterium	2026738	S	4771	436	5207	0.00015
Erythrobacteraceae bacterium E2-1 Yellow Sea	2780381	S	28	15	43	0.00000
Actirhodobacter atriluteus	2744473	S	1217	531	1748	0.00005
Pseudopontixanthobacter vadosimaris	2726450	S	913	548	1461	0.00004
Altericroceibacterium spongiae	2320269	S	489	243	732	0.00002
Croceibacterium atlanticum	1267766	S	273	183	456	0.00001
Croceibacterium salegens	1737568	S	37	6	43	0.00000
Croceibacterium mercuriale	1572751	S	28	3	31	0.00000
Alteriqipengyuania lutimaris	1538146	S	254	57	311	0.00001
Pelagerythrobacter aerophilus	2306995	S	103	60	163	0.00000
Pelagerythrobacter marinus	538382	S	96	77	173	0.00000
Pelagerythrobacter marensis	543877	S	33	5	38	0.00000
Tsuneonella suprasediminis	2306996	S	171	139	310	0.00001
Tsuneonella flava	2055955	S	35	5	40	0.00000
Parapontixanthobacter aurantiacus	1463599	S	119	93	212	0.00001
Altererythrobacter sp. B11	2060312	S	56	39	95	0.00000
Altererythrobacter epoxidivorans	361183	S	27	7	34	0.00000
Altererythrobacter xiamenensis	1316679	S	24	6	30	0.00000
Pontixanthobacter rizhaonensis	2730337	S	38	1	39	0.00000
Allopontixanthobacter sediminis	1689985	S	15	1	16	0.00000
Citromicrobium sp.	2024827	S	74600	46303	120903	0.00343
Citromicrobium sp. JLT1363	517722	S	3252	5567	8819	0.00025
Citromicrobium sp. UBA3494	1946345	S	2372	3923	6295	0.00018
Citromicrobium bathyomarinum	72174	S	849	774	1623	0.00005
Sphingomonas sp. SKA58	314266	S	47809	82422	130231	0.00369
Sphingomonas sp.	28214	S	2178	914	3092	0.00009
Sphingomonas sp. ATCC 31555	194867	S	292	213	505	0.00001
Sphingomonas sp. S2M10	2705010	S	103	289	392	0.00001
Sphingomonas sp. 1F27F7B	2502186	S	77	194	271	0.00001
Sphingomonas sp. UBA4766	1947532	S	70	42	112	0.00000
Sphingomonas sp. IC081	304378	S	51	45	96	0.00000
Sphingomonas sp. 3P27F8	2502213	S	49	217	266	0.00001
Sphingomonas sp. CCH10-B3	1768757	S	44	171	215	0.00001
Sphingomonas sp. CCH9-E2	1768776	S	41	70	111	0.00000
Sphingomonas sp. JUb134	2485112	S	20	66	86	0.00000
Sphingomonas sp. EC-HK361	2038397	S	19	27	46	0.00000
Sphingomonas abaci	237611	S	818	1593	2411	0.00007
Sphingomonas paucimobilis	13689	S	345	697	1042	0.00003
Sphingomonas ursincola	56361	S	339	581	920	0.00003
Sphingomonas corticis	2722791	S	156	161	317	0.00001
Sphingomonas yabuuchiae	172044	S	105	211	316	0.00001
Sphingomonas sanxanigenens	397260	S	50	45	95	0.00000
Sphingomonas trueperi	53317	S	48	77	125	0.00000
Sphingomonas echinoides	59803	S	36	72	108	0.00000
Sphingomonas profundi	2681549	S	25	6	31	0.00000
Sphingomonas ginsenosidimutans	862134	S	13	30	43	0.00000
Sphingomonas metalli	1779358	S	12	14	26	0.00000
Sphingomonadaceae bacterium	1930536	S	24197	8755	32952	0.00093
Sphingomonadaceae bacterium MED-G03	1986231	S	4139	1984	6123	0.00017
Sphingomonadaceae bacterium LXI357	2826939	S	249	95	344	0.00001
Stakelama pacifica	517720	S	17324	15086	32410	0.00092
Sphingobium sp. TCM1	453246	S	3470	4876	8346	0.00024
Sphingobium sp. CCH11-B1	1768781	S	898	2854	3752	0.00011
Sphingobium sp.	1912891	S	206	109	315	0.00001
Sphingobium sp. OAE613	2663803	S	89	23	112	0.00000
Sphingobium sp. AP50	1884369	S	38	15	53	0.00000
Sphingobium sp. C100	1207055	S	30	61	91	0.00000
Sphingobium sp. D43FB	2017595	S	24	36	60	0.00000
Sphingobium sp. KCTC 72723	2733867	S	20	18	38	0.00000
Sphingobium sp. AS12	2849495	S	14	27	41	0.00000
Sphingobium xenophagum	121428	S	3869	6416	10285	0.00029
Sphingobium lactosutens	522773	S	737	2942	3679	0.00010
Sphingobium yanoikuyae	13690	S	373	916	1289	0.00004
Sphingobium abikonense	86193	S	317	827	1144	0.00003
Sphingobium indicum	332055	S	223	338	561	0.00002
Sphingobium scionense	1404341	S	62	144	206	0.00001
Sphingobium phenoxybenzoativorans	1592790	S	48	123	171	0.00000
Sphingobium algorifonticola	2008318	S	45	32	77	0.00000
Sphingobium subterraneum	627688	S	42	34	76	0.00000
Sphingobium limneticum	1007511	S	28	50	78	0.00000
Sphingobium ummariense	420994	S	26	52	78	0.00000
Sphingobium chungbukense	56193	S	15	25	40	0.00000
Sphingobium wenxiniae	595605	S	13	33	46	0.00000
Sphingobium chlorophenolicum	46429	S	12	35	47	0.00000
Sphingobium psychrophilum	2728834	S	12	28	40	0.00000
Novosphingopyxis iocasae	2762729	S	11480	6151	17631	0.00050
Novosphingopyxis baekryungensis	279369	S	670	129	799	0.00002
Novosphingobium marinum	1514948	S	617	535	1152	0.00003
Novosphingobium aquimarinum	2682494	S	530	944	1474	0.00004
Novosphingobium panipatense	428991	S	509	1238	1747	0.00005
Novosphingobium indicum	462949	S	302	547	849	0.00002
Novosphingobium barchaimii	1420591	S	229	508	737	0.00002
Novosphingobium sp. PC22D	1962403	S	87	149	236	0.00001
Novosphingobium sp. ST904	1684385	S	48	35	83	0.00000
Novosphingobium sp. GV002	2135687	S	12	7	19	0.00000
Novosphingobium silvae	2692619	S	159	492	651	0.00002
Novosphingobium pentaromativorans	205844	S	135	185	320	0.00001
Novosphingobium fluoreni	1391222	S	71	17	88	0.00000
Novosphingobium malaysiense	1348853	S	40	17	57	0.00000
Novosphingobium sediminis	707214	S	32	30	62	0.00000
Novosphingobium guangzhouense	1850347	S	22	25	47	0.00000
Novosphingobium profundi	1774954	S	22	17	39	0.00000
Novosphingobium lindaniclasticum	1329895	S	17	22	39	0.00000
Sphingopyxis sp.	1908224	S	1464	1126	2590	0.00007
Sphingopyxis sp. PAMC25046	2565556	S	21	32	53	0.00000
Sphingopyxis macrogoltabida	33050	S	221	301	522	0.00001
Sphingopyxis terrae	33052	S	96	111	207	0.00001
Sphingopyxis indica	436663	S	74	52	126	0.00000
Sphingosinithalassobacter portus	2676234	S	602	214	816	0.00002
Blastomonas fulva	1550728	S	339	200	539	0.00002
Blastomonas marina	1867408	S	47	54	101	0.00000
Rhizorhabdus histidinilytica	439228	S	172	137	309	0.00001
Rhizorhabdus sp.	1968843	S	147	290	437	0.00001
uncultured Parasphingopyxis sp.	1547918	S	158	297	455	0.00001
Tardibacter chloracetimidivorans	1921510	S	60	52	112	0.00000
Sphingomonadales bacterium	1978525	S	3240	1589	4829	0.00014
Sphingomonadales bacterium BRH_c3	1734408	S	20	11	31	0.00000
Pacificimonas flava	1234595	S	1611	1042	2653	0.00008
Paracoccus sp. UBA889	1947056	S	261642	157717	419359	0.01188
Paracoccus sp. R12_2	2821098	S	1211	1062	2273	0.00006
Paracoccus sp. XHP0099	2841926	S	332	423	755	0.00002
Paracoccus sp. M683	2594268	S	141	206	347	0.00001
Paracoccus sp. (in: a-proteobacteria)	267	S	34	61	95	0.00000
Paracoccus denitrificans	266	S	181	257	438	0.00001
Paracoccus alcaliphilus	34002	S	82	102	184	0.00001
Paracoccus aurantiacus	2599412	S	61	78	139	0.00000
Paracoccus homiensis	364199	S	60	39	99	0.00000
Paracoccus halophilus	376733	S	54	48	102	0.00000
Paracoccus zhejiangensis	1077935	S	42	36	78	0.00000
Paracoccus thiocyanatus	34006	S	41	63	104	0.00000
Paracoccus sphaerophysae	690417	S	23	25	48	0.00000
Paracoccus lichenicola	2665644	S	19	13	32	0.00000
Paracoccus isoporae	591205	S	15	14	29	0.00000
Paracoccus aminovorans	34004	S	14	23	37	0.00000
Paracoccus sanguinis	1545044	S	14	16	30	0.00000
Pacificitalea manganoxidans	1411902	S	119030	44541	163571	0.00463
Paracoccaceae bacterium	1904441	S	16090	5481	21571	0.00061
Rhodobacteraceae bacterium MED-G08	1986242	S	45	60	105	0.00000
Rhodobacteraceae bacterium REDSEA-S34_B6	1811624	S	42	63	105	0.00000
Marinibacterium profundimaris	1679460	S	15885	30505	46390	0.00131
Limimaricola cinnabarinus	1125964	S	7141	4622	11763	0.00033
Limimaricola variabilis	1492771	S	56	29	85	0.00000
Limimaricola soesokkakensis	1343159	S	25	13	38	0.00000
Pseudooceanicola atlanticus	1461694	S	3878	8288	12166	0.00034
Pseudooceanicola lipolyticus	2029104	S	305	626	931	0.00003
Pseudooceanicola nanhaiensis	375761	S	131	210	341	0.00001
Pseudooceanicola pacificus	2676438	S	94	175	269	0.00001
Pseudooceanicola marinus	396013	S	46	21	67	0.00000
Pseudooceanicola aestuarii	2697319	S	35	24	59	0.00000
Pseudooceanicola sp.	1914328	S	23	9	32	0.00000
Pseudooceanicola batsensis	314255	S	16	26	42	0.00000
Vannielia litorea	1217970	S	4139	2783	6922	0.00020
Allosediminivita pacifica	1267769	S	1869	2557	4426	0.00013
Arenibacterium halophilum	2583821	S	1671	564	2235	0.00006
Tritonibacter mobilis	379347	S	372	310	682	0.00002
Pararhodobacter marinus	2184063	S	249	157	406	0.00001
Pararhodobacter zhoushanensis	2479545	S	17	10	27	0.00000
Pseudopuniceibacterium sediminis	2211117	S	207	193	400	0.00001
Albimonas pacifica	1114924	S	133	63	196	0.00001
Albimonas donghaensis	356660	S	38	12	50	0.00000
uncultured Rhodobacteraceae bacterium	157276	S	156	27	183	0.00001
Thioclava nitratireducens	1915078	S	56	64	120	0.00000
Thioclava sp. SK-1	1889770	S	13	5	18	0.00000
Kandeliimicrobium roseum	1737570	S	138	42	180	0.00001
Puniceibacterium confluentis	1958944	S	60	21	81	0.00000
Puniceibacterium sp. IMCC21224	1618204	S	36	50	86	0.00000
Rhodovulum sp.	34009	S	48	19	67	0.00000
Rhodovulum strictum	58314	S	22	10	32	0.00000
Halovulum marinum	2662447	S	100	43	143	0.00000
Marivivens donghaensis	1699413	S	47	10	57	0.00000
Marivivens sp.	1978374	S	17	12	29	0.00000
Marivivens aquimaris	2774876	S	14	23	37	0.00000
Pseudohalocynthiibacter aestuariivivens	1591409	S	69	4	73	0.00000
Thalassorhabdomicrobium marinisediminis	2170577	S	62	34	96	0.00000
Planktomarina sp.	2024851	S	38	11	49	0.00000
uncultured Planktomarina sp.	1538529	S	20	4	24	0.00000
Oceanibium sediminis	2026339	S	58	21	79	0.00000
Pelagivirga sediminicola	2170575	S	44	57	101	0.00000
Albidovulum inexpectatum	196587	S	56	14	70	0.00000
uncultured Pseudophaeobacter sp.	1759421	S	48	15	63	0.00000
Rhodobacter sp. HX-7-19	2583234	S	24	20	44	0.00000
Rhodobacter sp. NTK016B	2759676	S	22	23	45	0.00000
Chachezhania antarctica	2340860	S	41	73	114	0.00000
uncultured Amylibacter sp.	1617807	S	35	6	41	0.00000
Maliponia aquimaris	1673631	S	37	20	57	0.00000
Pseudorhodobacter sp. E13	2487931	S	16	4	20	0.00000
Pseudorhodobacter aquimaris	687412	S	16	7	23	0.00000
Cereibacter ovatus	439529	S	35	21	56	0.00000
Pseudoprimorskyibacter insulae	1695997	S	35	28	63	0.00000
Pseudoroseicyclus tamaricis	2705421	S	33	8	41	0.00000
Roseibaca ekhonensis	254356	S	32	40	72	0.00000
Fluviibacterium aquatile	2552766	S	25	16	41	0.00000
Pseudodonghicola xiamenensis	337702	S	27	34	61	0.00000
Boseongicola sp. CCM32	2552942	S	15	1	16	0.00000
Antarcticimicrobium luteum	2547397	S	19	12	31	0.00000
Aliiroseovarius zhejiangensis	1632025	S	14	4	18	0.00000
Aquicoccus porphyridii	1852029	S	25	48	73	0.00000
Alterinioella nitratireducens	2735915	S	25	13	38	0.00000
Cognatiyoonia sediminum	1508389	S	24	2	26	0.00000
Flavimaricola marinus	1819565	S	23	13	36	0.00000
Thalassobium sp.	2030825	S	20	17	37	0.00000
Neptunicoccus sediminis	1892596	S	15	9	24	0.00000
Phaeovulum vinaykumarii	407234	S	13	12	25	0.00000
Sulfitobacter sp. R18_2	2821105	S	11513	31161	42674	0.00121
Sulfitobacter sp. D7	1968541	S	9260	44566	53826	0.00152
Sulfitobacter sp.	1903071	S	6608	14633	21241	0.00060
Sulfitobacter sp. BDSS02	2663018	S	3199	6878	10077	0.00029
Sulfitobacter sp. HI0040	1822232	S	807	1079	1886	0.00005
Sulfitobacter sp. DFL-14	215828	S	61	131	192	0.00001
Sulfitobacter sp. BSw21498	664426	S	36	122	158	0.00000
Sulfitobacter sp. 20_GPM-1509m	1380367	S	27	25	52	0.00000
Sulfitobacter sp. EhC04	1849168	S	17	24	41	0.00000
Sulfitobacter pontiacus	60137	S	30277	53509	83786	0.00237
Sulfitobacter alexandrii	1917485	S	1985	951	2936	0.00008
Sulfitobacter delicatus	218672	S	1218	2376	3594	0.00010
Sulfitobacter litoralis	335975	S	1072	4601	5673	0.00016
Sulfitobacter dubius	218673	S	558	920	1478	0.00004
Sulfitobacter indolifex	225422	S	328	634	962	0.00003
Sulfitobacter maritimus	2741719	S	195	156	351	0.00001
Maritimibacter sp.	2003363	S	116767	71396	188163	0.00533
Maritimibacter sp. REDSEA-S28_B5	1811547	S	340	605	945	0.00003
Maritimibacter harenae	2606218	S	21	15	36	0.00000
Salipiger thiooxidans	282683	S	84497	138567	223064	0.00632
Salipiger bermudensis	344736	S	5671	7174	12845	0.00036
Salipiger profundus	1229727	S	2755	3503	6258	0.00018
Salipiger marinus	555512	S	210	257	467	0.00001
Salipiger abyssi	1250539	S	134	206	340	0.00001
Salipiger pallidus	1775170	S	84	73	157	0.00000
Salipiger aestuarii	568098	S	16	15	31	0.00000
Roseobacter sp.	1907202	S	31823	14907	46730	0.00132
Roseovarius mucosus	215743	S	1946	825	2771	0.00008
Roseovarius sp. A-2	1570360	S	313	225	538	0.00002
Roseovarius sp.	1486281	S	174	143	317	0.00001
Roseovarius sp. 217	314264	S	38	49	87	0.00000
Roseovarius sp. THAF27	2587850	S	37	33	70	0.00000
Roseovarius sp. MCTG156(2b)	1354722	S	32	40	72	0.00000
Roseovarius sp. TE539	2249812	S	32	5	37	0.00000
Roseovarius atlanticus	1641875	S	172	260	432	0.00001
Roseovarius indicus	540747	S	164	42	206	0.00001
Roseovarius nubinhibens	314263	S	155	113	268	0.00001
Roseovarius lutimaris	1005928	S	113	58	171	0.00000
Roseovarius halotolerans	505353	S	61	117	178	0.00001
Roseovarius confluentis	1852027	S	40	40	80	0.00000
Roseovarius amoyensis	2211448	S	27	19	46	0.00000
Roseovarius pacificus	337701	S	23	19	42	0.00000
Roseovarius azorensis	1287727	S	17	13	30	0.00000
Roseovarius nanhaiticus	573024	S	12	6	18	0.00000
Sagittula sp. P11	2009329	S	2376	1681	4057	0.00011
Sagittula salina	2820268	S	60	17	77	0.00000
Sagittula marina	943940	S	42	19	61	0.00000
Maribius pelagius	387096	S	1040	1993	3033	0.00009
Maribius salinus	313368	S	18	31	49	0.00000
Roseivivax marinus	1379903	S	1657	1121	2778	0.00008
Roseivivax sediminis	936889	S	89	47	136	0.00000
Roseivivax halodurans	93683	S	13	3	16	0.00000
Roseivivax isoporae	591206	S	12	8	20	0.00000
Phaeobacter sp. 22II1-1F12B	1317111	S	1190	2428	3618	0.00010
Phaeobacter sp. CECT 5382	1712645	S	29	10	39	0.00000
Actibacterium naphthalenivorans	1614693	S	815	1704	2519	0.00007
Actibacterium sp.	1872125	S	21	12	33	0.00000
Tranquillimonas alkanivorans	441119	S	583	163	746	0.00002
Tranquillimonas rosea	641238	S	73	28	101	0.00000
Primorskyibacter flagellatus	1387277	S	454	588	1042	0.00003
Thalassobius sp.	1979401	S	257	142	399	0.00001
Celeribacter baekdonensis	875171	S	190	234	424	0.00001
Celeribacter indicus	1208324	S	24	21	45	0.00000
Celeribacter persicus	1651082	S	18	34	52	0.00000
Palleronia rufa	1530186	S	127	87	214	0.00001
Palleronia abyssalis	1501240	S	43	42	85	0.00000
Palleronia sediminis	2547833	S	27	18	45	0.00000
Dinoroseobacter sp.	2003366	S	197	6	203	0.00001
Yangia pacifica	311180	S	133	117	250	0.00001
Loktanella ponticola	1524255	S	137	110	247	0.00001
Pseudosulfitobacter pseudonitzschiae	1402135	S	82	109	191	0.00001
Marinovum sp.	2024839	S	60	30	90	0.00000
Marinovum algicola	42444	S	20	17	37	0.00000
Tateyamaria sp.	1929288	S	55	85	140	0.00000
Tropicibacter alexandrii	2267683	S	50	73	123	0.00000
Donghicola eburneus	393278	S	14	37	51	0.00000
Jannaschia helgolandensis	188906	S	26	16	42	0.00000
Thiosulfatihalobacter marinus	2792481	S	49	74	123	0.00000
Profundibacterium mesophilum	1258573	S	46	40	86	0.00000
Thalassococcus profundi	2282382	S	41	50	91	0.00000
Oceanicola sp. S124	1042378	S	23	25	48	0.00000
Leisingera caerulea	506591	S	26	12	38	0.00000
Seohaeicola zhoushanensis	1569283	S	36	14	50	0.00000
Lutimaribacter pacificus	391948	S	31	87	118	0.00000
Citreicella sp. C3M06	2841564	S	32	8	40	0.00000
Tropicimonas isoalkanivorans	441112	S	21	27	48	0.00000
Mesobaculum littorinae	2486419	S	15	4	19	0.00000
Rhodobacterales bacterium 52_120_T64	1856301	S	90	3	93	0.00000
Alphaproteobacteria bacterium MarineAlpha3_Bin6	2013072	S	92481	13893	106374	0.00301
Alphaproteobacteria bacterium MarineAlpha5_Bin3	2013078	S	77785	6586	84371	0.00239
Alphaproteobacteria bacterium UBA3002	1948380	S	35608	1619	37227	0.00105
Alphaproteobacteria bacterium MarineAlpha3_Bin4	2013070	S	30242	1943	32185	0.00091
Alphaproteobacteria bacterium MarineAlpha3_Bin3	2013069	S	20047	6967	27014	0.00077
Alphaproteobacteria bacterium	1913988	S	17815	5560	23375	0.00066
Alphaproteobacteria bacterium MarineAlpha10_Bin2	2013104	S	10505	462	10967	0.00031
Alphaproteobacteria bacterium MarineAlpha9_Bin7	2013102	S	5515	718	6233	0.00018
Alphaproteobacteria bacterium MarineAlpha6_Bin2	2013089	S	2091	151	2242	0.00006
Alphaproteobacteria bacterium MarineAlpha9_Bin1	2013096	S	1498	170	1668	0.00005
Alphaproteobacteria bacterium MarineAlpha9_Bin6	2013101	S	746	12	758	0.00002
Alphaproteobacteria bacterium UBA6544	1948430	S	614	179	793	0.00002
Alphaproteobacteria bacterium MarineAlpha5_Bin5	2013080	S	611	68	679	0.00002
Alphaproteobacteria bacterium MarineAlpha6_Bin4	2013091	S	340	95	435	0.00001
Alphaproteobacteria bacterium CG11_big_fil_rev_8_21_14_0_20_44_7	1973901	S	214	38	252	0.00001
Alphaproteobacteria bacterium MarineAlpha5_Bin7	2013082	S	169	7	176	0.00000
Alphaproteobacteria bacterium HT1-32	2665153	S	168	3	171	0.00000
Alphaproteobacteria bacterium MarineAlpha3_Bin2	2013068	S	148	18	166	0.00000
Alphaproteobacteria bacterium MarineAlpha5_Bin12	2013087	S	98	53	151	0.00000
Alphaproteobacteria bacterium MarineAlpha3_Bin7	2013073	S	79	5	84	0.00000
Alphaproteobacteria bacterium UBA3612	1948389	S	64	35	99	0.00000
Alphaproteobacteria bacterium TMED109	1986625	S	49	12	61	0.00000
Alphaproteobacteria bacterium UBA2964	1948376	S	36	219	255	0.00001
alpha proteobacterium SCGC AAA015-N04	939296	S	31	106	137	0.00000
Alphaproteobacteria bacterium MarineAlpha12_Bin1	2013107	S	17	0	17	0.00000
Alphaproteobacteria bacterium HGW-Alphaproteobacteria-14	2013660	S	16	18	34	0.00000
Alphaproteobacteria bacterium UBA4588	1948399	S	15	4	19	0.00000
Alphaproteobacteria bacterium 46_93_T64	1856292	S	14	0	14	0.00000
Alphaproteobacteria bacterium MarineAlpha10_Bin3	2013105	S	13	1	14	0.00000
Hoeflea sp.	1940281	S	126682	107417	234099	0.00663
Hoeflea sp. EC-HK425	2038388	S	17	10	27	0.00000
Hoeflea sp. BAL378	1547437	S	14	4	18	0.00000
Nitratireductor sp.	1872084	S	1910	675	2585	0.00007
Nitratireductor sp. SY7	2599600	S	13	3	16	0.00000
Nitratireductor indicus	721133	S	17	21	38	0.00000
Nitratireductor aquibiodomus	204799	S	16	8	24	0.00000
Mesorhizobium sediminum	1849104	S	217	215	432	0.00001
Mesorhizobium sp.	1871066	S	22	28	50	0.00000
Phyllobacteriaceae bacterium	1871068	S	239	98	337	0.00001
Aquibium oceanicum	1670800	S	98	33	131	0.00000
Pseudohoeflea suaedae	877384	S	40	15	55	0.00000
Fulvimarina sp.	1969479	S	21634	22608	44242	0.00125
Fulvimarina manganoxydans	937218	S	5972	518	6490	0.00018
Fulvimarina endophytica	2293836	S	18	1	19	0.00000
Aurantimonas coralicida	182270	S	1336	4023	5359	0.00015
Aurantimonas manganoxydans	651183	S	55	153	208	0.00001
Aurantimonas sp. 22II-16-19i	1317114	S	14	6	20	0.00000
Martelella mediterranea	293089	S	508	366	874	0.00002
Martelella sp. AD-3	686597	S	98	163	261	0.00001
Martelella endophytica	1486262	S	77	61	138	0.00000
Martelella radicis	1397476	S	53	104	157	0.00000
Jiella pacifica	2696469	S	337	172	509	0.00001
Hyphomicrobiales bacterium	1909294	S	32547	12024	44571	0.00126
Rhizobiales bacterium CCH10-E5	1768797	S	109	112	221	0.00001
Rhizobiales bacterium TMED25	1986854	S	15	4	19	0.00000
Rhodobiaceae bacterium	2026785	S	11385	4963	16348	0.00046
Rhodobiaceae bacterium UBA7804	1952834	S	19	15	34	0.00000
Rhodobium orientis	34017	S	23	9	32	0.00000
Roseibium aggregatum	187304	S	1433	840	2273	0.00006
Roseibium aestuarii	2600299	S	15	9	24	0.00000
Stappia indica	538381	S	250	201	451	0.00001
Stappia sp.	1870903	S	32	27	59	0.00000
Methylobacterium fujisawaense	107400	S	817	993	1810	0.00005
Methylobacterium sp. DB0501	2709665	S	19	47	66	0.00000
Methylobacterium organophilum	410	S	28	65	93	0.00000
Ahrensia sp.	1872419	S	476	483	959	0.00003
Devosia indica	2079253	S	108	127	235	0.00001
Devosia sediminis	2798801	S	75	104	179	0.00001
Pelagibacterium sp.	1967288	S	24	27	51	0.00000
Acuticoccus yangtzensis	1443441	S	293	43	336	0.00001
Acuticoccus sediminis	2184697	S	108	17	125	0.00000
Methylocystaceae bacterium	2052174	S	295	51	346	0.00001
Pararhizobium mangrovi	2590452	S	51	12	63	0.00000
Rhizobiaceae bacterium	1913961	S	32	6	38	0.00000
Endobacterium cereale	2663029	S	14	10	24	0.00000
Filomicrobium sp.	2024831	S	110	13	123	0.00000
Parvibaculum sp.	2024848	S	52	25	77	0.00000
Parvibaculum indicum	562969	S	51	53	104	0.00000
Bosea sp. RAC05	1842539	S	12	48	60	0.00000
Pseudochelatococcus contaminans	1538103	S	30	48	78	0.00000
Breoghania sp. L-A4	2304600	S	21	3	24	0.00000
Ponticaulis sp.	2020902	S	132309	29447	161756	0.00458
Henriciella sp.	1968823	S	20591	9919	30510	0.00086
Henriciella algicola	1608422	S	1025	327	1352	0.00004
Henriciella aquimarina	545261	S	34	45	79	0.00000
Henriciella litoralis	568102	S	18	9	27	0.00000
Hyphomonas sp. L-53-1-40	1207058	S	3866	1778	5644	0.00016
Hyphomonas sp. UBA5111	1946637	S	1873	2074	3947	0.00011
Hyphomonas sp. CY54-11-8	1280944	S	870	914	1784	0.00005
Hyphomonas sp.	87	S	439	348	787	0.00002
Hyphomonas sp. BRH_c22	1629710	S	15	23	38	0.00000
Hyphomonas atlantica	1280948	S	1297	1474	2771	0.00008
Hyphomonas pacifica	1280941	S	280	741	1021	0.00003
Hyphomonas adhaerens	81029	S	247	45	292	0.00001
Hyphomonas oceanitis	81033	S	19	14	33	0.00000
Hyphomonas jannaschiana	86	S	14	9	23	0.00000
Hyphomonas chukchiensis	1280947	S	13	15	28	0.00000
Hyphomonadaceae bacterium TMED5	1986776	S	626	426	1052	0.00003
Hyphomonadaceae bacterium UBA1849	1951945	S	236	86	322	0.00001
Hyphomonadaceae bacterium UBA5336	1951953	S	31	17	48	0.00000
Hirschia sp.	2024835	S	436	66	502	0.00001
Rhodospirillaceae bacterium	1898112	S	68609	17698	86307	0.00245
Rhodospirillaceae bacterium UBA3470	1952854	S	175	66	241	0.00001
Rhodospirillaceae bacterium UBA1479	1952849	S	111	11	122	0.00000
Rhodospirillaceae bacterium UBA2165	1952852	S	83	2	85	0.00000
Rhodospirillaceae bacterium UBA6608	1952863	S	67	16	83	0.00000
Rhodobacteraceae bacterium Water-Bin34	2015205	S	16	4	20	0.00000
Rhodospirillales bacterium	2026786	S	5946	1485	7431	0.00021
Thalassospira sp. MCCC 1A01148	501834	S	370	534	904	0.00003
Thalassospira sp. MCCC 1A01428	1470575	S	49	36	85	0.00000
Thalassospira povalilytica	732237	S	28	18	46	0.00000
Thalassospira xiamenensis	220697	S	21	107	128	0.00000
Thalassospira profundimaris	502049	S	19	22	41	0.00000
Thalassospira lucentensis	168935	S	12	26	38	0.00000
Magnetovibrio sp.	2024836	S	211	39	250	0.00001
Tistrella mobilis	171437	S	50	10	60	0.00000
Roseomonas aeriglobus	2267537	S	39	152	191	0.00001
uncultured Rhodospirillales bacterium	296830	S	23	4	27	0.00000
uncultured Alphaproteobacteria bacterium	91750	S	50861	25586	76447	0.00217
Rickettsiales bacterium	2026788	S	45228	17947	63175	0.00179
Rickettsiales bacterium TMED211	1986869	S	141	145	286	0.00001
uncultured Rickettsiaceae bacterium	194194	S	68	0	68	0.00000
uncultured Candidatus Midichloriaceae bacterium	1806454	S	21	1	22	0.00000
uncultured SAR116 cluster alpha proteobacterium	281031	S	2364	1167	3531	0.00010
SAR116 cluster bacterium AG-447-C21	2162583	S	139	39	178	0.00001
SAR116 cluster bacterium AG-426-I14	2162581	S	47	54	101	0.00000
SAR116 cluster bacterium AG-447-A06	2162582	S	35	6	41	0.00000
SAR116 cluster bacterium AG-426-B08	2162580	S	35	60	95	0.00000
SAR116 cluster bacterium	2024888	S	29	21	50	0.00000
SAR116 cluster bacterium AG-313-A07	2162568	S	16	4	20	0.00000
OCS116 cluster bacterium AG-435-F03	2162589	S	136	1150	1286	0.00004
OCS116 cluster bacterium AG-390-A19	2162591	S	55	90	145	0.00000
OCS116 cluster bacterium AG-430-B22	2162588	S	39	214	253	0.00001
uncultured OCS116 cluster bacterium	648187	S	29	23	52	0.00000
OCS116 cluster bacterium AG-390-I16	2162592	S	14	20	34	0.00000
Parvularcula sp.	1979207	S	1010	590	1600	0.00005
Parvularcula oceani	1247963	S	579	108	687	0.00002
Parvularcula bermudensis	208216	S	409	218	627	0.00002
Parvularcula dongshanensis	1173995	S	26	5	31	0.00000
Marinicaulis flavus	2058213	S	49	7	56	0.00000
Parvularculaceae bacterium	2510335	S	32	1	33	0.00000
Maricaulis sp.	1486257	S	697	161	858	0.00002
Oceanicaulis sp. HTCC2633	314254	S	137	75	212	0.00001
Oceanicaulis sp. PT13A	2135616	S	12	3	15	0.00000
Euryhalocaulis caribicus	1161401	S	95	16	111	0.00000
Hellea sp.	2715692	S	476	106	582	0.00002
Caulobacteraceae bacterium UBA3198	1951537	S	131	46	177	0.00001
Brevundimonas sp. A19_0	2821087	S	64	62	126	0.00000
Caulobacter sp. X	2048901	S	30	64	94	0.00000
Kordiimonas sp.	1970157	S	59	61	120	0.00000
Kordiimonadaceae bacterium	2664180	S	13	2	15	0.00000
Holospora obtusa	49893	S	30	5	35	0.00000
Gammaproteobacteria bacterium	1913989	S	975641	526920	1502561	0.04257
gamma proteobacterium SCGC AAA007-O20	913327	S	98171	130130	228301	0.00647
Gammaproteobacteria bacterium UBA6940	1948640	S	61718	23463	85181	0.00241
gamma proteobacterium SCGC AB-629-P17	1131274	S	61319	166109	227428	0.00644
Gammaproteobacteria bacterium REDSEA-S15_B12	1811666	S	29560	58033	87593	0.00248
Gammaproteobacteria bacterium UBA1119	1948582	S	13177	22556	35733	0.00101
Gammaproteobacteria bacterium UBA3532	1948611	S	1786	2657	4443	0.00013
Gammaproteobacteria bacterium UBA3498	1948609	S	310	114	424	0.00001
gamma proteobacterium SCGC AAA168-P09	1009426	S	196	210	406	0.00001
Gammaproteobacteria bacterium UBA7310	1948647	S	190	166	356	0.00001
gamma proteobacterium HdN1	83406	S	61	60	121	0.00000
Gammaproteobacteria bacterium TMED139	1986737	S	42	16	58	0.00000
Gammaproteobacteria bacterium UBA1961	1948588	S	41	18	59	0.00000
Gammaproteobacteria bacterium HGW-Gammaproteobacteria-11	2013793	S	34	146	180	0.00001
gamma proteobacterium HTCC5015	391615	S	15	13	28	0.00000
Gammaproteobacteria bacterium TMED78	1986767	S	15	0	15	0.00000
Alteromonas australica	589873	S	178907	120861	299768	0.00849
Alteromonas macleodii	28108	S	68558	134544	203102	0.00575
Alteromonas mediterranea	314275	S	43180	86871	130051	0.00368
Alteromonas sp. IB21	2779369	S	2761	3422	6183	0.00018
Alteromonas sp. RKMC-009	2267264	S	1291	370	1661	0.00005
Alteromonas sp. KUL106	2480799	S	157	69	226	0.00001
Alteromonas sp. KC3	2795688	S	107	36	143	0.00000
Alteromonas sp. BL110	1714845	S	95	159	254	0.00001
Alteromonas sp. 38	2653129	S	86	88	174	0.00000
Alteromonas sp. ALT199	1298865	S	64	88	152	0.00000
Alteromonas sp. V450	1912139	S	55	42	97	0.00000
Alteromonas sp. KUL49	2480798	S	30	3	33	0.00000
Alteromonas sp. KUL42	2480797	S	22	3	25	0.00000
Alteromonas sp. C1M14	2841567	S	21	1	22	0.00000
Alteromonas profundi	2696062	S	4718	3732	8450	0.00024
Alteromonas abrolhosensis	1892904	S	3711	4765	8476	0.00024
Alteromonas marina	203795	S	3110	5280	8390	0.00024
Alteromonas alba	2079529	S	962	10850	11812	0.00033
Alteromonas antoniana	2803813	S	864	1425	2289	0.00006
Alteromonas oceani	2071609	S	557	3605	4162	0.00012
Alteromonas portus	2565549	S	370	390	760	0.00002
Alteromonas lipotrueiana	2803815	S	321	103	424	0.00001
Alteromonas oceanisediminis	2836180	S	109	39	148	0.00000
Alteromonas naphthalenivorans	715451	S	105	230	335	0.00001
Alteromonas genovensis	471225	S	95	73	168	0.00000
Alteromonas pelagimontana	1858656	S	34	10	44	0.00000
Alteromonas gracilis	1479524	S	30	21	51	0.00000
Alteromonas lipolytica	1856405	S	15	3	18	0.00000
Salinimonas iocasae	2572577	S	436	165	601	0.00002
Salinimonas sediminis	2303538	S	69	73	142	0.00000
Salinimonas chungwhensis	265425	S	37	7	44	0.00000
Salinimonas lutimaris	914153	S	35	15	50	0.00000
Salinimonas profundi	2729140	S	17	15	32	0.00000
Alteromonadaceae bacterium	1916082	S	893	775	1668	0.00005
Alteromonadaceae bacterium UBA2620	1951386	S	516	2926	3442	0.00010
Neptunicella marina	2125989	S	86	25	111	0.00000
Aliiglaciecola lipolytica	477689	S	53	31	84	0.00000
Paraglaciecola chathamensis	368405	S	15	5	20	0.00000
uncultured Paraglaciecola sp.	1765024	S	13	5	18	0.00000
Glaciecola sp. XM2	1914931	S	26	1	27	0.00000
Marisediminitalea aggregata	634436	S	31	5	36	0.00000
Idiomarina baltica	190892	S	4401	7079	11480	0.00033
Idiomarina aquatica	1327752	S	3270	2170	5440	0.00015
Idiomarina zobellii	86103	S	3071	7312	10383	0.00029
Idiomarina loihiensis	135577	S	1461	1143	2604	0.00007
Idiomarina abyssalis	86102	S	858	873	1731	0.00005
Idiomarina piscisalsi	1096243	S	752	1175	1927	0.00005
Idiomarina sp. X4	2055892	S	176	387	563	0.00002
Idiomarina sp. MD25a	1889913	S	63	76	139	0.00000
Idiomarina fontislapidosi	263723	S	42	18	60	0.00000
Idiomarina ramblicola	263724	S	21	5	26	0.00000
Idiomarinaceae bacterium	1898113	S	966	1050	2016	0.00006
Pseudidiomarina aquimaris	641841	S	611	773	1384	0.00004
Pseudidiomarina donghaiensis	519452	S	16	100	116	0.00000
Pseudidiomarina atlantica	1517416	S	13	14	27	0.00000
Pseudidiomarina maritima	519453	S	12	26	38	0.00000
Pseudoalteromonas sp. NBT06-2	2025950	S	505	42	547	0.00002
Pseudoalteromonas sp. MEBiC 03607	2563601	S	268	743	1011	0.00003
Pseudoalteromonas sp. T1lg23B	2077097	S	119	65	184	0.00001
Pseudoalteromonas sp. '520P1 No. 423'	1690037	S	85	24	109	0.00000
Pseudoalteromonas sp. DL-6	1390185	S	17	66	83	0.00000
Pseudoalteromonas sp.	53249	S	16	61	77	0.00000
Pseudoalteromonas sp. 3D05	2045444	S	15	9	24	0.00000
Pseudoalteromonas sp. 0303	2743618	S	15	147	162	0.00000
Pseudoalteromonas sp. FUC4	2511201	S	14	61	75	0.00000
Pseudoalteromonas sp. EB27	1938368	S	12	54	66	0.00000
Pseudoalteromonas atlantica	288	S	927	1867	2794	0.00008
Pseudoalteromonas arabiensis	874454	S	316	252	568	0.00002
Pseudoalteromonas tetraodonis	43659	S	302	1250	1552	0.00004
Pseudoalteromonas distincta	77608	S	195	1322	1517	0.00004
Pseudoalteromonas lipolytica	570156	S	104	272	376	0.00001
Pseudoalteromonas undina	43660	S	50	207	257	0.00001
Pseudoalteromonas aurantia	43654	S	29	33	62	0.00000
Pseudoalteromonas prydzensis	182141	S	17	21	38	0.00000
Pseudoalteromonas shioyasakiensis	1190813	S	15	114	129	0.00000
Pseudoalteromonas espejiana	28107	S	15	22	37	0.00000
Pseudoalteromonas marina	267375	S	12	19	31	0.00000
Algicola sp.	1872429	S	24	15	39	0.00000
Moritella viscosa	80854	S	72	94	166	0.00000
Moritella sp. 5	2746231	S	17	33	50	0.00000
Shewanella sp. 10N.286.51.B7	1880836	S	27	27	54	0.00000
Shewanella psychrophila	225848	S	32	20	52	0.00000
Shewanella hanedai	25	S	20	3	23	0.00000
Litorilituus sediminis	718192	S	78	14	92	0.00000
Thalassotalea marina	1673741	S	22	21	43	0.00000
Candidatus Thioglobus sp. MED-G25	1986229	S	214855	203934	418789	0.01186
Candidatus Thioglobus sp. REDSEA-S12_B1	1811594	S	1106	870	1976	0.00006
Candidatus Thioglobus sp. NP1	2508687	S	430	173	603	0.00002
Candidatus Thioglobus sp.	2026721	S	302	518	820	0.00002
uncultured Candidatus Thioglobus sp.	655186	S	7707	17211	24918	0.00071
Candidatus Thioglobus autotrophicus	1705394	S	75	62	137	0.00000
Candidatus Thioglobus perditus	2058498	S	14	3	17	0.00000
uncultured SAR86 cluster bacterium	648174	S	76714	28976	105690	0.00299
SAR86 cluster bacterium REDSEA-S09_B4	1811643	S	72195	7896	80091	0.00227
SAR86 cluster bacterium AG-447-A08	2162557	S	482	122	604	0.00002
SAR86 cluster bacterium SAR86B	1123867	S	102	61	163	0.00000
SAR86 cluster bacterium SAR86A	1123866	S	32	28	60	0.00000
SAR86 cluster bacterium AG-422-O05	2162561	S	30	7	37	0.00000
SAR86 cluster bacterium AG-422-P06	2162555	S	26	5	31	0.00000
K189A clade bacterium	2315472	S	1467	1413	2880	0.00008
OM182 bacterium MED-G28	1986256	S	1266	364	1630	0.00005
Candidatus Pseudothioglobus singularis	1427364	S	2452	1389	3841	0.00011
Candidatus Pseudothioglobus aerophilus	2841689	S	134	174	308	0.00001
Pseudohongiella nitratireducens	1768907	S	390	637	1027	0.00003
uncultured Pseudohongiella sp.	1772216	S	59	113	172	0.00000
Pseudohongiella sp.	1979412	S	22	3	25	0.00000
Halopseudomonas aestusnigri	857252	S	30670	39635	70305	0.00199
Halopseudomonas pachastrellae	254161	S	30343	54520	84863	0.00240
Halopseudomonas oceani	1708783	S	2009	2757	4766	0.00014
Halopseudomonas sabulinigri	472181	S	1776	555	2331	0.00007
Halopseudomonas gallaeciensis	857227	S	1466	1855	3321	0.00009
Halopseudomonas pelagia	553151	S	147	122	269	0.00001
Halopseudomonas yangmingensis	1720063	S	110	112	222	0.00001
Halopseudomonas formosensis	1002526	S	55	66	121	0.00000
Halopseudomonas salina	1323744	S	27	5	32	0.00000
Pseudomonas marincola	437900	S	33861	15300	49161	0.00139
Pseudomonas khazarica	2502979	S	1609	2074	3683	0.00010
Pseudomonas sp. SSM44	2487347	S	553	885	1438	0.00004
Pseudomonas sp. P1.8	1699310	S	280	363	643	0.00002
Pseudomonas sp. SST3	2267882	S	132	383	515	0.00001
Pseudomonas sp.	306	S	39	218	257	0.00001
Pseudomonas sp. IC_126	2547400	S	36	31	67	0.00000
Pseudomonas anguilliseptica	53406	S	335	653	988	0.00003
Pseudomonas mendocina	300	S	82	258	340	0.00001
Pseudomonas alcaligenes	43263	S	16	26	42	0.00000
Pseudomonas tohonis	2725477	S	348	710	1058	0.00003
Pseudomonas putida	303	S	139	410	549	0.00002
Pseudomonas saliphila	2586906	S	147	99	246	0.00001
Pseudomonas profundi	1981513	S	125	166	291	0.00001
Pseudomonas extremaustralis	359110	S	119	267	386	0.00001
Pseudomonas chengduensis	489632	S	114	1809	1923	0.00005
Pseudomonas bharatica	2692112	S	104	418	522	0.00001
Pseudomonas benzenivorans	556533	S	51	92	143	0.00000
Pseudomonas borbori	289003	S	20	24	44	0.00000
Pseudomonas saudiphocaensis	1499686	S	13	10	23	0.00000
Stutzerimonas stutzeri	316	S	11027	24222	35249	0.00100
Stutzerimonas kunmingensis	1211807	S	131	2962	3093	0.00009
Stutzerimonas chloritidismutans	203192	S	23	730	753	0.00002
Stutzerimonas xanthomarina	271420	S	79	1996	2075	0.00006
Pseudomonadaceae bacterium UBA836	1952795	S	892	1090	1982	0.00006
Pseudomonadaceae bacterium SI-3	2079806	S	61	127	188	0.00001
Marinobacter sp.	50741	S	2476	3167	5643	0.00016
Marinobacter sp. B9-2	2137198	S	236	1263	1499	0.00004
Marinobacter sp. LQ44	1749259	S	41	162	203	0.00001
Marinobacter sp. es.042	1761794	S	41	164	205	0.00001
Marinobacter sp. EhC06	1849169	S	23	62	85	0.00000
Marinobacter sp. JH2	2547598	S	20	23	43	0.00000
Marinobacter sp. Arc7-DN-1	2304594	S	17	34	51	0.00000
Marinobacter fuscus	2109942	S	2711	6703	9414	0.00027
Marinobacter vinifirmus	355591	S	1750	4674	6424	0.00018
Marinobacter nauticus	2743	S	1105	1126	2231	0.00006
Marinobacter segnicrescens	430453	S	429	384	813	0.00002
Marinobacter salsuginis	418719	S	360	660	1020	0.00003
Marinobacter oulmenensis	643747	S	338	86	424	0.00001
Marinobacter adhaerens	1033846	S	235	2617	2852	0.00008
Marinobacter manganoxydans	1150997	S	215	4784	4999	0.00014
Marinobacter flavimaris	262076	S	128	2861	2989	0.00008
Marinobacter salarius	1420917	S	109	323	432	0.00001
Marinobacter algicola	236100	S	70	117	187	0.00001
Marinobacter litoralis	187981	S	33	11	44	0.00000
Marinobacter aromaticivorans	1494078	S	32	16	48	0.00000
Marinobacter persicus	930118	S	31	56	87	0.00000
Marinobacter profundi	2666256	S	22	22	44	0.00000
Marinobacter alexandrii	2570351	S	19	10	29	0.00000
Marinobacter lipolyticus	209639	S	18	20	38	0.00000
Marinobacter denitrificans	2597703	S	16	29	45	0.00000
Marinobacter antarcticus	564117	S	14	10	24	0.00000
Pseudomonadales bacterium	1891229	S	383	223	606	0.00002
uncultured Pseudomonadales bacterium	332614	S	15	10	25	0.00000
Halomonas taeanensis	284577	S	8065	3865	11930	0.00034
Halomonas lionensis	1144478	S	7603	27730	35333	0.00100
Halomonas aquamarina	77097	S	6200	31272	37472	0.00106
Halomonas litopenaei	2109328	S	4950	6225	11175	0.00032
Halomonas piezotolerans	2609667	S	3561	5118	8679	0.00025
Halomonas salina	42565	S	3029	6085	9114	0.00026
Halomonas meridiana	29570	S	2652	4470	7122	0.00020
Halomonas sp. A40-4	2785909	S	1169	1505	2674	0.00008
Halomonas sp. UBA3074	1946584	S	308	467	775	0.00002
Halomonas sp.	1486246	S	59	45	104	0.00000
Halomonas sp. FME66	2742615	S	57	103	160	0.00000
Halomonas sp. 54_146	1635257	S	47	73	120	0.00000
Halomonas sp. HAL1	550984	S	17	46	63	0.00000
Halomonas sp. TD01	999141	S	14	19	33	0.00000
Halomonas alkaliantarctica	232346	S	718	1053	1771	0.00005
Halomonas zincidurans	1178777	S	391	288	679	0.00002
Halomonas salicampi	1449798	S	234	87	321	0.00001
Halomonas hamiltonii	502829	S	232	743	975	0.00003
Halomonas lutescens	1602943	S	168	73	241	0.00001
Halomonas sedimenti	2729618	S	71	128	199	0.00001
Halomonas xianhensis	442341	S	68	43	111	0.00000
Halomonas maris	2729617	S	62	201	263	0.00001
Halomonas glaciei	186761	S	47	160	207	0.00001
Halomonas stevensii	502821	S	46	222	268	0.00001
Halomonas sulfidaeris	115553	S	37	15	52	0.00000
Halomonas halocynthiae	176290	S	27	7	34	0.00000
Halomonas titanicae	664683	S	22	59	81	0.00000
Halomonas campaniensis	213554	S	19	31	50	0.00000
Halomonas cupida	44933	S	19	3	22	0.00000
Halomonas subterranea	416874	S	18	14	32	0.00000
Halomonas ventosae	229007	S	16	23	39	0.00000
Halomonas alkaliphila	272774	S	14	19	33	0.00000
Halomonas olivaria	390919	S	13	20	33	0.00000
Salinicola salarius	430457	S	5990	4922	10912	0.00031
Salinicola sp.	1978524	S	1348	2261	3609	0.00010
Salinicola peritrichatus	1267424	S	166	105	271	0.00001
Cobetia amphilecti	1055104	S	5333	4465	9798	0.00028
Cobetia crustatorum	553385	S	184	139	323	0.00001
Cobetia marina	28258	S	136	106	242	0.00001
Chromohalobacter israelensis	141390	S	3441	4604	8045	0.00023
Chromohalobacter salexigens	158080	S	26	41	67	0.00000
Chromohalobacter marismortui	42055	S	16	5	21	0.00000
Chromohalobacter japonicus	223900	S	13	27	40	0.00000
Kushneria konosiri	698828	S	79	80	159	0.00000
Halomonadaceae bacterium T82-2	1783518	S	15	87	102	0.00000
Thalassolituus sp. UBA674	1947666	S	15880	10118	25998	0.00074
Thalassolituus sp. UBA2107	1947659	S	9815	21921	31736	0.00090
Thalassolituus sp. UBA1087	1947651	S	106	21	127	0.00000
Thalassolituus oleivorans	187493	S	22	22	44	0.00000
Neptuniibacter sp. UBA6509	1946976	S	2817	1097	3914	0.00011
Oleibacter marinus	484498	S	1998	3172	5170	0.00015
Oleibacter sp.	2024845	S	93	64	157	0.00000
Oceanospirillaceae bacterium	1899355	S	1296	607	1903	0.00005
Oceanospirillaceae bacterium UBA1126	1952987	S	17	1	18	0.00000
Oceanobacter sp.	2030817	S	26	17	43	0.00000
Alloalcanivorax venustensis	172371	S	3878	15031	18909	0.00054
Alloalcanivorax gelatiniphagus	1194167	S	402	405	807	0.00002
Alloalcanivorax profundimaris	2735259	S	269	397	666	0.00002
Alloalcanivorax marinus	1177169	S	211	171	382	0.00001
Alloalcanivorax mobilis	2019569	S	18	5	23	0.00000
Alloalcanivorax dieselolei	285091	S	15	13	28	0.00000
Alcanivorax sp. DSM 26293	1798238	S	921	1579	2500	0.00007
Alcanivorax sp.	1872427	S	607	610	1217	0.00003
Alcanivorax sp. UBA4485	1945988	S	149	210	359	0.00001
Alcanivorax jadensis	64988	S	40	35	75	0.00000
Alcanivorax hongdengensis	519051	S	31	27	58	0.00000
Alcanivorax borkumensis	59754	S	14	8	22	0.00000
Ketobacter sp.	2083498	S	206	88	294	0.00001
Ketobacter sp. MCCC 1A13808	2602738	S	151	68	219	0.00001
Alcanivoracaceae bacterium	2024895	S	104	151	255	0.00001
Endozoicomonas sp. G2_2	2821092	S	5860	12997	18857	0.00053
Acidiferrobacteraceae bacterium	2024893	S	127758	188527	316285	0.00896
Acidiferrobacter sp.	1872107	S	236	815	1051	0.00003
uncultured Gammaproteobacteria bacterium	86473	S	97486	42540	140026	0.00397
Legionella sp.	459	S	44211	2868	47079	0.00133
Legionella sp. km772	2498111	S	90	12	102	0.00000
Legionella drancourtii	168933	S	35	9	44	0.00000
Legionella septentrionalis	2498109	S	16	4	20	0.00000
Legionella rowbothamii	96229	S	14	2	16	0.00000
Legionellales bacterium	2026754	S	14029	3977	18006	0.00051
Coxiellaceae bacterium	2026727	S	19	2	21	0.00000
Thiotrichales bacterium	2026796	S	23764	6145	29909	0.00085
Methylophaga sp.	2024840	S	1455	868	2323	0.00007
Methylophaga sp. UBA2689	1946878	S	27	103	130	0.00000
Methylophaga aminisulfidivorans	230105	S	23	39	62	0.00000
Cycloclasticus sp.	2024830	S	534	357	891	0.00003
Piscirickettsiaceae bacterium	2030828	S	29	6	35	0.00000
uncultured Francisellaceae bacterium	393692	S	666	11	677	0.00002
Francisella adeliensis	2007306	S	12	3	15	0.00000
Thiotrichaceae bacterium	2030882	S	136	26	162	0.00000
Thiotrichaceae bacterium UBA7357	1953016	S	19	9	28	0.00000
uncultured Thiothrix sp.	223185	S	91	17	108	0.00000
Beggiatoa sp. 4572_84	1972449	S	12	0	12	0.00000
Salinisphaera sp. UBA6602	1947455	S	4894	5649	10543	0.00030
Salinisphaera sp. UBA1666	1947454	S	3450	2553	6003	0.00017
Salinisphaera sp.	1914330	S	1948	1502	3450	0.00010
Salinisphaera shabanensis	180542	S	8955	6662	15617	0.00044
Salinisphaera japonica	1304270	S	663	1053	1716	0.00005
Salinisphaera orenii	856731	S	177	558	735	0.00002
Salinisphaera halophila	1304158	S	119	426	545	0.00002
Salinisphaera hydrothermalis	563188	S	32	10	42	0.00000
Abyssibacter profundi	2182787	S	34	12	46	0.00000
Woeseiaceae bacterium	2026806	S	13152	12149	25301	0.00072
uncultured Woeseiaceae bacterium	1983305	S	239	29	268	0.00001
Woeseia sp.	1980636	S	88	11	99	0.00000
Rheinheimera aquimaris	412437	S	8971	6596	15567	0.00044
Arsukibacterium sp. UBA5043	1946062	S	699	228	927	0.00003
Allochromatium humboldtianum	504901	S	24	15	39	0.00000
Chromatiales bacterium	2026725	S	140	25	165	0.00000
Ectothiorhodospiraceae bacterium	2026737	S	27	5	32	0.00000
Halothiobacillaceae bacterium UBA5861	1951926	S	18	5	23	0.00000
Psychrobacter submarinus	154108	S	3210	3674	6884	0.00020
Psychrobacter pacificensis	112002	S	184	644	828	0.00002
Psychrobacter sp.	56811	S	28	2	30	0.00000
Psychrobacter sp. Cmf 22.2	1926478	S	17	8	25	0.00000
Psychrobacter sp. Choline-02u-9	2058310	S	15	128	143	0.00000
Psychrobacter celer	306572	S	94	98	192	0.00001
Psychrobacter piscatorii	554343	S	24	49	73	0.00000
Acinetobacter sp. ANC 4204	1977884	S	420	418	838	0.00002
Acinetobacter baylyi	202950	S	251	154	405	0.00001
Acinetobacter venetianus	52133	S	25	22	47	0.00000
Acinetobacter johnsonii	40214	S	17	52	69	0.00000
Acinetobacter ursingii	108980	S	16	38	54	0.00000
Acinetobacter junii	40215	S	13	41	54	0.00000
Moraxellaceae bacterium REDSEA-S32_B1	1811612	S	23	7	30	0.00000
SAR92 clade bacterium	2315479	S	1839	1412	3251	0.00009
gamma proteobacterium HTCC2207	314287	S	121	35	156	0.00000
Porticoccaceae bacterium	2026782	S	817	490	1307	0.00004
Porticoccaceae bacterium UBA1117	1952748	S	292	42	334	0.00001
Porticoccus sp.	2024853	S	84	66	150	0.00000
Halioglobus sp.	2024834	S	320	214	534	0.00002
Halioglobus pacificus	930806	S	132	24	156	0.00000
Halioglobus japonicus	930805	S	55	4	59	0.00000
Halieaceae bacterium UBA5085	1951918	S	90	71	161	0.00000
Halieaceae bacterium	2026743	S	62	18	80	0.00000
Haliea sp.	1932666	S	36	6	42	0.00000
Cellvibrionales bacterium UBA1854	1950784	S	473	175	648	0.00002
Cellvibrionales bacterium UBA2511	1950788	S	22	25	47	0.00000
Sinobacterium caligoides	933926	S	225	5	230	0.00001
Spongiibacter marinus	354246	S	69	77	146	0.00000
Spongiibacter tropicus	454602	S	35	38	73	0.00000
Spongiibacter sp. IMCC21906	1620392	S	33	23	56	0.00000
marine gamma proteobacterium HTCC2143	247633	S	43	3	46	0.00000
Zhongshania aliphaticivorans	1470434	S	12	2	14	0.00000
Cellvibrio mixtus	39650	S	132	5	137	0.00000
Gilvimarinus agarilyticus	679259	S	68	33	101	0.00000
Cellvibrionaceae bacterium	2026723	S	15	6	21	0.00000
Photobacterium sp. SKA34	121723	S	309	773	1082	0.00003
Photobacterium kishitanii	318456	S	202	168	370	0.00001
Photobacterium angustum	661	S	52	133	185	0.00001
Photobacterium malacitanum	2204294	S	19	33	52	0.00000
Vibrio sagamiensis	512650	S	56	50	106	0.00000
Vibrio sp. AND4	314289	S	22	12	34	0.00000
Vibrio sp. HI00D65	1822216	S	33	268	301	0.00001
Vibrio caribbeanicus	701175	S	36	6	42	0.00000
Vibrio aquimaris	2587862	S	13	35	48	0.00000
Vibrio tasmaniensis	212663	S	12	194	206	0.00001
Veronia nyctiphanis	1278244	S	12	2	14	0.00000
Xanthomonadales bacterium	2006849	S	1627	474	2101	0.00006
Methylococcales bacterium OPU3_GD_OMZ	1920888	S	592	240	832	0.00002
Methylococcaceae bacterium UBA1147	1952219	S	359	99	458	0.00001
Methylococcaceae bacterium	1933926	S	12	3	15	0.00000
Escherichia coli	562	S	16	198	214	0.00001
Providencia huaxiensis	2027290	S	21	30	51	0.00000
[Pantoea] beijingensis	1324864	S	14	7	21	0.00000
Rouxiella badensis	1646377	S	17	7	24	0.00000
Polycyclovorans sp.	2024852	S	34	86	120	0.00000
Solimonas marina	2714601	S	15	7	22	0.00000
Mannheimia sp. USDA-ARS-USMARC-1261	1432056	S	36	19	55	0.00000
Candidatus Spongiihabitans thiooxidans	1671877	S	12	0	12	0.00000
Pseudomonadota bacterium	1977087	S	25291	12701	37992	0.00108
Proteobacteria bacterium UBA1148	1948131	S	14009	3812	17821	0.00050
Proteobacteria bacterium TMED61	1986601	S	1797	5157	6954	0.00020
Proteobacteria bacterium UBA6522	1948196	S	561	345	906	0.00003
Proteobacteria bacterium UBA2996	1948156	S	295	367	662	0.00002
Proteobacteria bacterium UBA2133	1948144	S	216	12	228	0.00001
Proteobacteria bacterium UBA6503	1948193	S	170	36	206	0.00001
Proteobacteria bacterium UBA7447	1948216	S	39	68	107	0.00000
Proteobacteria bacterium UBA4457	1948174	S	17	66	83	0.00000
Proteobacteria bacterium UBA5680	1948185	S	16	4	20	0.00000
Cupriavidus sp. 2SB	2502199	S	2451	1222	3673	0.00010
Cupriavidus pauculus	82633	S	284	229	513	0.00001
Limnobacter sp. SAORIC-580	2732163	S	116	336	452	0.00001
Limnobacter alexandrii	2570352	S	50	23	73	0.00000
Ralstonia insidiosa	190721	S	20	28	48	0.00000
Ralstonia pickettii	329	S	17	43	60	0.00000
Paraburkholderia azotifigens	2057004	S	18	6	24	0.00000
Herbaspirillum huttiense	863372	S	331	980	1311	0.00004
Herminiimonas sp. KBW02	2153363	S	177	304	481	0.00001
Herminiimonas contaminans	1111140	S	38	139	177	0.00001
Curvibacter sp.	1888168	S	338	273	611	0.00002
Acidovorax delafieldii	47920	S	136	312	448	0.00001
Delftia tsuruhatensis	180282	S	61	203	264	0.00001
Ottowia sp.	1898956	S	56	52	108	0.00000
uncultured Burkholderiales bacterium	208544	S	225	118	343	0.00001
Pusillimonas sp. UBA3987	1947369	S	23	24	47	0.00000
Pusillimonas sp. (ex Stolz et al. 2005)	1979962	S	20	17	37	0.00000
Tepidimonas fonticaldi	1101373	S	19	75	94	0.00000
Nitrosomonadaceae bacterium	2026767	S	2839	675	3514	0.00010
uncultured Nitrosomonadaceae bacterium	207829	S	24	5	29	0.00000
Nitrosomonadales bacterium	2026761	S	88	24	112	0.00000
uncultured OM43 clade bacterium	1233500	S	73	2	75	0.00000
Methylobacillus sp.	56818	S	16	2	18	0.00000
uncultured Methylophilaceae bacterium	239732	S	14	3	17	0.00000
Gallionellaceae bacterium	2052162	S	13	2	15	0.00000
Betaproteobacteria bacterium	1891241	S	29	11	40	0.00000
uncultured beta proteobacterium	86027	S	14	5	19	0.00000
Candidatus Lambdaproteobacteria bacterium	2035771	S	1398	211	1609	0.00005
uncultured proteobacterium	153809	S	191	55	246	0.00001
zeta proteobacterium SCGC AB-137-C09	1131284	S	127	89	216	0.00001
Leeuwenhoekiella sp.	1977054	S	558294	119068	677362	0.01919
Leeuwenhoekiella sp. MAR_2009_132	1392489	S	46	12	58	0.00000
Leeuwenhoekiella palythoae	573501	S	165571	39957	205528	0.00582
Leeuwenhoekiella blandensis	360293	S	46253	16576	62829	0.00178
Leeuwenhoekiella nanhaiensis	1655491	S	3424	2328	5752	0.00016
Leeuwenhoekiella polynyae	1550906	S	668	1314	1982	0.00006
Leeuwenhoekiella marinoflava	988	S	482	269	751	0.00002
Leeuwenhoekiella aestuarii	2249426	S	60	101	161	0.00000
Flavobacteriaceae bacterium UBA4166	1951841	S	228688	3765	232453	0.00659
Flavobacteriaceae bacterium	1871037	S	107629	31437	139066	0.00394
Flavobacteriaceae bacterium UBA3611	1951834	S	5510	1272	6782	0.00019
Flavobacteriaceae bacterium UBA3356	1951828	S	187	132	319	0.00001
Flavobacteriaceae bacterium UBA7302	1951874	S	101	4	105	0.00000
Flavobacteriaceae bacterium PRS1	2483459	S	44	13	57	0.00000
Flavobacteriaceae bacterium UBA5534	1951857	S	26	8	34	0.00000
Mesonia oceanica	2687242	S	256885	54709	311594	0.00883
Mesonia mobilis	369791	S	11038	13702	24740	0.00070
Mesonia sp.	1960830	S	1109	1156	2265	0.00006
Mesonia aquimarina	1504967	S	916	290	1206	0.00003
Mesonia algae	213248	S	130	9	139	0.00000
Mesonia phycicola	579105	S	40	4	44	0.00000
Zunongwangia profunda	398743	S	148061	173058	321119	0.00910
Zunongwangia mangrovi	1334022	S	8571	3603	12174	0.00034
Zunongwangia atlantica	1502297	S	3764	1876	5640	0.00016
Zunongwangia sp. ESRF-bin46	2011156	S	36	30	66	0.00000
Euzebyella marina	1761453	S	143547	67510	211057	0.00598
Euzebyella saccharophila	679664	S	136	66	202	0.00001
Muricauda ruestringensis	111501	S	47001	33912	80913	0.00229
Muricauda oceanensis	2499163	S	4329	2931	7260	0.00021
Muricauda brasiliensis	2162892	S	1758	622	2380	0.00007
Muricauda sp.	192149	S	731	522	1253	0.00004
Muricauda sp. CP2A	1848189	S	158	100	258	0.00001
Muricauda sp. TMED12	1986608	S	136	91	227	0.00001
Muricauda sp. TY007	2683200	S	109	159	268	0.00001
Muricauda sp. MAR_2010_75	1250232	S	45	24	69	0.00000
Muricauda sp. ARW1Y1	2663843	S	29	7	36	0.00000
Muricauda sp. ARW7G5W	2135618	S	13	3	16	0.00000
Muricauda oceani	2698672	S	478	492	970	0.00003
Muricauda sediminis	2696468	S	461	379	840	0.00002
Muricauda hadalis	2597517	S	163	90	253	0.00001
Muricauda aequoris	2306997	S	149	122	271	0.00001
Muricauda lutimaris	475082	S	70	51	121	0.00000
Muricauda maritima	2306998	S	57	83	140	0.00000
Muricauda lutaonensis	516051	S	31	3	34	0.00000
Muricauda alvinocaridis	2530200	S	28	19	47	0.00000
Muricauda amoyensis	2169401	S	28	9	37	0.00000
Muricauda zhangzhouensis	1073328	S	26	5	31	0.00000
Muricauda aquimarina	254955	S	20	8	28	0.00000
Muricauda taeanensis	1005926	S	12	4	16	0.00000
Aquimarina sp.	1872586	S	36199	4304	40503	0.00115
Aquimarina longa	1080221	S	90	9	99	0.00000
Aquimarina agarilytica	1087449	S	29	1	30	0.00000
Aquimarina muelleri	279356	S	19	0	19	0.00000
Christiangramia flava	1486245	S	30664	5102	35766	0.00101
Gramella sp. Hel_I_59	1249978	S	304	32	336	0.00001
Christiangramia forsetii	411153	S	89	9	98	0.00000
Christiangramia bathymodioli	2541727	S	75	18	93	0.00000
Christiangramia portivictoriae	326069	S	52	4	56	0.00000
Christiangramia echinicola	279359	S	28	2	30	0.00000
Christiangramia fulva	2126553	S	13	0	13	0.00000
Salegentibacter mishustinae	270918	S	9713	18142	27855	0.00079
Salegentibacter sp. R32	1486285	S	751	213	964	0.00003
Salegentibacter sp. Hel_I_6	1250278	S	446	504	950	0.00003
Salegentibacter sp.	1903072	S	129	36	165	0.00000
Salegentibacter sp. 24	2183986	S	90	65	155	0.00000
Salegentibacter agarivorans	345907	S	230	298	528	0.00001
Salegentibacter salarius	435906	S	209	285	494	0.00001
Salegentibacter echinorum	1073325	S	71	10	81	0.00000
Salegentibacter maritimus	2794347	S	61	13	74	0.00000
Salegentibacter salinarum	447422	S	33	18	51	0.00000
Salegentibacter salegens	143223	S	19	11	30	0.00000
Salegentibacter holothuriorum	241145	S	18	7	25	0.00000
Aequorivita sp.	1872390	S	19558	9865	29423	0.00083
Aequorivita sp. UBA3180	1947773	S	149	79	228	0.00001
Aequorivita vladivostokensis	171194	S	115	61	176	0.00000
Aequorivita iocasae	2803865	S	100	68	168	0.00000
Aequorivita aquimaris	1548749	S	68	58	126	0.00000
Aequorivita echinoideorum	1549647	S	29	1	30	0.00000
Marinirhabdus gelatinilytica	1703343	S	18058	3496	21554	0.00061
Croceibacter atlanticus	313588	S	18012	2057	20069	0.00057
Joostella marina	453852	S	12079	4304	16383	0.00046
Flavobacterium sp.	239	S	2444	1214	3658	0.00010
Flavobacterium sp. SCGC AAA160-P02	1009412	S	16	4	20	0.00000
Flavobacterium profundi	1774945	S	840	1391	2231	0.00006
Pareuzebyella sediminis	2607998	S	5005	280	5285	0.00015
Maribacter dokdonensis	320912	S	1717	533	2250	0.00006
Maribacter cobaltidurans	1178778	S	1194	704	1898	0.00005
Maribacter litoralis	2059726	S	40	21	61	0.00000
Maribacter polysiphoniae	429344	S	40	27	67	0.00000
Maribacter sp. MJ134	2496865	S	15	1	16	0.00000
Maribacter sp. 4G9	1889777	S	13	6	19	0.00000
uncultured Maribacter sp.	431308	S	19	2	21	0.00000
Maribacter hydrothermalis	1836467	S	14	1	15	0.00000
Luteirhabdus pelagi	2792783	S	2279	363	2642	0.00007
Candidatus Ulvibacter alkanivorans	2267620	S	1687	376	2063	0.00006
Marixanthomonas ophiurae	387659	S	1308	382	1690	0.00005
Marixanthomonas spongiae	2174845	S	12	0	12	0.00000
Mesoflavibacter zeaxanthinifaciens	393060	S	584	307	891	0.00003
Mesoflavibacter profundi	2708110	S	40	20	60	0.00000
Winogradskyella sp.	1883156	S	447	103	550	0.00002
Winogradskyella sp. PG-2	754409	S	27	4	31	0.00000
Winogradskyella ursingii	2686079	S	16	4	20	0.00000
Winogradskyella epiphytica	262005	S	14	4	18	0.00000
Winogradskyella jejuensis	1089305	S	12	15	27	0.00000
Gilvibacter sp. SZ-19	754429	S	425	64	489	0.00001
Altibacter sp.	2024823	S	163	12	175	0.00000
Altibacter lentus	1223410	S	152	37	189	0.00001
Pricia antarctica	641691	S	167	4	171	0.00000
uncultured Flavobacteriaceae bacterium	165436	S	142	52	194	0.00001
Flavimarina sp. Hel_I_48	1392488	S	83	15	98	0.00000
Arenibacter troitsensis	188872	S	19	19	38	0.00000
Arenibacter hampyeongensis	1028743	S	12	7	19	0.00000
Polaribacter atrinae	1333662	S	38	9	47	0.00000
Polaribacter vadi	1774273	S	15	2	17	0.00000
Nonlabens dokdonensis	328515	S	19	1	20	0.00000
Nonlabens spongiae	331648	S	19	3	22	0.00000
Nonlabens marinus	930802	S	13	1	14	0.00000
Gillisia sp. CAL575	985255	S	50	2	52	0.00000
Aureitalea marina	930804	S	51	2	53	0.00000
Tenacibaculum sp. SG-28	754426	S	23	10	33	0.00000
Mangrovimonas yunxiaonensis	1197477	S	34	6	40	0.00000
Salinimicrobium marinum	680283	S	23	0	23	0.00000
Salinimicrobium nanhaiense	2722701	S	12	0	12	0.00000
Antarcticibacterium flavum	2058175	S	27	5	32	0.00000
Bizionia echini	649333	S	23	5	28	0.00000
Tamlana fucoidanivorans	2583814	S	18	2	20	0.00000
Meridianimaribacter flavus	571115	S	22	4	26	0.00000
Dokdonia sp. Hel1_53	1566287	S	20	2	22	0.00000
Haloflavibacter putidus	2576776	S	19	0	19	0.00000
Confluentibacter sediminis	2219045	S	13	3	16	0.00000
Owenweeksia sp.	2024847	S	24729	1329	26058	0.00074
Flavobacteriales bacterium	2021391	S	13734	2873	16607	0.00047
Flavobacteriales bacterium UBA7878	1951087	S	305	207	512	0.00001
Flavobacteriales bacterium UBA6770	1951056	S	105	11	116	0.00000
Flavobacteriales bacterium TMED123	1986721	S	90	259	349	0.00001
Flavobacteriales bacterium TMED113	1986662	S	66	6	72	0.00000
Flavobacteriales bacterium UBA2669	1950982	S	36	25	61	0.00000
Flavobacteriales bacterium TMED191	1986723	S	15	0	15	0.00000
Crocinitomicaceae bacterium	2026728	S	617	140	757	0.00002
Fluviicola sp.	1917219	S	25	3	28	0.00000
Cryomorphaceae bacterium	1898111	S	360	155	515	0.00001
Cryomorphaceae bacterium MED-G11	1986259	S	26	30	56	0.00000
Cryomorphaceae bacterium BACL29 MAG-121220-bin8	1655598	S	18	5	23	0.00000
Acidiluteibacter ferrifornacis	2692424	S	105	17	122	0.00000
Empedobacter falsenii	343874	S	42	57	99	0.00000
uncultured Flavobacteriales bacterium	213322	S	79	23	102	0.00000
Flavobacteria bacterium MS024-2A	487796	S	14	27	41	0.00000
Cytophagaceae bacterium	2026729	S	117170	29751	146921	0.00416
Cytophaga sp. FL35	1904456	S	920	584	1504	0.00004
Algoriphagus algorifonticola	2593007	S	402	928	1330	0.00004
Algoriphagus ornithinivorans	226506	S	309	590	899	0.00003
Algoriphagus iocasae	1836499	S	43	29	72	0.00000
Cyclobacterium marinum	104	S	616	94	710	0.00002
Echinicola vietnamensis	390884	S	68	14	82	0.00000
Marivirga atlantica	1548457	S	1936	223	2159	0.00006
Marivirga lumbricoides	1046115	S	631	201	832	0.00002
Roseivirga pacifica	1267423	S	269	34	303	0.00001
Roseivirga seohaensis	1914963	S	91	134	225	0.00001
Roseivirga spongicola	333140	S	15	3	18	0.00000
Flammeovirgaceae bacterium	2026740	S	364	31	395	0.00001
Flammeovirgaceae bacterium UBA7330	1951792	S	62	4	66	0.00000
uncultured Marinoscillum sp.	932004	S	260	28	288	0.00001
Cytophagia bacterium	2026730	S	12	2	14	0.00000
Bacteroidota bacterium	1898104	S	6480	536	7016	0.00020
Bacteroidetes bacterium MED-G21	1986267	S	15	0	15	0.00000
Bacteroidetes bacterium SCGC AAA795-G10	2175803	S	12	17	29	0.00000
uncultured Bacteroidetes bacterium	152509	S	5376	847	6223	0.00018
Bacteroidales bacterium	2030927	S	604	139	743	0.00002
Prevotella sp.	59823	S	18	11	29	0.00000
Prevotellaceae bacterium UBA7017	1952525	S	26	8	34	0.00000
uncultured Bacteroidales bacterium	194843	S	50	24	74	0.00000
Rikenellaceae bacterium	2049048	S	18	7	25	0.00000
Mariniphaga sp.	1954475	S	20	0	20	0.00000
Saprospirales bacterium	2026790	S	40	4	44	0.00000
Saprospiraceae bacterium UBA7328	1952882	S	20	0	20	0.00000
Chitinophagaceae bacterium	1869212	S	15	1	16	0.00000
Rubrivirga sp. SAORIC476	1961794	S	75704	40830	116534	0.00330
Rubrivirga sp.	1885344	S	553	688	1241	0.00004
Rubrivirga marina	1196024	S	288	151	439	0.00001
Rubricoccus marinus	716817	S	194	8	202	0.00001
Rhodothermaeota bacterium MED-G19	1986240	S	92	3	95	0.00000
Balneola sp.	2024824	S	533	550	1083	0.00003
Balneola sp. EhC07	1849360	S	45	212	257	0.00001
Balneolaceae bacterium UBA7797	1951519	S	1058	194	1252	0.00004
Balneolaceae bacterium UBA3186	1951498	S	49	30	79	0.00000
Balneolaceae bacterium	2053516	S	29	1	30	0.00000
Ignavibacteriota bacterium	2026749	S	38	1	39	0.00000
Candidatus Marinimicrobia bacterium	2026760	S	1674757	479181	2153938	0.06102
Candidatus Marinimicrobia bacterium UBA1611	1953216	S	86269	57072	143341	0.00406
Candidatus Marinimicrobia bacterium UBA7303	1953256	S	61834	35109	96943	0.00275
Candidatus Marinimicrobia bacterium UBA2125	1953217	S	5104	8763	13867	0.00039
Marinimicrobia bacterium SCGC AAA003-L08	939844	S	2787	31	2818	0.00008
Marinimicrobia bacterium TCS55	1781246	S	1453	228	1681	0.00005
Candidatus Marinimicrobia bacterium UBA7301	1953255	S	903	196	1099	0.00003
Candidatus Marinimicrobia bacterium UBA6931	1953249	S	866	75	941	0.00003
uncultured Candidatus Marinimicrobia bacterium	195045	S	573	338	911	0.00003
Candidatus Marinimicrobia bacterium UBA6531	1953244	S	553	416	969	0.00003
Candidatus Marinimicrobia bacterium UBA1134	1953213	S	495	155	650	0.00002
Candidatus Marinimicrobia bacterium UBA2986	1953231	S	336	25	361	0.00001
Candidatus Marinimicrobia bacterium REDSEA-S14_B6	1811603	S	323	64	387	0.00001
Candidatus Marinimicrobia bacterium UBA7308	1953257	S	282	24	306	0.00001
Candidatus Marinimicrobia bacterium 408169	1958814	S	150	24	174	0.00000
Candidatus Marinimicrobia bacterium UBA7300	1953254	S	132	86	218	0.00001
Candidatus Marinimicrobia bacterium UBA2980	1953230	S	82	21	103	0.00000
Marinimicrobia bacterium SCGC AAA160-I06	1007123	S	38	39	77	0.00000
Gemmatimonadota bacterium	2026742	S	273858	84466	358324	0.01015
Gemmatimonadales bacterium UBA7889	1951131	S	19775	94076	113851	0.00323
Gemmatimonadales bacterium UBA1120	1951099	S	18530	161635	180165	0.00510
Gemmatimonadales bacterium UBA2988	1951110	S	2541	68	2609	0.00007
Gemmatimonadales bacterium UBA2989	1951111	S	1393	1046	2439	0.00007
Gemmatimonadales bacterium UBA2982	1951109	S	1196	18	1214	0.00003
Gemmatimonadales bacterium UBA1142	1951102	S	685	355	1040	0.00003
Gemmatimonadales bacterium UBA7835	1951129	S	58	85	143	0.00000
Gemmatimonadales bacterium UBA2960	1951105	S	17	57	74	0.00000
Gemmatimonadaceae bacterium	2026741	S	338	159	497	0.00001
Candidatus Latescibacteria bacterium	2053570	S	8127	1294	9421	0.00027
Latescibacteria bacterium UBA6620	1948115	S	551	6	557	0.00002
Candidatus Hydrogenedentes bacterium	2030809	S	131	14	145	0.00000
Chloroflexota bacterium	2026724	S	743939	95327	839266	0.02378
Chloroflexi bacterium UBA6622	1947840	S	1552	5574	7126	0.00020
Chloroflexi bacterium TMED70	1986676	S	12	27	39	0.00000
SAR202 cluster bacterium	2030829	S	532030	314850	846880	0.02399
SAR202 cluster bacterium AC-647-P02_OGT_505m	2587832	S	52786	13586	66372	0.00188
SAR202 cluster bacterium AC-647-N09_OGT_505m	2587833	S	3742	102	3844	0.00011
SAR202 cluster bacterium AC-409-J13_OGT_754m	2587834	S	1533	13	1546	0.00004
SAR202 cluster bacterium AD-804-J14_MRT_500m	2587836	S	682	2	684	0.00002
SAR202 cluster bacterium Io17-Chloro-G7	1926616	S	101	0	101	0.00000
SAR202 cluster bacterium Io17-Chloro-G6	1926615	S	75	1	76	0.00000
SAR202 cluster bacterium Io17-Chloro-G4	1926613	S	32	0	32	0.00000
Dehalococcoidia bacterium	2026734	S	262016	33364	295380	0.00837
Dehalococcoidia bacterium UBA6495	1948511	S	54445	62011	116456	0.00330
Dehalococcoidia bacterium UBA7891	1948532	S	38008	26628	64636	0.00183
Dehalococcoidia bacterium UBA1123	1948467	S	9899	11071	20970	0.00059
Dehalococcoidia bacterium UBA1122	1948466	S	7315	754	8069	0.00023
Dehalococcoidia bacterium UBA2158	1948480	S	3538	2320	5858	0.00017
Dehalococcoidia bacterium UBA1141	1948469	S	1896	336	2232	0.00006
Dehalococcoidia bacterium UBA1151	1948470	S	1223	173	1396	0.00004
Dehalococcoidia bacterium UBA1152	1948471	S	576	318	894	0.00003
Dehalococcoidia bacterium UBA6926	1948518	S	513	52	565	0.00002
Dehalococcoidia bacterium UBA7894	1948533	S	324	267	591	0.00002
Dehalococcoidia bacterium UBA1127	1948468	S	275	13	288	0.00001
Dehalococcoidia bacterium UBA6627	1948514	S	138	35	173	0.00000
Dehalococcoidia bacterium UBA2588	1948485	S	49	126	175	0.00000
Dehalococcoidia bacterium UBA6952	1948522	S	32	98	130	0.00000
Dehalococcoidia bacterium UBA2160	1948481	S	20	3	23	0.00000
uncultured Dehalococcoidales bacterium	2006128	S	386	58	444	0.00001
Dehalococcoidales bacterium	2026733	S	256	29	285	0.00001
Anaerolineales bacterium UBA3001	1950202	S	1970	4074	6044	0.00017
Anaerolineales bacterium UBA1136	1950187	S	1001	180	1181	0.00003
Anaerolineales bacterium UBA832	1950226	S	885	1045	1930	0.00005
Anaerolineales bacterium UBA3499	1950205	S	714	1134	1848	0.00005
Anaerolineaceae bacterium	2024896	S	878	88	966	0.00003
Acidimicrobiaceae bacterium	2024894	S	375507	118751	494258	0.01400
Candidatus Microthrix sp. UBA4542	1946188	S	112718	78275	190993	0.00541
Candidatus Microthrix sp. UBA2110	1946164	S	5322	18028	23350	0.00066
Candidatus Microthrix sp. UBA7388	1946207	S	547	24	571	0.00002
Candidatus Microthrix sp. UBA3125	1946176	S	365	546	911	0.00003
Candidatus Microthrix sp. UBA2131	1946167	S	311	447	758	0.00002
Candidatus Microthrix sp. UBA814	1946218	S	216	56	272	0.00001
Candidatus Microthrix sp. UBA672	1946197	S	181	144	325	0.00001
Candidatus Microthrix sp. UBA2974	1946174	S	119	11	130	0.00000
Candidatus Microthrix sp. UBA6944	1946199	S	49	26	75	0.00000
Candidatus Microthrix sp. UBA2983	1946175	S	38	20	58	0.00000
Candidatus Microthrix sp. UBA7884	1946214	S	20	41	61	0.00000
Candidatus Microthrix sp. UBA825	1946219	S	12	2	14	0.00000
Acidimicrobiales bacterium	2201156	S	82722	35471	118193	0.00335
Acidimicrobiales bacterium MED-G01	1986263	S	1151	286	1437	0.00004
Acidimicrobiales bacterium AG-410-I20	2162614	S	170	38	208	0.00001
Acidimicrobiales bacterium AG-414-N20	2162616	S	139	77	216	0.00001
Ilumatobacteraceae bacterium	2497619	S	2381	1454	3835	0.00011
Ilumatobacter fluminis	467091	S	115	18	133	0.00000
Acidimicrobiia bacterium	2080302	S	3025	1140	4165	0.00012
Microbacterium sp. UBA1097	1946941	S	96575	133951	230526	0.00653
Microbacterium sp.	51671	S	2118	1072	3190	0.00009
Microbacterium sp. 67-17	1895782	S	596	623	1219	0.00003
Microbacterium sp. H83	1827324	S	187	132	319	0.00001
Microbacterium sp. 5K110	2578104	S	25	23	48	0.00000
Microbacterium sp. oral taxon 186	712383	S	20	25	45	0.00000
Microbacterium sp. CBA3102	2603598	S	19	7	26	0.00000
Microbacterium sp. PF5	2305435	S	15	7	22	0.00000
Microbacterium sp. LCT-H2	1914306	S	15	24	39	0.00000
Microbacterium sp. 70-16	1895785	S	12	6	18	0.00000
Microbacterium sp. NIBRBAC000506063	2734618	S	12	2	14	0.00000
Microbacterium luteum	2782167	S	69508	139832	209340	0.00593
Microbacterium schleiferi	69362	S	487	298	785	0.00002
Microbacterium profundi	450380	S	278	116	394	0.00001
Microbacterium ginsengisoli	400772	S	256	167	423	0.00001
Microbacterium chocolatum	84292	S	74	31	105	0.00000
Microbacterium testaceum	2033	S	74	27	101	0.00000
Microbacterium lacticum	33885	S	35	39	74	0.00000
Microbacterium esteraromaticum	57043	S	35	12	47	0.00000
Microbacterium aurum	36805	S	23	16	39	0.00000
Microbacterium ihumii	2736605	S	22	21	43	0.00000
Microbacterium paraoxydans	199592	S	14	15	29	0.00000
Microbacterium marinum	421115	S	14	12	26	0.00000
Microbacteriaceae bacterium UBA1487	1952239	S	15935	12286	28221	0.00080
Leucobacter triazinivorans	1784719	S	460	118	578	0.00002
Leucobacter sp. Ag1	1642040	S	30	8	38	0.00000
Leucobacter sp. wl10	2304677	S	21	13	34	0.00000
Marinisubtilis pacificus	2591847	S	231	307	538	0.00002
Chryseoglobus indicus	2750620	S	57	74	131	0.00000
Microcella flavibacter	1804990	S	36	22	58	0.00000
Gulosibacter massiliensis	2479839	S	21	17	38	0.00000
uncultured Schumannella sp.	1195956	S	20	8	28	0.00000
Agrococcus sp. KRD186	2729730	S	13	3	16	0.00000
Demequina sp. NBRC 110052	1570341	S	6319	1987	8306	0.00024
Demequina lutea	431489	S	212	17	229	0.00001
Brevibacterium sp. W7.2	2823518	S	1397	3796	5193	0.00015
Brevibacterium sp. XM4083	2583238	S	79	238	317	0.00001
Brevibacterium casei	33889	S	318	452	770	0.00002
Brevibacterium yomogidense	946573	S	16	5	21	0.00000
Brevibacterium aurantiacum	273384	S	15	36	51	0.00000
Sediminivirga luteola	1774748	S	1348	998	2346	0.00007
Ornithinimicrobium sp. CNJ-824	1904966	S	578	242	820	0.00002
Serinicoccus chungangensis	767452	S	162	133	295	0.00001
Serinicoccus marinus	247333	S	76	79	155	0.00000
Kocuria palustris	71999	S	143	149	292	0.00001
Kocuria polaris	136273	S	93	160	253	0.00001
Kocuria rhizophila	72000	S	12	19	31	0.00000
Micrococcus luteus	1270	S	89	161	250	0.00001
Brachybacterium paraconglomeratum	173362	S	86	162	248	0.00001
Brachybacterium sp. Z12	2759167	S	16	24	40	0.00000
Brachybacterium endophyticum	2182385	S	12	5	17	0.00000
Janibacter indicus	857417	S	65	53	118	0.00000
Phycicoccus elongatus	101689	S	53	15	68	0.00000
Tetrasphaera australiensis	99480	S	27	11	38	0.00000
Micrococcales bacterium	2026762	S	218	82	300	0.00001
Calidifontibacter indicus	419650	S	98	48	146	0.00000
Dermacoccus nishinomiyaensis	1274	S	31	16	47	0.00000
Kytococcus sedentarius	1276	S	32	20	52	0.00000
Mycolicibacterium poriferae	39694	S	28517	56679	85196	0.00241
Mycolicibacterium hippocampi	659824	S	794	452	1246	0.00004
Mycolicibacterium flavescens	1776	S	217	376	593	0.00002
Mycolicibacterium wolinskyi	59750	S	173	52	225	0.00001
Mycolicibacterium novocastrense	59813	S	134	385	519	0.00001
Mycolicibacterium tusciae	75922	S	83	224	307	0.00001
Mycolicibacterium iranicum	912594	S	83	40	123	0.00000
Mycolicibacterium gilvum	1804	S	79	139	218	0.00001
Mycolicibacterium phocaicum	319706	S	74	219	293	0.00001
Mycolicibacterium sp. GF69	2267251	S	43	45	88	0.00000
Mycolicibacterium sp. TY81	2759662	S	13	49	62	0.00000
Mycolicibacterium vinylchloridicum	2736928	S	60	124	184	0.00001
Mycolicibacterium obuense	1807	S	55	24	79	0.00000
Mycolicibacterium fluoranthenivorans	258505	S	28	13	41	0.00000
Mycolicibacterium canariasense	228230	S	25	50	75	0.00000
Mycolicibacterium moriokaense	39691	S	13	4	17	0.00000
Mycobacterium sp. PO1	1882219	S	1711	2887	4598	0.00013
Mycobacterium sp. shizuoka-1	2039281	S	63	68	131	0.00000
Mycobacterium sp. ST-F2	1490484	S	28	58	86	0.00000
Mycobacterium sp. Root135	1736457	S	15	7	22	0.00000
Mycobacterium grossiae	1552759	S	14	8	22	0.00000
Gordonia sp. (in: high G+C Gram-positive bacteria)	84139	S	31833	14846	46679	0.00132
Gordonia asplenii	2725283	S	68	6	74	0.00000
Gordonia mangrovi	2665643	S	46	7	53	0.00000
Gordonia desulfuricans	89051	S	25	4	29	0.00000
Gordonia insulae	2420509	S	17	3	20	0.00000
Gordonia polyisoprenivorans	84595	S	14	4	18	0.00000
Corynebacterium tuberculostearicum	38304	S	25	129	154	0.00000
Corynebacterium casei	160386	S	14	22	36	0.00000
Dietzia maris	37915	S	38	39	77	0.00000
Nocardioides sp.	35761	S	17091	7646	24737	0.00070
Nocardioides sp. REDSEA-S33_B3	1811554	S	3614	3248	6862	0.00019
Nocardioides sp. Root140	1736460	S	22	11	33	0.00000
Nocardioides salarius	374513	S	317	210	527	0.00001
Nocardioides marinus	374514	S	247	202	449	0.00001
Nocardioides dokdonensis	450734	S	22	10	32	0.00000
Pimelobacter sp.	51662	S	20163	33031	53194	0.00151
Nocardioidaceae bacterium	1871072	S	422	73	495	0.00001
Aeromicrobium sp. A1-2	2107713	S	13	5	18	0.00000
Micropruina sp.	2737536	S	12	2	14	0.00000
Cutibacterium acnes	1747	S	261	433	694	0.00002
Cutibacterium granulosum	33011	S	12	3	15	0.00000
Actinomycetia bacterium	1883427	S	3431	1135	4566	0.00013
marine actinobacterium MedAcidi-G1	1550399	S	3315	951	4266	0.00012
OCS155 cluster bacterium AG-333-G23	2162605	S	307	386	693	0.00002
OCS155 cluster bacterium AG-422-J23	2162608	S	13	87	100	0.00000
marine actinobacterium MedAcidi-G2B	1550401	S	116	21	137	0.00000
marine actinobacterium MedAcidi-G3	1550402	S	17	5	22	0.00000
Actinobacteria bacterium UBA3120	1948337	S	13	10	23	0.00000
Actinobacteria bacterium UBA4426	1948339	S	12	7	19	0.00000
uncultured Candidatus Actinomarina sp.	1985113	S	780	827	1607	0.00005
Pseudonocardia alni	33907	S	323	439	762	0.00002
Streptomyces sp. SirexAA-E	862751	S	25	23	48	0.00000
Streptomyces sp. P3	2135430	S	15	17	32	0.00000
Actinomycetales bacterium	1911520	S	15	3	18	0.00000
Nakamurella multipartita	53461	S	21	3	24	0.00000
uncultured Actinomycetes bacterium	152507	S	18	6	24	0.00000
Euzebya pacifica	1608957	S	2366	800	3166	0.00009
Euzebya rosea	2052804	S	106	36	142	0.00000
Synechococcus sp. UW69	368493	S	1607	2575	4182	0.00012
Synechococcus sp. WH 8020	32052	S	1486	2266	3752	0.00011
Synechococcus sp. UW105	337067	S	1128	3212	4340	0.00012
Synechococcus sp. BL107	313625	S	768	2627	3395	0.00010
Synechococcus sp. CC9902	316279	S	666	752	1418	0.00004
Synechococcus sp. RCC307	316278	S	481	417	898	0.00003
Synechococcus sp. PROS-U-1	1400866	S	285	573	858	0.00002
Synechococcus sp.	1131	S	214	271	485	0.00001
Synechococcus sp. UW140	368503	S	171	477	648	0.00002
Synechococcus sp. M16.1	1442553	S	160	683	843	0.00002
Synechococcus sp. CC9616	110663	S	115	54	169	0.00000
Synechococcus sp. PROS-9-1	1968775	S	111	146	257	0.00001
Synechococcus sp. TMED19	1986596	S	89	71	160	0.00000
Synechococcus sp. ARS1019	2024878	S	67	28	95	0.00000
Synechococcus sp. AG-679-C18	2161967	S	60	15	75	0.00000
Synechococcus sp. MIT S9220	166309	S	45	125	170	0.00000
Synechococcus sp. CC9605	110662	S	41	88	129	0.00000
Synechococcus sp. KORDI-49	585423	S	35	38	73	0.00000
Synechococcus sp. MVIR-18-1	1386941	S	31	33	64	0.00000
Synechococcus sp. WH 8109	166314	S	27	81	108	0.00000
Synechococcus sp. UW179A	2575510	S	26	24	50	0.00000
Synechococcus sp. MED850	2024883	S	20	25	45	0.00000
Synechococcus sp. BS30m-G31	2781772	S	20	48	68	0.00000
Synechococcus sp. AG-686-F08	2161976	S	15	14	29	0.00000
Synechococcus sp. CC9311	64471	S	12	14	26	0.00000
Prochlorococcus sp. AG-409-L21	2162492	S	26	139	165	0.00000
Prochlorococcus marinus	1219	S	32	836	868	0.00002
uncultured Prochlorococcus sp.	159733	S	14	826	840	0.00002
Cyanobium sp. NAT70	2024872	S	21	19	40	0.00000
Aulosira sp. FACHB-615	2692777	S	43	9	52	0.00000
Anabaena sp. FACHB-1237	2692769	S	26	2	28	0.00000
Candidatus Marinamargulisbacteria bacterium SCGC AG-343-D04	2184343	S	238	3	241	0.00001
Candidatus Margulisbacteria bacterium	2053573	S	41	2	43	0.00000
Candidatus Melainabacteria bacterium	2052166	S	96	15	111	0.00000
Candidatus Saganbacteria bacterium	2575572	S	44	1	45	0.00000
Staphylococcus hominis	1290	S	104	49	153	0.00000
Staphylococcus saccharolyticus	33028	S	96	28	124	0.00000
Staphylococcus cohnii	29382	S	76	75	151	0.00000
Staphylococcus epidermidis	1282	S	72	121	193	0.00001
Staphylococcus warneri	1292	S	65	87	152	0.00000
Staphylococcus arlettae	29378	S	53	21	74	0.00000
Staphylococcus saprophyticus	29385	S	38	31	69	0.00000
Staphylococcus capitis	29388	S	30	13	43	0.00000
Staphylococcus haemolyticus	1283	S	22	37	59	0.00000
Staphylococcus sp. M0911	2025492	S	20	24	44	0.00000
Salinicoccus roseus	45670	S	312	135	447	0.00001
Abyssicoccus albus	1817405	S	21	7	28	0.00000
Marinococcus halotolerans	301092	S	18	124	142	0.00000
Streptococcus thermophilus	1308	S	14	81	95	0.00000
Marinilactibacillus piezotolerans	258723	S	13	6	19	0.00000
Bacilli bacterium	1903720	S	65	54	119	0.00000
Oscillospiraceae bacterium	2485925	S	317	46	363	0.00001
Ruminococcus flavefaciens	1265	S	44	4	48	0.00000
Lachnospiraceae bacterium	1898203	S	15	7	22	0.00000
uncultured Lachnospiraceae bacterium	297314	S	16	6	22	0.00000
Lachnoclostridium sp. UBA6558	1946697	S	12	3	15	0.00000
Clostridium sardiniense	29369	S	12	2	14	0.00000
Syntrophomonadaceae bacterium	2093811	S	22	3	25	0.00000
Firmicutes bacterium UBA6226	1948091	S	55	43	98	0.00000
Bacillota bacterium	1879010	S	44	12	56	0.00000
Mycoplasmataceae bacterium	2685873	S	335	49	384	0.00001
Mycoplasmatales bacterium	2023991	S	289	31	320	0.00001
Trueperaceae bacterium	2026798	S	412	47	459	0.00001
SAR324 cluster bacterium SAR324-CTD7B	1795556	S	438233	2492000	2930233	0.08301
uncultured SAR324 cluster bacterium	179114	S	229774	341810	571584	0.01619
SAR324 cluster bacterium REDSEA-S27_B3	1811637	S	35129	4908	40037	0.00113
SAR324 cluster bacterium	2024889	S	4683	335	5018	0.00014
SAR324 cluster bacterium JCVI-SC AAA005	1073573	S	218	173	391	0.00001
SAR324 cluster bacterium lautmerah10	1764262	S	203	111	314	0.00001
Deltaproteobacteria bacterium	2026735	S	133129	20073	153202	0.00434
Deltaproteobacteria bacterium UBA6930	1948562	S	445	52	497	0.00001
Deltaproteobacteria bacterium TMED58	1986674	S	62	12	74	0.00000
Planctomycetaceae bacterium	2026779	S	352320	31637	383957	0.01088
Planctomycetaceae bacterium TMED10	1986833	S	1051	169	1220	0.00003
Planctomycetaceae bacterium UBA2671	1952732	S	19	6	25	0.00000
Fuerstiella sp.	1936112	S	472	11	483	0.00001
Rubinisphaera brasiliensis	119	S	321	4	325	0.00001
Planctomyces sp.	37635	S	20	1	21	0.00000
Pirellulales bacterium	2715253	S	5682	246	5928	0.00017
Mariniblastus sp.	2005381	S	1651	121	1772	0.00005
Rhodopirellula sp.	2024855	S	1502	470	1972	0.00006
Rhodopirellula europaea	1263866	S	14	8	22	0.00000
Blastopirellula marina	124	S	286	10	296	0.00001
Blastopirellula sp.	2024826	S	94	14	108	0.00000
Rubripirellula sp.	1973111	S	15	1	16	0.00000
uncultured Pirellulaceae bacterium	2706754	S	12	0	12	0.00000
Botrimarina mediterranea	2528022	S	23	1	24	0.00000
Planctomycetota bacterium	2026780	S	229844	28372	258216	0.00732
Planctomycetes bacterium UBA1662	1948126	S	33821	49647	83468	0.00236
Planctomycetes bacterium UBA1135	1948124	S	1255	264	1519	0.00004
Planctomycetes bacterium UBA1146	1948125	S	59	31	90	0.00000
Planctomycetes bacterium TBK1r	2527963	S	55	10	65	0.00000
Planctomycetes bacterium UBA7888	1948130	S	19	0	19	0.00000
Phycisphaerales bacterium	2052180	S	2815	355	3170	0.00009
Phycisphaerales bacterium UBA1910	1951186	S	232	79	311	0.00001
Phycisphaerales bacterium UBA7812	1951207	S	48	13	61	0.00000
Phycisphaeraceae bacterium	2026777	S	1282	138	1420	0.00004
Phycisphaera sp. TMED24	1986832	S	344	196	540	0.00002
Phycisphaerae bacterium	2026778	S	1907	451	2358	0.00007
uncultured Planctomycetota bacterium	120965	S	138	35	173	0.00000
Candidatus Scalindua sp.	2268189	S	22	2	24	0.00000
Candidatus Scalindua rubra	1872076	S	13	0	13	0.00000
Verrucomicrobiota bacterium	2026799	S	174105	83732	257837	0.00730
Verrucomicrobia bacterium UBA673	1948281	S	1878	13668	15546	0.00044
Verrucomicrobia bacterium Opi.OSU.00C	2067063	S	1320	30	1350	0.00004
Verrucomicrobia bacterium UBA6775	1948282	S	45	298	343	0.00001
Verrucomicrobiales bacterium	2026801	S	56333	32863	89196	0.00253
Roseibacillus sp.	2024856	S	19622	21120	40742	0.00115
Verrucomicrobiaceae bacterium	2026800	S	112	33	145	0.00000
Akkermansiaceae bacterium UBA7890	1951374	S	1061	1967	3028	0.00009
Akkermansiaceae bacterium	2562705	S	18	13	31	0.00000
Akkermansiaceae bacterium UBA4145	1951361	S	12	67	79	0.00000
Akkermansiaceae bacterium UBA5689	1951366	S	12	51	63	0.00000
Verrucomicrobia subdivision 3 bacterium	2052186	S	224	57	281	0.00001
uncultured Verrucomicrobiales bacterium	100234	S	30	30	60	0.00000
Verrucomicrobiae bacterium	2499141	S	358	235	593	0.00002
Opitutae bacterium	2026771	S	4403	2268	6671	0.00019
Opitutae bacterium UBA7876	1948743	S	31	1	32	0.00000
uncultured Opitutales bacterium	592834	S	571	151	722	0.00002
Opitutales bacterium UBA2995	1951177	S	355	20	375	0.00001
Opitutales bacterium	2026772	S	43	18	61	0.00000
Opitutaceae bacterium	2006848	S	35	6	41	0.00000
Candidatus Moanabacter tarae	2200854	S	334	1	335	0.00001
Puniceicoccaceae bacterium	2026784	S	119	45	164	0.00000
uncultured Verrucomicrobiota bacterium	156588	S	1519	727	2246	0.00006
Chlamydiia bacterium	2052156	S	114	4	118	0.00000
uncultured Chlamydiae bacterium	305355	S	20	1	21	0.00000
Lentisphaera araneosa	256847	S	33	0	33	0.00000
Candidatus Poribacteria bacterium	2026781	S	366077	21648	387725	0.01098
Candidatus Campbellbacteria bacterium	2026716	S	25994	5273	31267	0.00089
Candidatus Uhrbacteria bacterium	2053634	S	18503	1798	20301	0.00058
Parcubacteria group bacterium	2026774	S	816	121	937	0.00003
Candidatus Magasanikbacteria bacterium	2026717	S	53	2	55	0.00000
Candidatus Paceibacter sp.	2715251	S	21	12	33	0.00000
Patescibacteria group bacterium	2052139	S	253	24	277	0.00001
Patescibacteria group bacterium UBA3527	1948812	S	88	1	89	0.00000
Patescibacteria group bacterium UBA3466	1948809	S	75	0	75	0.00000
Candidatus Woesebacteria bacterium	2026804	S	56	1	57	0.00000
Candidatus Saccharibacteria bacterium	2026720	S	24661	1999	26660	0.00076
Candidatus Saccharibacteria bacterium UBA2112	1953324	S	1547	12	1559	0.00004
Candidatus Saccharibacteria bacterium UBA4215	1953341	S	1404	78	1482	0.00004
Candidatus Dadabacteria bacterium UBA1144	1953208	S	1017	142	1159	0.00003
bacterium UBP10_UBA1149	1953411	S	17	20	37	0.00000
Candidatus Peribacter sp. UBA6535	1961374	S	12	0	12	0.00000
Candidatus Binatota bacterium	2528255	S	18	24	42	0.00000
Acidobacteriota bacterium	1978231	S	312512	39260	351772	0.00997
Acidobacteria bacterium UBA2999	1953107	S	7990	1292	9282	0.00026
Acidobacteria bacterium UBA2994	1953106	S	5373	15926	21299	0.00060
Acidobacteria bacterium UBA2990	1953105	S	1678	1502	3180	0.00009
Acidobacteria bacterium UBA823	1953113	S	718	471	1189	0.00003
Acidobacteria bacterium UBA2161	1953103	S	36	47	83	0.00000
Acidobacteriia bacterium UBA6623	1948748	S	1272	465	1737	0.00005
Kocuria sp. cx-455	2771377	S	33	47	80	0.00000
Candidatus Nitromaritima sp. SCGC AAA288-L16	913337	S	122876	41011	163887	0.00464
Nitrospina sp.	2024844	S	22962	10618	33580	0.00095
Nitrospina sp. LS_NOB	1671875	S	95	47	142	0.00000
Nitrospinaceae bacterium	2358456	S	618	218	836	0.00002
Nitrospinaceae bacterium UBA7883	1953054	S	176	10	186	0.00001
Nitrospinaceae bacterium UBA3496	1953053	S	24	12	36	0.00000
uncultured Nitrospinaceae bacterium	407034	S	742	630	1372	0.00004
Nitrospinota bacterium	2026769	S	153	25	178	0.00001
uncultured Nitrospinota bacterium	2448460	S	69	14	83	0.00000
Micavibrio sp. UBA1664	1946907	S	57186	13416	70602	0.00200
Micavibrio sp.	2024841	S	19643	5301	24944	0.00071
Micavibrio sp. TMED2	1986633	S	316	444	760	0.00002
Micavibrio sp. UBA2137	1946913	S	160	49	209	0.00001
Micavibrio sp. UBA1672	1946908	S	105	18	123	0.00000
Micavibrio sp. TMED27	1986607	S	79	99	178	0.00001
Micavibrio sp. UBA5572	1946924	S	47	8	55	0.00000
Pseudobdellovibrionaceae bacterium	2026715	S	1067	31	1098	0.00003
Bdellovibrio sp.	28201	S	16	3	19	0.00000
Bacteriovoracaceae bacterium	2081706	S	476	5	481	0.00001
Halobacteriovoraceae bacterium	2026745	S	316	14	330	0.00001
Halobacteriovorax sp.	2020862	S	33	4	37	0.00000
Oligoflexia bacterium	2599941	S	42	1	43	0.00000
Myxococcales bacterium UBA1660	1961462	S	44523	6894	51417	0.00146
Myxococcales bacterium	2026763	S	9882	711	10593	0.00030
Sandaracinus sp.	2024858	S	65	8	73	0.00000
bacterium	1869227	S	4656	7906	12562	0.00036
bacterium TMED88	1986661	S	133	16	149	0.00000
bacterium TMED46	1986782	S	49	119	168	0.00000
bacterium TMED6	1986783	S	16	3	19	0.00000
Nitrospiraceae bacterium UBA2166	1952976	S	2526	1866	4392	0.00012
Nitrospiraceae bacterium	2026770	S	47	9	56	0.00000
Nitrospira sp.	70125	S	12	3	15	0.00000
Nitrospirales bacterium	2358460	S	839	79	918	0.00003
Sulfurimonas sp.	2022749	S	3150	557	3707	0.00011
Sulfurospirillum sp.	2053622	S	13	1	14	0.00000
Spirochaetaceae bacterium	1898206	S	1725	135	1860	0.00005
Spirochaeta sp.	28185	S	133	19	152	0.00000
Spirochaetales bacterium	2026792	S	422	37	459	0.00001
Leptospirales bacterium	2604146	S	122	1	123	0.00000
Leptospira gomenensis	2484974	S	19	0	19	0.00000
Spirochaetia bacterium	2053615	S	12	6	18	0.00000
uncultured bacterium	77133	S	145	434	579	0.00002
uncultured PS1 clade bacterium	1118065	S	21	55	76	0.00000
Desulforhopalus singaporensis	91360	S	50	0	50	0.00000
Candidatus Desulfobacula maris	2841694	S	26	24	50	0.00000
Marine Group I thaumarchaeote	2511932	S	588424	3322446	3910870	0.11080
Thaumarchaeota archaeon SCGC AAA007-O23	913333	S	103956	1036685	1140641	0.03231
uncultured marine group I thaumarchaeote	360837	S	35195	80630	115825	0.00328
Marine Group I thaumarchaeote SCGC AAA799-O18	1502294	S	6415	3619	10034	0.00028
Candidatus Nitrosopelagicus sp.	2026808	S	95727	513087	608814	0.01725
Nitrosopelagicus sp. REDSEA-S31_B2	1811586	S	89	119	208	0.00001
Candidatus Nitrosopelagicus brevis	1410606	S	2075	8247	10322	0.00029
Nitrososphaerota archaeon	2026795	S	212801	313889	526690	0.01492
Thaumarchaeota archaeon UBA141	1915753	S	486	2839	3325	0.00009
Thaumarchaeota archaeon UBA223	1915758	S	107	20	127	0.00000
Thaumarchaeota archaeon casp-thauma4	1661714	S	16	13	29	0.00000
uncultured Candidatus Nitrosopumilus sp.	517606	S	13489	50557	64046	0.00181
Nitrosopumilus sp.	2024843	S	5610	11264	16874	0.00048
Nitrosopumilus sp. BACL13 MAG-121220-bin23	1655561	S	54	230	284	0.00001
Nitrosopumilus sp. Nsub	1776294	S	32	193	225	0.00001
Candidatus Nitrosomarinus sp.	2478979	S	178	2725	2903	0.00008
Candidatus Nitrosomarinus catalina	1898749	S	53	1499	1552	0.00004
Nitrosopumilaceae archaeon	2202732	S	27	140	167	0.00000
Nitrososphaerales archaeon TH5895	2721602	S	53	0	53	0.00000
Candidatus Methanosuratincola sp.	2495426	S	1979	1485	3464	0.00010
Candidatus Bathyarchaeota archaeon	2026714	S	71	16	87	0.00000
Euryarchaeota archaeon UBA528	1915914	S	307507	243754	551261	0.01562
Marine Group II euryarchaeote MED-G34	2007295	S	22818	12000	34818	0.00099
Euryarchaeota archaeon UBA175	1915821	S	13215	11663	24878	0.00070
Candidatus Poseidoniales archaeon	2163009	S	6330	3647	9977	0.00028
Euryarchaeota archaeon UBA623	1915969	S	3692	1425	5117	0.00014
Euryarchaeota archaeon UBA54	1915920	S	2458	4077	6535	0.00019
Euryarchaeota archaeon UBA105	1915785	S	1701	3562	5263	0.00015
Euryarchaeota archaeon UBA126	1915801	S	522	814	1336	0.00004
Euryarchaeota archaeon UBA58	1915943	S	376	135	511	0.00001
Euryarchaeota archaeon UBA463	1915893	S	150	90	240	0.00001
Marine Group II euryarchaeote MED-G36	2007297	S	114	44	158	0.00000
Euryarchaeota archaeon UBA60	1915951	S	109	1	110	0.00000
Euryarchaeota archaeon UBA605	1915957	S	97	144	241	0.00001
Euryarchaeota archaeon UBA596	1915947	S	87	63	150	0.00000
Euryarchaeota archaeon UBA62	1915965	S	70	39	109	0.00000
Euryarchaeota archaeon UBA443	1915890	S	42	37	79	0.00000
Marine Group II euryarchaeote MED-G33	2007294	S	40	4	44	0.00000
Euryarchaeota archaeon UBA173	1915819	S	38	118	156	0.00000
Euryarchaeota archaeon UBA82	1915974	S	33	37	70	0.00000
Euryarchaeota archaeon UBA103	1915783	S	32	16	48	0.00000
Euryarchaeota archaeon UBA257	1915865	S	20	54	74	0.00000
Euryarchaeota archaeon UBA59	1915945	S	18	0	18	0.00000
Marine group II euryarchaeote REDSEA-S43_B8	1811660	S	18	60	78	0.00000
Marine Group II euryarchaeote MED-G37	2007298	S	16	3	19	0.00000
Euryarchaeota archaeon UBA19	1915829	S	15	14	29	0.00000
Euryarchaeota archaeon UBA242	1915855	S	15	10	25	0.00000
Candidatus Thalassarchaeaceae archaeon	2670411	S	13310	7778	21088	0.00060
Candidatus Thalassoarchaea betae	2599289	S	1912	943	2855	0.00008
uncultured Candidatus Poseidoniales archaeon	274854	S	380	230	610	0.00002
Candidatus Poseidoniaceae archaeon	2666346	S	271	200	471	0.00001
Euryarchaeota archaeon UBA136	1915770	S	72849	215593	288442	0.00817
Marine Group III euryarchaeote CG-Bathy1	1889001	S	7344	2452	9796	0.00028
Euryarchaeota archaeon UBA102	1915769	S	599	312	911	0.00003
uncultured marine group III euryarchaeote	360836	S	276	39	315	0.00001
Euryarchaeota archaeon UBA488	1915775	S	179	412	591	0.00002
Marine Group III euryarchaeote CG-Epi1	1888995	S	58	297	355	0.00001
Euryarchaeota archaeon	2026739	S	41092	23335	64427	0.00183
Euryarchaeota archaeon UBA24	1915765	S	175	11	186	0.00001
Euryarchaeota archaeon TMED117	1986683	S	64	175	239	0.00001
Euryarchaeota archaeon TMED99	1986698	S	32	10	42	0.00000
Euryarchaeota archaeon TMED129	1986684	S	22	11	33	0.00000
Marine Group IV archaeon HikBin4	2675329	S	1640	105	1745	0.00005
Halococcus sediminicola	1264579	S	27	39	66	0.00000
Candidatus Pacearchaeota archaeon	2026773	S	1613	190	1803	0.00005
Nanoarchaeota archaeon	2026764	S	301	34	335	0.00001
Candidatus Woesearchaeota archaeon	2026803	S	180	14	194	0.00001
Candidatus Diapherotrites archaeon	2026736	S	17	1	18	0.00000
archaeon	1906665	S	294	57	351	0.00001
Candidatus Heimdallarchaeota archaeon	2026747	S	17	1	18	0.00000
