name	taxonomy_id	taxonomy_lvl	kraken_assigned_reads	added_reads	new_est_reads	fraction_total_reads
Erythrobacter sp. A30-3	2785907	S	1868959	1435042	3304001	0.04286
Erythrobacter sp.	1042	S	317788	126989	444777	0.00577
Erythrobacter sp. HI0063	1822240	S	57804	42452	100256	0.00130
Erythrobacter sp. 3-20A1M	2653850	S	20990	10110	31100	0.00040
Erythrobacter sp. YJ-T3-07	2793063	S	1639	723	2362	0.00003
Erythrobacter sp. UBA1916	1946469	S	860	683	1543	0.00002
Erythrobacter sp. UBA2510	1946470	S	300	343	643	0.00001
Erythrobacter sp. SG61-1L	1603897	S	194	47	241	0.00000
Erythrobacter sp. AP23	499656	S	111	54	165	0.00000
Erythrobacter sp. SD-21	161528	S	89	27	116	0.00000
Erythrobacter sp. JK5	2829500	S	17	4	21	0.00000
Erythrobacter litoralis	39960	S	4427	2903	7330	0.00010
Erythrobacter aureus	2182384	S	3542	718	4260	0.00006
Erythrobacter longus	1044	S	249	18	267	0.00000
Erythrobacter ani	2827235	S	25	6	31	0.00000
Porphyrobacter sp. YT40	2547601	S	142	50	192	0.00000
Croceicoccus sp.	1927144	S	1174513	1377477	2551990	0.03310
Croceicoccus sp. YJ47	2798724	S	673	201	874	0.00001
Croceicoccus marinus	450378	S	1685	693	2378	0.00003
Croceicoccus mobilis	1703339	S	1179	692	1871	0.00002
Croceicoccus sediminis	2571150	S	1029	183	1212	0.00002
Croceicoccus pelagius	1703341	S	146	84	230	0.00000
Croceicoccus naphthovorans	1348774	S	113	104	217	0.00000
Croceicoccus bisphenolivorans	1783232	S	81	36	117	0.00000
Croceicoccus gelatinilyticus	2835536	S	78	38	116	0.00000
Croceicoccus estronivorus	1172626	S	14	0	14	0.00000
Qipengyuania flava	192812	S	163686	31190	194876	0.00253
Qipengyuania citrea	225971	S	134931	90038	224969	0.00292
Qipengyuania pelagi	994320	S	126063	80237	206300	0.00268
Qipengyuania vulgaris	291985	S	4636	1652	6288	0.00008
Qipengyuania oceanensis	1463597	S	129	68	197	0.00000
Qipengyuania nanhaisediminis	604088	S	92	86	178	0.00000
Qipengyuania seohaensis	266951	S	51	22	73	0.00000
Qipengyuania sp. YIM B01966	2778646	S	16	4	20	0.00000
Aurantiacibacter atlanticus	1648404	S	4239	576	4815	0.00006
Aurantiacibacter zhengii	2307003	S	3842	1845	5687	0.00007
Aurantiacibacter xanthus	1784712	S	158	157	315	0.00000
Aurantiacibacter spongiae	2488860	S	151	28	179	0.00000
Aurantiacibacter rhizosphaerae	2691582	S	106	14	120	0.00000
Aurantiacibacter odishensis	1155476	S	18	2	20	0.00000
Aurantiacibacter suaedae	2545755	S	16	2	18	0.00000
Pelagerythrobacter marinus	538382	S	1978	1001	2979	0.00004
Pelagerythrobacter aerophilus	2306995	S	1796	735	2531	0.00003
Pelagerythrobacter marensis	543877	S	233	21	254	0.00000
Altericroceibacterium spongiae	2320269	S	2454	816	3270	0.00004
Altericroceibacterium indicum	374177	S	377	32	409	0.00001
Altericroceibacterium endophyticum	1808508	S	12	0	12	0.00000
Pseudopontixanthobacter vadosimaris	2726450	S	1858	622	2480	0.00003
Actirhodobacter atriluteus	2744473	S	1093	294	1387	0.00002
Tsuneonella suprasediminis	2306996	S	835	530	1365	0.00002
Tsuneonella aeria	1837929	S	82	12	94	0.00000
Tsuneonella flava	2055955	S	24	2	26	0.00000
Croceibacterium atlanticum	1267766	S	498	222	720	0.00001
Croceibacterium salegens	1737568	S	158	17	175	0.00000
Altererythrobacter sp. B11	2060312	S	445	196	641	0.00001
Altererythrobacter sp. TH136	2067415	S	35	4	39	0.00000
Parapontixanthobacter aurantiacus	1463599	S	265	122	387	0.00001
Alteriqipengyuania lutimaris	1538146	S	156	22	178	0.00000
Alteriqipengyuania halimionae	1926630	S	27	2	29	0.00000
Erythrobacteraceae bacterium	2026738	S	165	8	173	0.00000
Pontixanthobacter rizhaonensis	2730337	S	80	1	81	0.00000
Alteripontixanthobacter muriae	2705546	S	21	1	22	0.00000
Parerythrobacter lutipelagi	1964208	S	16	4	20	0.00000
Citromicrobium sp.	2024827	S	1160587	452818	1613405	0.02093
Citromicrobium sp. UBA3494	1946345	S	26568	26655	53223	0.00069
Citromicrobium sp. JLT1363	517722	S	6192	6535	12727	0.00017
Citromicrobium bathyomarinum	72174	S	135865	100165	236030	0.00306
Sphingomonas sp. SKA58	314266	S	994804	1388656	2383460	0.03092
Sphingomonas sp.	28214	S	26269	6699	32968	0.00043
Sphingomonas sp. EC-HK361	2038397	S	3852	3277	7129	0.00009
Sphingomonas sp. Y57	334801	S	244	290	534	0.00001
Sphingomonas sp. 1F27F7B	2502186	S	165	223	388	0.00001
Sphingomonas sp. ATCC 31555	194867	S	111	51	162	0.00000
Sphingomonas sp. CCH10-B3	1768757	S	106	231	337	0.00000
Sphingomonas sp. 3P27F8	2502213	S	83	135	218	0.00000
Sphingomonas sp. Root710	1736594	S	52	22	74	0.00000
Sphingomonas sp. CCH9-E2	1768776	S	49	55	104	0.00000
Sphingomonas sp. S2M10	2705010	S	40	69	109	0.00000
Sphingomonas sp. TDK1	453247	S	38	47	85	0.00000
Sphingomonas sp. CCH21-G11	1768749	S	36	36	72	0.00000
Sphingomonas sp. JUb134	2485112	S	32	57	89	0.00000
Sphingomonas sp. Ant H11	1564113	S	30	53	83	0.00000
Sphingomonas sp. SRS2	133190	S	26	15	41	0.00000
Sphingomonas sp. KC8	1030157	S	24	7	31	0.00000
Sphingomonas sp. SCN 67-18	1660141	S	12	7	19	0.00000
Sphingomonas abaci	237611	S	1531	1470	3001	0.00004
Sphingomonas yabuuchiae	172044	S	1086	1168	2254	0.00003
Sphingomonas sanxanigenens	397260	S	820	465	1285	0.00002
Sphingomonas ginsenosidimutans	862134	S	366	509	875	0.00001
Sphingomonas montanisoli	2606412	S	226	53	279	0.00000
Sphingomonas corticis	2722791	S	93	52	145	0.00000
Sphingomonas hankookensis	563996	S	83	66	149	0.00000
Sphingomonas ursincola	56361	S	69	77	146	0.00000
Sphingomonas paucimobilis	13689	S	58	69	127	0.00000
Sphingomonas taxi	1549858	S	46	30	76	0.00000
Sphingomonas zeae	1646122	S	27	39	66	0.00000
Sphingomonas trueperi	53317	S	26	28	54	0.00000
Sphingomonas metalli	1779358	S	24	15	39	0.00000
Sphingomonas echinoides	59803	S	15	18	33	0.00000
Sphingomonas parapaucimobilis	28213	S	14	13	27	0.00000
Sphingomonas dokdonensis	344880	S	13	3	16	0.00000
Sphingomonas adhaesiva	28212	S	12	13	25	0.00000
Sphingomonadaceae bacterium MED-G03	1986231	S	163870	67935	231805	0.00301
Sphingomonadaceae bacterium	1930536	S	662	146	808	0.00001
Sphingomonadaceae bacterium LXI357	2826939	S	353	111	464	0.00001
Sphingobium sp. TCM1	453246	S	63546	70440	133986	0.00174
Sphingobium sp.	1912891	S	2335	1039	3374	0.00004
Sphingobium sp. CCH11-B1	1768781	S	1265	3111	4376	0.00006
Sphingobium sp. OAE613	2663803	S	1160	256	1416	0.00002
Sphingobium sp. CAP-1	2676077	S	677	370	1047	0.00001
Sphingobium sp. C100	1207055	S	489	552	1041	0.00001
Sphingobium sp. AP50	1884369	S	399	175	574	0.00001
Sphingobium sp. D43FB	2017595	S	151	219	370	0.00000
Sphingobium sp. YR768	1884365	S	68	37	105	0.00000
Sphingobium sp. Ant17	1461752	S	61	107	168	0.00000
Sphingobium sp. B9G5A	2735910	S	55	31	86	0.00000
Sphingobium sp. Z007	627495	S	54	80	134	0.00000
Sphingobium sp. TKS	1315974	S	52	86	138	0.00000
Sphingobium sp. KCTC 72723	2733867	S	30	23	53	0.00000
Sphingobium sp. AS12	2849495	S	25	46	71	0.00000
Sphingobium sp. Leaf26	1735693	S	19	4	23	0.00000
Sphingobium sp. 66-54	1895845	S	13	11	24	0.00000
Sphingobium xenophagum	121428	S	12208	15690	27898	0.00036
Sphingobium lactosutens	522773	S	9322	27515	36837	0.00048
Sphingobium yanoikuyae	13690	S	7356	14957	22313	0.00029
Sphingobium subterraneum	627688	S	1708	1049	2757	0.00004
Sphingobium abikonense	86193	S	1412	3077	4489	0.00006
Sphingobium phenoxybenzoativorans	1592790	S	1234	1913	3147	0.00004
Sphingobium algorifonticola	2008318	S	1014	547	1561	0.00002
Sphingobium cupriresistens	1132417	S	1006	1958	2964	0.00004
Sphingobium baderi	1332080	S	854	1464	2318	0.00003
Sphingobium scionense	1404341	S	514	973	1487	0.00002
Sphingobium vermicomposti	529005	S	416	66	482	0.00001
Sphingobium indicum	332055	S	236	302	538	0.00001
Sphingobium fuliginis	336203	S	144	79	223	0.00000
Sphingobium limneticum	1007511	S	130	179	309	0.00000
Sphingobium quisquiliarum	538379	S	107	121	228	0.00000
Sphingobium ummariense	420994	S	66	90	156	0.00000
Sphingobium jiangsuense	870476	S	63	62	125	0.00000
Sphingobium chungbukense	56193	S	51	61	112	0.00000
Sphingobium amiense	135719	S	27	36	63	0.00000
Sphingobium wenxiniae	595605	S	25	52	77	0.00000
Sphingobium psychrophilum	2728834	S	23	36	59	0.00000
Novosphingobium panipatense	428991	S	9368	18405	27773	0.00036
Novosphingobium marinum	1514948	S	5686	3943	9629	0.00012
Novosphingobium aquimarinum	2682494	S	5247	6534	11781	0.00015
Novosphingobium pentaromativorans	205844	S	3265	3503	6768	0.00009
Novosphingobium indicum	462949	S	2928	4186	7114	0.00009
Novosphingobium malaysiense	1348853	S	2428	763	3191	0.00004
Novosphingobium sp. ST904	1684385	S	1029	546	1575	0.00002
Novosphingobium sp. PC22D	1962403	S	330	448	778	0.00001
Novosphingobium sp. NDB2Meth1	1892847	S	138	104	242	0.00000
Novosphingobium sp. HII-3	2075565	S	53	39	92	0.00000
Novosphingobium sp. Rr 2-17	555793	S	37	4	41	0.00000
Novosphingobium sp. B1	1938756	S	35	37	72	0.00000
Novosphingobium sp. BW1	2592621	S	31	16	47	0.00000
Novosphingobium sp. MD-1	1630648	S	23	17	40	0.00000
Novosphingobium sp. SCN 66-18	1660121	S	23	29	52	0.00000
Novosphingobium sp. GV002	2135687	S	19	6	25	0.00000
Novosphingobium silvae	2692619	S	1595	3747	5342	0.00007
Novosphingobium fluoreni	1391222	S	1241	227	1468	0.00002
Novosphingobium profundi	1774954	S	1145	632	1777	0.00002
Novosphingobium barchaimii	1420591	S	573	854	1427	0.00002
Novosphingobium umbonatum	1908524	S	163	55	218	0.00000
Novosphingobium guangzhouense	1850347	S	137	125	262	0.00000
Novosphingobium arvoryzae	1256514	S	131	74	205	0.00000
Novosphingobium lindaniclasticum	1329895	S	124	122	246	0.00000
Novosphingobium decolorationis	2698673	S	99	139	238	0.00000
Novosphingobium sediminis	707214	S	77	52	129	0.00000
Novosphingobium capsulatum	13688	S	67	45	112	0.00000
Novosphingobium resinovorum	158500	S	53	28	81	0.00000
Novosphingobium naphthalenivorans	273168	S	33	43	76	0.00000
Novosphingobium endophyticum	1955250	S	26	4	30	0.00000
Novosphingobium hassiacum	173676	S	15	9	24	0.00000
Stakelama pacifica	517720	S	8120	4332	12452	0.00016
Sphingopyxis sp.	1908224	S	1492	1378	2870	0.00004
Sphingopyxis sp. LC363	1120705	S	82	255	337	0.00000
Sphingopyxis sp. H073	1759079	S	65	162	227	0.00000
Sphingopyxis sp. GW247-27LB	2012632	S	32	51	83	0.00000
Sphingopyxis sp. H053	1759067	S	26	92	118	0.00000
Sphingopyxis sp. LK2115	2744558	S	24	47	71	0.00000
Sphingopyxis sp. YR583	1881047	S	19	8	27	0.00000
Sphingopyxis sp. PAMC25046	2565556	S	12	30	42	0.00000
Sphingopyxis indica	436663	S	1003	1218	2221	0.00003
Sphingopyxis macrogoltabida	33050	S	201	367	568	0.00001
Sphingopyxis terrae	33052	S	66	129	195	0.00000
Sphingopyxis bauzanensis	651663	S	32	50	82	0.00000
Sphingopyxis fribergensis	1515612	S	31	71	102	0.00000
Sphingopyxis microcysteis	2484145	S	30	80	110	0.00000
Sphingopyxis alaskensis	117207	S	25	34	59	0.00000
Sphingopyxis soli	592051	S	20	67	87	0.00000
Novosphingopyxis iocasae	2762729	S	2930	1134	4064	0.00005
Novosphingopyxis baekryungensis	279369	S	345	37	382	0.00000
uncultured Parasphingopyxis sp.	1547918	S	2146	2306	4452	0.00006
Rhizorhabdus sp.	1968843	S	489	570	1059	0.00001
Rhizorhabdus histidinilytica	439228	S	74	52	126	0.00000
Sphingosinithalassobacter portus	2676234	S	234	104	338	0.00000
Blastomonas marina	1867408	S	36	17	53	0.00000
Pacificimonas flava	1234595	S	45796	19945	65741	0.00085
Pacificimonas sp. WHA3	2827236	S	80	2	82	0.00000
Sandaracinobacteroides hominis	2780086	S	45	14	59	0.00000
Sphingomonadales bacterium	1978525	S	466	130	596	0.00001
uncultured Pelagibacteraceae bacterium	1667051	S	1132759	2587101	3719860	0.04825
Pelagibacteraceae bacterium	2026775	S	195134	111859	306993	0.00398
alpha proteobacterium SCGC AAA288-G21	939324	S	31818	66164	97982	0.00127
Pelagibacteraceae bacterium AG-464-P07	2162008	S	21357	32140	53497	0.00069
alpha proteobacterium SCGC AAA240-E13	939306	S	15162	53960	69122	0.00090
alpha proteobacterium SCGC AAA288-E13	939316	S	10129	54313	64442	0.00084
alpha proteobacterium SCGC AAA288-N07	939346	S	9957	18311	28268	0.00037
Pelagibacteraceae bacterium AG-426-E17	2161995	S	2889	11460	14349	0.00019
Pelagibacteraceae bacterium AG-404-N13	2161987	S	2097	2579	4676	0.00006
Pelagibacteraceae bacterium AG-464-B04	2162007	S	1419	648	2067	0.00003
Pelagibacteraceae bacterium AG-359-E06	2161982	S	747	3089	3836	0.00005
Pelagibacteraceae bacterium AG-426-L23	2161997	S	678	934	1612	0.00002
Pelagibacteraceae bacterium AG-426-G09	2162053	S	564	1878	2442	0.00003
alpha proteobacterium HIMB59	744985	S	482	66	548	0.00001
Pelagibacteraceae bacterium AG-410-N23	2162012	S	437	1320	1757	0.00002
Pelagibacteraceae bacterium AG-349-L23	2162038	S	423	10926	11349	0.00015
Pelagibacteraceae bacterium AG-365-D07	2162041	S	402	969	1371	0.00002
Pelagibacteraceae bacterium AG-447-N18	2162004	S	328	6599	6927	0.00009
Pelagibacteraceae bacterium AG-390-C22	2161986	S	319	861	1180	0.00002
Pelagibacteraceae bacterium AG-426-G02	2162052	S	249	7867	8116	0.00011
Pelagibacteraceae bacterium AG-430-I06	2162019	S	244	249	493	0.00001
SAR11 cluster bacterium PRT-SC02	1527298	S	239	1580	1819	0.00002
Pelagibacteraceae bacterium AG-426-I15	2161996	S	152	233	385	0.00000
Pelagibacteraceae bacterium AG-390-A02	2161984	S	127	1829	1956	0.00003
Pelagibacteraceae bacterium AG-404-P08	2162048	S	125	847	972	0.00001
Pelagibacteraceae bacterium AG-422-N09	2161993	S	111	2406	2517	0.00003
Pelagibacteraceae bacterium AG-426-M19	2161998	S	108	3656	3764	0.00005
Pelagibacteraceae bacterium AG-349-E10	2161980	S	103	814	917	0.00001
alpha proteobacterium HIMB5	859653	S	90	37	127	0.00000
Pelagibacteraceae bacterium GOM-A1	1696173	S	89	3888	3977	0.00005
Pelagibacteraceae bacterium AG-447-E22	2162003	S	89	312	401	0.00001
Pelagibacteraceae bacterium AG-390-O04	2162046	S	69	171	240	0.00000
Pelagibacteraceae bacterium AG-349-O05	2162039	S	66	1233	1299	0.00002
Pelagibacteraceae bacterium TMED259	1986821	S	46	16	62	0.00000
Pelagibacteraceae bacterium AG-414-E02	2162014	S	44	37	81	0.00000
Pelagibacteraceae bacterium AG-325-J13	2162028	S	44	55	99	0.00000
Pelagibacteraceae bacterium AG-422-D23	2161990	S	43	786	829	0.00001
Pelagibacteraceae bacterium AG-422-B15	2162051	S	37	242	279	0.00000
Pelagibacteraceae bacterium AG-313-A04	2162056	S	35	99	134	0.00000
Pelagibacteraceae bacterium AG-349-L17	2161981	S	35	726	761	0.00001
Pelagibacteraceae bacterium AG-325-C03	2162021	S	34	48	82	0.00000
Pelagibacteraceae bacterium AG-390-M19	2162045	S	30	544	574	0.00001
Pelagibacteraceae bacterium AG-439-F23	2162002	S	29	33	62	0.00000
Pelagibacteraceae bacterium AG-337-I02	2162033	S	26	80	106	0.00000
Pelagibacteraceae bacterium AG-430-P08	2162055	S	26	647	673	0.00001
Pelagibacteraceae bacterium TMED65	1986644	S	23	3	26	0.00000
Pelagibacteraceae bacterium TMED124	1986798	S	22	338	360	0.00000
Pelagibacteraceae bacterium AG-337-G04	2162031	S	19	114	133	0.00000
Pelagibacteraceae bacterium AG-390-A23	2161985	S	18	546	564	0.00001
Pelagibacteraceae bacterium AG-422-I02	2161991	S	16	52	68	0.00000
Pelagibacteraceae bacterium AG-430-F16	2162054	S	14	102	116	0.00000
Pelagibacteraceae bacterium AG-470-E16	2162009	S	14	2	16	0.00000
Pelagibacteraceae bacterium AG-410-D23	2162050	S	13	14	27	0.00000
Pelagibacteraceae bacterium AG-345-F21	2162037	S	13	9	22	0.00000
Candidatus Pelagibacter sp.	2024849	S	53082	66862	119944	0.00156
Candidatus Pelagibacter sp. RS40	1977865	S	718	11072	11790	0.00015
Candidatus Pelagibacter sp. TMED197	1986808	S	301	2148	2449	0.00003
Candidatus Pelagibacter sp. RS39	1977864	S	79	1348	1427	0.00002
Candidatus Pelagibacter sp. TMED239	1986816	S	18	90	108	0.00000
Candidatus Pelagibacter bacterium	2780116	S	17	32	49	0.00000
Candidatus Pelagibacter sp. TMED165	1986804	S	13	14	27	0.00000
Candidatus Pelagibacter sp. FZCC0015	2268451	S	12	342	354	0.00000
Candidatus Pelagibacter ubique	198252	S	3052	25929	28981	0.00038
uncultured Candidatus Pelagibacter sp.	372654	S	571	329	900	0.00001
Pelagibacterales bacterium	2026776	S	18361	20560	38921	0.00050
Pelagibacterales bacterium SAG-MED30	2760032	S	116	567	683	0.00001
Pelagibacterales bacterium MED-G40	1986248	S	19	22	41	0.00000
Pelagibacterales bacterium SAG-MED29	2760031	S	16	40	56	0.00000
Martelella sp. AD-3	686597	S	171625	207496	379121	0.00492
Martelella sp. NC20	2740298	S	2211	819	3030	0.00004
Martelella sp. HB161492	2720726	S	31	17	48	0.00000
Martelella mediterranea	293089	S	130500	64811	195311	0.00253
Martelella endophytica	1486262	S	2540	1353	3893	0.00005
Martelella limonii	1647649	S	2157	669	2826	0.00004
Martelella lutilitoris	2583532	S	1484	1796	3280	0.00004
Martelella radicis	1397476	S	1053	1280	2333	0.00003
Martelella alba	2590451	S	27	8	35	0.00000
Jiella pacifica	2696469	S	132622	40835	173457	0.00225
Fulvimarina sp.	1969479	S	36442	19612	56054	0.00073
Fulvimarina manganoxydans	937218	S	934	70	1004	0.00001
Aurantimonas coralicida	182270	S	5248	15045	20293	0.00026
Aurantimonas sp. 22II-16-19i	1317114	S	222	67	289	0.00000
Aurantimonas manganoxydans	651183	S	191	579	770	0.00001
Aurantimonas aggregata	2047720	S	16	9	25	0.00000
Aureimonas sp. Leaf427	1736375	S	62	216	278	0.00000
Consotaella salsifontis	1365950	S	33	6	39	0.00000
Hoeflea sp.	1940281	S	94985	68266	163251	0.00212
Hoeflea sp. BAL378	1547437	S	710	323	1033	0.00001
Hoeflea sp. EC-HK425	2038388	S	115	73	188	0.00000
Hoeflea phototrophica	244596	S	24	2	26	0.00000
Nitratireductor sp.	1872084	S	59411	26067	85478	0.00111
Nitratireductor sp. StC3	2126741	S	28	22	50	0.00000
Nitratireductor sp. XY-223	2561926	S	12	0	12	0.00000
Nitratireductor aquibiodomus	204799	S	7780	5647	13427	0.00017
Nitratireductor indicus	721133	S	569	754	1323	0.00002
Nitratireductor aquimarinus	889300	S	265	90	355	0.00000
Nitratireductor basaltis	472175	S	143	17	160	0.00000
Mesorhizobium sediminum	1849104	S	737	580	1317	0.00002
Mesorhizobium sp.	1871066	S	200	187	387	0.00001
Mesorhizobium sp. Pch-S	2082387	S	196	54	250	0.00000
Mesorhizobium sp. Z1-4	2448478	S	87	31	118	0.00000
Mesorhizobium xinjiangense	2678685	S	34	8	42	0.00000
Pseudaminobacter manganicus	1873176	S	1157	1058	2215	0.00003
Pseudaminobacter salicylatoxidans	93369	S	128	72	200	0.00000
Aquibium oceanicum	1670800	S	739	245	984	0.00001
Phyllobacteriaceae bacterium	1871068	S	232	100	332	0.00000
Pseudohoeflea suaedae	877384	S	29	12	41	0.00000
Aquamicrobium lusatiense	89772	S	14	8	22	0.00000
Rhodobiaceae bacterium	2026785	S	50745	13978	64723	0.00084
Rhodobiaceae bacterium UBA7804	1952834	S	67	70	137	0.00000
Rhodobium orientis	34017	S	27	6	33	0.00000
Hyphomicrobiales bacterium	1909294	S	40249	24759	65008	0.00084
Rhizobiales bacterium UBA3584	1951220	S	1125	762	1887	0.00002
Rhizobiales bacterium 32-66-11	1970549	S	115	145	260	0.00000
Rhizobiales bacterium UBA1912	1951217	S	52	13	65	0.00000
Rhizobiales bacterium 2SD	2502200	S	34	48	82	0.00000
Rhizobiales bacterium CCH10-E5	1768797	S	18	32	50	0.00000
Rhizobiales bacterium TMED25	1986854	S	13	2	15	0.00000
Methylobacterium fujisawaense	107400	S	9039	8302	17341	0.00022
Methylobacterium aquaticum	270351	S	4854	5639	10493	0.00014
Methylobacterium sp.	409	S	102	138	240	0.00000
Methylobacterium sp. 2A	2603816	S	31	53	84	0.00000
Methylobacterium sp. CG09_land_8_20_14_0_10_71_15	1975532	S	27	24	51	0.00000
Methylobacterium sp. 13MFTsu3.1M2	1502776	S	23	45	68	0.00000
Methylobacterium organophilum	410	S	68	128	196	0.00000
Methylobacterium variabile	298794	S	57	82	139	0.00000
Methylobacterium brachiatum	269660	S	46	42	88	0.00000
Methylobacterium dankookense	560405	S	46	48	94	0.00000
Methylobacterium oxalidis	944322	S	31	14	45	0.00000
Methylobacterium nonmethylotrophicum	1141884	S	16	19	35	0.00000
Methylorubrum zatmanii	29429	S	90	200	290	0.00000
Methylorubrum rhodesianum	29427	S	47	103	150	0.00000
Devosia indica	2079253	S	8842	7173	16015	0.00021
Devosia pacifica	1335967	S	363	119	482	0.00001
Devosia sediminis	2798801	S	179	164	343	0.00000
Devosia marina	2683198	S	143	156	299	0.00000
Devosia sp. LC5	1502724	S	37	20	57	0.00000
Devosia subaequoris	395930	S	28	14	42	0.00000
Pelagibacterium sp.	1967288	S	2521	2498	5019	0.00007
Pelagibacterium lentulum	2029865	S	82	7	89	0.00000
Pelagibacterium halotolerans	531813	S	22	5	27	0.00000
Roseibium aggregatum	187304	S	7174	2156	9330	0.00012
Roseibium sp. TrichSKD4	744980	S	41	8	49	0.00000
Roseibium sp.	1936156	S	14	1	15	0.00000
Stappia sp.	1870903	S	2230	1983	4213	0.00005
Stappia sp. BW2	2592622	S	137	101	238	0.00000
Stappia sp. ARW1T	2135615	S	36	80	116	0.00000
Stappia indica	538381	S	1325	1876	3201	0.00004
Labrenzia sp. DG1229	681847	S	20	73	93	0.00000
Acuticoccus sediminis	2184697	S	5572	676	6248	0.00008
Acuticoccus yangtzensis	1443441	S	704	82	786	0.00001
Amorphus coralli	340680	S	498	57	555	0.00001
Bradyrhizobiaceae bacterium PARB1	2015576	S	1357	1320	2677	0.00003
Bradyrhizobiaceae bacterium	2072420	S	12	12	24	0.00000
Bradyrhizobium sp. CCH5-F6	1768753	S	158	401	559	0.00001
Bradyrhizobium sp. BTAi1	288000	S	100	113	213	0.00000
Bradyrhizobium japonicum	375	S	70	218	288	0.00000
Bradyrhizobium manausense	989370	S	14	22	36	0.00000
Rhodopseudomonas palustris	1076	S	447	147	594	0.00001
Rhodopseudomonas faecalis	99655	S	13	6	19	0.00000
Afipia sp. OHSU_II-C1	1297860	S	28	44	72	0.00000
Afipia broomeae	56946	S	29	64	93	0.00000
Rhizobium subbaraonis	908946	S	935	1360	2295	0.00003
Rhizobium pusense	648995	S	208	250	458	0.00001
Rhizobium sp. CFBP 8762	2775279	S	26	8	34	0.00000
Rhizobium album	2182425	S	22	10	32	0.00000
Rhizobium oryzihabitans	2267833	S	14	42	56	0.00000
Agrobacterium tumefaciens	358	S	81	164	245	0.00000
Pseudorhizobium pelagicum	1509405	S	154	56	210	0.00000
Pseudorhizobium flavum	1335061	S	13	8	21	0.00000
Pararhizobium sp.	1977563	S	55	3	58	0.00000
Pararhizobium mangrovi	2590452	S	43	5	48	0.00000
Ciceribacter naphthalenivorans	1118451	S	188	252	440	0.00001
Shinella sumterensis	1967501	S	61	83	144	0.00000
Shinella sp. SUS2	1692241	S	27	47	74	0.00000
Rhizobiaceae bacterium	1913961	S	103	25	128	0.00000
Bosea sp. TND4EK4	1907408	S	549	349	898	0.00001
Bosea lupini	1036779	S	424	681	1105	0.00001
Bosea vaviloviae	1526658	S	18	21	39	0.00000
Ahrensia sp.	1872419	S	1419	735	2154	0.00003
uncultured Tepidamorphus sp.	1137119	S	1273	187	1460	0.00002
Brucella anthropi	529	S	27	254	281	0.00000
[Ochrobactrum] teleogrylli	2479765	S	15	14	29	0.00000
Ochrobactrum sp. CGA5	2583453	S	198	133	331	0.00000
Paenochrobactrum gallinarii	643673	S	15	1	16	0.00000
Xanthobacter dioxanivorans	2528964	S	160	82	242	0.00000
Xanthobacter sp. SG618	2587121	S	74	115	189	0.00000
Pseudolabrys sp.	1960880	S	51	19	70	0.00000
Azorhizobium oxalatiphilum	980631	S	25	6	31	0.00000
Ancylobacter pratisalsi	1745854	S	27	6	33	0.00000
Parvibaculum sp.	2024848	S	211	89	300	0.00000
Parvibaculum indicum	562969	S	145	166	311	0.00000
Kaustia mangrovi	2593653	S	29	2	31	0.00000
Pseudochelatococcus contaminans	1538103	S	155	247	402	0.00001
Methylocystaceae bacterium	2052174	S	156	16	172	0.00000
Breoghania sp. L-A4	2304600	S	124	15	139	0.00000
Filomicrobium sp.	2024831	S	29	2	31	0.00000
Filomicrobium insigne	418854	S	13	1	14	0.00000
Camelimonas fluminis	1576911	S	18	10	28	0.00000
Segnochrobactrum spirostomi	2608987	S	24	4	28	0.00000
Afifella pfennigii	209897	S	18	2	20	0.00000
Paracoccus sp. UBA889	1947056	S	590304	224791	815095	0.01057
Paracoccus sp. XHP0099	2841926	S	1313	1419	2732	0.00004
Paracoccus sp. R12_2	2821098	S	809	565	1374	0.00002
Paracoccus sp. M683	2594268	S	338	418	756	0.00001
Paracoccus sp. S1E-3	2756130	S	81	60	141	0.00000
Paracoccus sp. (in: a-proteobacteria)	267	S	30	52	82	0.00000
Paracoccus sp. C2R09	2839896	S	23	11	34	0.00000
Paracoccus sp. MKU1	1745182	S	17	46	63	0.00000
Paracoccus denitrificans	266	S	609	782	1391	0.00002
Paracoccus thiocyanatus	34006	S	357	488	845	0.00001
Paracoccus alcaliphilus	34002	S	355	290	645	0.00001
Paracoccus homiensis	364199	S	196	110	306	0.00000
Paracoccus aurantiacus	2599412	S	166	157	323	0.00000
Paracoccus lichenicola	2665644	S	113	75	188	0.00000
Paracoccus halophilus	376733	S	111	72	183	0.00000
Paracoccus zhejiangensis	1077935	S	82	53	135	0.00000
Paracoccus jeotgali	2065379	S	73	44	117	0.00000
Paracoccus isoporae	591205	S	66	57	123	0.00000
Paracoccus marcusii	59779	S	50	52	102	0.00000
Paracoccus zeaxanthinifaciens	187400	S	47	37	84	0.00000
Paracoccus binzhouensis	2796149	S	43	107	150	0.00000
Paracoccus saliphilus	405559	S	38	8	46	0.00000
Paracoccus lutimaris	1490030	S	36	61	97	0.00000
Paracoccus aminovorans	34004	S	31	43	74	0.00000
Paracoccus yeei	147645	S	28	199	227	0.00000
Paracoccus sphaerophysae	690417	S	28	27	55	0.00000
Paracoccus methylovorus	2812658	S	23	25	48	0.00000
Paracoccus marinus	288426	S	22	21	43	0.00000
Paracoccus limosus	913252	S	19	14	33	0.00000
Paracoccus haematequi	2491866	S	17	18	35	0.00000
Paracoccus xiamenensis	2714901	S	15	8	23	0.00000
Paracoccus sediminilitoris	2202419	S	14	6	20	0.00000
Paracoccus aeridis	1966466	S	13	11	24	0.00000
Paracoccus caeni	657651	S	13	2	15	0.00000
Paracoccaceae bacterium	1904441	S	108640	29349	137989	0.00179
Rhodobacteraceae bacterium REDSEA-S34_B6	1811624	S	6052	19452	25504	0.00033
Rhodobacteraceae bacterium MED-G08	1986242	S	2241	7565	9806	0.00013
Rhodobacteraceae bacterium SB2	1689867	S	32	48	80	0.00000
Rhodobacteraceae bacterium EhC02	1849170	S	15	7	22	0.00000
Pacificitalea manganoxidans	1411902	S	9739	2508	12247	0.00016
Allosediminivita pacifica	1267769	S	8498	9113	17611	0.00023
Pseudooceanicola nanhaiensis	375761	S	1642	2279	3921	0.00005
Pseudooceanicola marinus	396013	S	1504	530	2034	0.00003
Pseudooceanicola atlanticus	1461694	S	580	1105	1685	0.00002
Pseudooceanicola lipolyticus	2029104	S	96	166	262	0.00000
Pseudooceanicola antarcticus	1247613	S	85	84	169	0.00000
Pseudooceanicola aestuarii	2697319	S	29	17	46	0.00000
Pseudooceanicola pacificus	2676438	S	15	25	40	0.00000
Albimonas pacifica	1114924	S	1238	470	1708	0.00002
Albimonas donghaensis	356660	S	154	47	201	0.00000
Limimaricola cinnabarinus	1125964	S	1142	675	1817	0.00002
Limimaricola soesokkakensis	1343159	S	26	13	39	0.00000
Limimaricola variabilis	1492771	S	12	6	18	0.00000
Marinibacterium profundimaris	1679460	S	971	1502	2473	0.00003
Marinibacterium sp.	1931201	S	64	9	73	0.00000
Pararhodobacter marinus	2184063	S	493	252	745	0.00001
Halovulum marinum	2662447	S	521	155	676	0.00001
Rhodovulum sp.	34009	S	206	56	262	0.00000
Rhodovulum adriaticum	35804	S	69	65	134	0.00000
Rhodovulum strictum	58314	S	46	16	62	0.00000
Rhodovulum imhoffii	365340	S	13	1	14	0.00000
Tritonibacter mobilis	379347	S	286	188	474	0.00001
Tritonibacter horizontis	1768241	S	13	14	27	0.00000
Pelagivirga sediminicola	2170575	S	182	146	328	0.00000
Pseudopuniceibacterium sediminis	2211117	S	148	115	263	0.00000
Marivivens sp.	1978374	S	46	24	70	0.00000
Marivivens aquimaris	2774876	S	38	49	87	0.00000
Marivivens donghaensis	1699413	S	20	2	22	0.00000
Thioclava nitratireducens	1915078	S	40	19	59	0.00000
Thioclava atlantica	1317124	S	20	25	45	0.00000
Gemmobacter caeni	589035	S	43	31	74	0.00000
Gemmobacter caeruleus	2595004	S	13	8	21	0.00000
Cognatiyoonia sediminum	1508389	S	79	5	84	0.00000
Oceanicella sp. SM1341	1548889	S	51	19	70	0.00000
Oceanicella actignis	1189325	S	25	7	32	0.00000
Cognatishimia sp.	2211648	S	50	15	65	0.00000
Cereibacter ovatus	439529	S	64	29	93	0.00000
Alterinioella nitratireducens	2735915	S	59	26	85	0.00000
Arenibacterium halophilum	2583821	S	57	15	72	0.00000
Histidinibacterium aquaticum	2613962	S	49	7	56	0.00000
Chachezhania antarctica	2340860	S	48	70	118	0.00000
Roseitranquillus sediminis	2809051	S	43	13	56	0.00000
Defluviimonas denitrificans	404881	S	37	14	51	0.00000
uncultured Pseudophaeobacter sp.	1759421	S	26	7	33	0.00000
Pseudophaeobacter arcticus	385492	S	12	11	23	0.00000
Amaricoccus solimangrovi	2589815	S	18	7	25	0.00000
Amaricoccus macauensis	57001	S	17	4	21	0.00000
Frigidibacter mobilis	1335048	S	28	17	45	0.00000
Tabrizicola algicola	2709381	S	13	7	20	0.00000
Paroceanicella profunda	2579971	S	28	11	39	0.00000
Pelagovum pacificum	2588711	S	27	6	33	0.00000
Rhodosalinus halophilus	2259333	S	27	7	34	0.00000
Pseudodonghicola xiamenensis	337702	S	26	28	54	0.00000
Phycocomes zhengii	2056810	S	20	8	28	0.00000
Pseudorhodobacter aquimaris	687412	S	16	5	21	0.00000
Haematobacter missouriensis	366616	S	12	11	23	0.00000
Thalassobium sp.	2030825	S	17	9	26	0.00000
Pseudohalocynthiibacter aestuariivivens	1591409	S	15	0	15	0.00000
Allgaiera indica	765699	S	14	3	17	0.00000
Antarcticimicrobium luteum	2547397	S	12	6	18	0.00000
Polymorphum gilvum	991904	S	14	4	18	0.00000
Aquicoccus porphyridii	1852029	S	14	21	35	0.00000
Pseudogemmobacter bohemicus	2250708	S	12	7	19	0.00000
Pseudoprimorskyibacter insulae	1695997	S	12	8	20	0.00000
Salipiger profundus	1229727	S	65434	60642	126076	0.00164
Salipiger thiooxidans	282683	S	42295	38770	81065	0.00105
Salipiger marinus	555512	S	23747	22778	46525	0.00060
Salipiger bermudensis	344736	S	8130	7675	15805	0.00021
Salipiger abyssi	1250539	S	177	219	396	0.00001
Salipiger pallidus	1775170	S	55	39	94	0.00000
Salipiger sp. IMCC34102	2510647	S	33	7	40	0.00000
Salipiger aestuarii	568098	S	24	17	41	0.00000
Salipiger mucosus	263378	S	13	6	19	0.00000
Yangia pacifica	311180	S	3465	2398	5863	0.00008
Yangia mangrovi	1779329	S	22	32	54	0.00000
Roseovarius sp. A-2	1570360	S	2085	879	2964	0.00004
Roseovarius sp.	1486281	S	477	204	681	0.00001
Roseovarius sp. TE539	2249812	S	16	1	17	0.00000
Roseovarius indicus	540747	S	838	141	979	0.00001
Roseovarius halotolerans	505353	S	91	119	210	0.00000
Roseovarius nubinhibens	314263	S	63	30	93	0.00000
Roseovarius spongiae	2320272	S	54	13	67	0.00000
Roseovarius confluentis	1852027	S	37	13	50	0.00000
Roseovarius mucosus	215743	S	31	27	58	0.00000
Roseovarius pacificus	337701	S	21	13	34	0.00000
Roseovarius atlanticus	1641875	S	12	9	21	0.00000
Roseovarius amoyensis	2211448	S	12	6	18	0.00000
Sulfitobacter sp. R18_2	2821105	S	751	1324	2075	0.00003
Sulfitobacter sp. BDSS02	2663018	S	120	179	299	0.00000
Sulfitobacter sp. HI0040	1822232	S	100	108	208	0.00000
Sulfitobacter sp.	1903071	S	80	137	217	0.00000
Sulfitobacter sp. D7	1968541	S	32	118	150	0.00000
Sulfitobacter delicatus	218672	S	996	1190	2186	0.00003
Sulfitobacter pontiacus	60137	S	274	315	589	0.00001
Sulfitobacter maritimus	2741719	S	13	6	19	0.00000
Sulfitobacter dubius	218673	S	12	11	23	0.00000
Roseivivax sediminis	936889	S	831	316	1147	0.00001
Roseivivax marinus	1379903	S	151	83	234	0.00000
Roseivivax halotolerans	93684	S	125	18	143	0.00000
Sagittula sp. P11	2009329	S	957	408	1365	0.00002
Sagittula salina	2820268	S	27	4	31	0.00000
Tranquillimonas alkanivorans	441119	S	687	135	822	0.00001
Tranquillimonas rosea	641238	S	21	5	26	0.00000
Celeribacter indicus	1208324	S	263	179	442	0.00001
Celeribacter baekdonensis	875171	S	137	128	265	0.00000
Celeribacter persicus	1651082	S	44	72	116	0.00000
Maritimibacter sp.	2003363	S	222	80	302	0.00000
Maritimibacter sp. REDSEA-S28_B5	1811547	S	101	143	244	0.00000
Maritimibacter harenae	2606218	S	60	35	95	0.00000
Maritimibacter alkaliphilus	404236	S	19	23	42	0.00000
Profundibacterium mesophilum	1258573	S	336	228	564	0.00001
Palleronia rufa	1530186	S	131	54	185	0.00000
Palleronia abyssalis	1501240	S	36	23	59	0.00000
Palleronia sediminis	2547833	S	20	8	28	0.00000
Palleronia marisminoris	315423	S	15	3	18	0.00000
Thalassobius sp.	1979401	S	136	33	169	0.00000
Thalassobius autumnalis	2072972	S	28	12	40	0.00000
Dinoroseobacter sp.	2003366	S	154	4	158	0.00000
Phaeobacter sp. 22II1-1F12B	1317111	S	54	81	135	0.00000
Phaeobacter sp. CECT 5382	1712645	S	51	13	64	0.00000
Marinovum sp.	2024839	S	111	40	151	0.00000
Maribius pelagius	387096	S	35	91	126	0.00000
Actibacterium naphthalenivorans	1614693	S	73	120	193	0.00000
Actibacterium sp.	1872125	S	24	9	33	0.00000
Tropicimonas isoalkanivorans	441112	S	91	93	184	0.00000
Tropicimonas sp. IMCC34011	2248759	S	13	1	14	0.00000
Thiosulfatihalobacter marinus	2792481	S	97	121	218	0.00000
Jannaschia aquimarina	935700	S	60	5	65	0.00000
Jannaschia formosa	2259592	S	15	3	18	0.00000
Leisingera caerulea	506591	S	29	9	38	0.00000
Leisingera daeponensis	405746	S	14	15	29	0.00000
Loktanella sp. SALINAS62	2706124	S	30	1	31	0.00000
Pseudosulfitobacter pseudonitzschiae	1402135	S	51	45	96	0.00000
Donghicola eburneus	393278	S	39	14	53	0.00000
Seohaeicola zhoushanensis	1569283	S	38	11	49	0.00000
Roseobacter sp.	1907202	S	29	9	38	0.00000
Primorskyibacter flagellatus	1387277	S	27	29	56	0.00000
Roseisalinus antarcticus	254357	S	22	16	38	0.00000
Lutimaribacter pacificus	391948	S	22	51	73	0.00000
Oceanicola sp. 22II-s10i	1317116	S	14	19	33	0.00000
Mesobaculum littorinae	2486419	S	19	4	23	0.00000
Wenxinia saemankumensis	1447782	S	18	4	22	0.00000
Citreicella sp. C3M06	2841564	S	16	2	18	0.00000
Pelagimonas phthalicica	1037362	S	15	10	25	0.00000
Rubellimicrobium thermophilum	295419	S	13	5	18	0.00000
Rhodobacterales bacterium HTCC2255	367336	S	15	2	17	0.00000
Henriciella sp.	1968823	S	707462	163447	870909	0.01130
Henriciella litoralis	568102	S	835	234	1069	0.00001
Henriciella aquimarina	545261	S	590	402	992	0.00001
Henriciella algicola	1608422	S	101	12	113	0.00000
Henriciella marina	453851	S	56	11	67	0.00000
Henriciella pelagia	1977912	S	56	13	69	0.00000
Henriciella barbarensis	86342	S	16	3	19	0.00000
Hyphomonas atlantica	1280948	S	130740	68254	198994	0.00258
Hyphomonas sp. UBA5111	1946637	S	3420	1782	5202	0.00007
Hyphomonas sp.	87	S	1946	723	2669	0.00003
Hyphomonas sp. CY54-11-8	1280944	S	222	112	334	0.00000
Hyphomonas sp. L-53-1-40	1207058	S	210	51	261	0.00000
Hyphomonas sp. 34-62-18	1970392	S	55	35	90	0.00000
Hyphomonas pacifica	1280941	S	2070	2625	4695	0.00006
Hyphomonas adhaerens	81029	S	22	1	23	0.00000
Hyphomonas johnsonii	81031	S	19	0	19	0.00000
Ponticaulis sp.	2020902	S	55808	8368	64176	0.00083
Hirschia sp.	2024835	S	866	57	923	0.00001
Hyphomonadaceae bacterium UBA1849	1951945	S	270	88	358	0.00000
Hyphomonadaceae bacterium UBA5336	1951953	S	75	25	100	0.00000
Hyphomonadaceae bacterium TMED5	1986776	S	27	8	35	0.00000
uncultured Alphaproteobacteria bacterium	91750	S	626643	147703	774346	0.01004
Alphaproteobacteria bacterium MarineAlpha5_Bin3	2013078	S	138626	5202	143828	0.00187
Alphaproteobacteria bacterium MarineAlpha3_Bin6	2013072	S	103529	4536	108065	0.00140
Alphaproteobacteria bacterium MarineAlpha3_Bin3	2013069	S	48807	8144	56951	0.00074
Alphaproteobacteria bacterium MarineAlpha3_Bin4	2013070	S	43596	1787	45383	0.00059
Alphaproteobacteria bacterium MarineAlpha10_Bin2	2013104	S	40354	896	41250	0.00054
Alphaproteobacteria bacterium	1913988	S	29593	4716	34309	0.00045
Alphaproteobacteria bacterium MarineAlpha9_Bin6	2013101	S	18390	113	18503	0.00024
Alphaproteobacteria bacterium MarineAlpha9_Bin7	2013102	S	14757	675	15432	0.00020
Alphaproteobacteria bacterium MarineAlpha9_Bin1	2013096	S	9559	349	9908	0.00013
Alphaproteobacteria bacterium MarineAlpha6_Bin2	2013089	S	9461	289	9750	0.00013
Alphaproteobacteria bacterium UBA7314	1948440	S	2122	15	2137	0.00003
alpha proteobacterium L41A	1229204	S	899	2806	3705	0.00005
Alphaproteobacteria bacterium MarineAlpha3_Bin7	2013073	S	675	21	696	0.00001
Alphaproteobacteria bacterium MarineAlpha3_Bin2	2013068	S	581	33	614	0.00001
Alphaproteobacteria bacterium UBA2964	1948376	S	346	1002	1348	0.00002
Alphaproteobacteria bacterium UBA6544	1948430	S	340	47	387	0.00001
Alphaproteobacteria bacterium UBA3612	1948389	S	322	86	408	0.00001
Alphaproteobacteria bacterium MarineAlpha5_Bin5	2013080	S	272	14	286	0.00000
alpha proteobacterium SCGC AAA015-N04	939296	S	270	429	699	0.00001
Alphaproteobacteria bacterium HGW-Alphaproteobacteria-13	2013659	S	209	247	456	0.00001
Alphaproteobacteria bacterium MarineAlpha5_Bin9	2013084	S	182	35	217	0.00000
Alphaproteobacteria bacterium MarineAlpha10_Bin3	2013105	S	170	8	178	0.00000
Alphaproteobacteria bacterium MarineAlpha12_Bin1	2013107	S	148	2	150	0.00000
Alphaproteobacteria bacterium UBA2966	1948377	S	143	35	178	0.00000
Alphaproteobacteria bacterium MarineAlpha5_Bin12	2013087	S	126	33	159	0.00000
Alphaproteobacteria bacterium UBA2954	1948375	S	73	24	97	0.00000
Alphaproteobacteria bacterium TMED93	1986648	S	58	57	115	0.00000
Alphaproteobacteria bacterium HGW-Alphaproteobacteria-14	2013660	S	49	41	90	0.00000
Alphaproteobacteria bacterium UBA828	1948450	S	40	0	40	0.00000
Alphaproteobacteria bacterium casp-alpha6	1656909	S	39	6	45	0.00000
Alphaproteobacteria bacterium HGW-Alphaproteobacteria-7	2013670	S	31	73	104	0.00000
Alphaproteobacteria bacterium UBA7887	1948447	S	27	3	30	0.00000
alpha proteobacterium MED-G10	2007300	S	22	0	22	0.00000
Alphaproteobacteria bacterium MarineAlpha6_Bin4	2013091	S	21	2	23	0.00000
Alphaproteobacteria bacterium TMED62	1986642	S	19	8	27	0.00000
Alphaproteobacteria bacterium MarineAlpha5_Bin7	2013082	S	15	0	15	0.00000
alpha proteobacterium SCGC AAA536-K22	1009709	S	12	10	22	0.00000
Rhodospirillaceae bacterium	1898112	S	128310	17966	146276	0.00190
Rhodospirillaceae bacterium UBA6608	1952863	S	1861	241	2102	0.00003
Rhodospirillaceae bacterium UBA3470	1952854	S	1166	326	1492	0.00002
Rhodospirillaceae bacterium UBA2165	1952852	S	182	10	192	0.00000
Rhodospirillaceae bacterium UBA1479	1952849	S	61	12	73	0.00000
Rhodospirillaceae bacterium TMED167	1986863	S	15	12	27	0.00000
Roseospira marina	140057	S	262	12	274	0.00000
Elstera cyanobacteriorum	2022747	S	13	2	15	0.00000
Tistrella mobilis	171437	S	124952	17885	142837	0.00185
Tistrella bauzanensis	657419	S	30	14	44	0.00000
Geminicoccus sp.	2024832	S	700	199	899	0.00001
Thalassospira povalilytica	732237	S	4405	2660	7065	0.00009
Thalassospira sp. MCCC 1A01148	501834	S	771	955	1726	0.00002
Thalassospira sp. MCCC 1A01428	1470575	S	38	23	61	0.00000
Thalassospira sp. MCCC 1A03138	1470576	S	14	74	88	0.00000
Thalassospira xiamenensis	220697	S	70	326	396	0.00001
Thalassospira profundimaris	502049	S	58	72	130	0.00000
Thalassospira indica	1891279	S	22	153	175	0.00000
Thalassospira lucentensis	168935	S	18	38	56	0.00000
Magnetovibrio sp.	2024836	S	3768	338	4106	0.00005
Nisaea sp.	2024842	S	992	55	1047	0.00001
Oceanibaculum nanhaiense	1909734	S	660	444	1104	0.00001
Oceanibaculum indicum	526216	S	17	4	21	0.00000
Thalassobaculum litoreum	420996	S	40	5	45	0.00000
Rhodospirillales bacterium	2026786	S	1730	271	2001	0.00003
Roseomonas aeriglobus	2267537	S	176	305	481	0.00001
Roseomonas aestuarii	568898	S	134	121	255	0.00000
Roseomonas sp. KE0001	2479201	S	37	25	62	0.00000
Roseomonas ludipueritiae	198093	S	19	12	31	0.00000
Rhodovarius crocodyli	1979269	S	16	9	25	0.00000
Acetobacter orleanensis	104099	S	13	1	14	0.00000
uncultured SAR116 cluster alpha proteobacterium	281031	S	161786	67724	229510	0.00298
SAR116 cluster bacterium	2024888	S	3780	2384	6164	0.00008
SAR116 cluster bacterium AG-426-B08	2162580	S	672	1009	1681	0.00002
SAR116 cluster bacterium AG-426-I14	2162581	S	513	498	1011	0.00001
SAR116 cluster bacterium AG-426-A06	2162579	S	379	1111	1490	0.00002
SAR116 cluster bacterium AG-321-K23	2162570	S	274	169	443	0.00001
SAR116 cluster bacterium AG-447-A06	2162582	S	145	47	192	0.00000
SAR116 cluster bacterium AG-325-I21	2162573	S	45	2	47	0.00000
SAR116 cluster bacterium AG-313-A07	2162568	S	27	4	31	0.00000
uncultured OCS116 cluster bacterium	648187	S	4686	1822	6508	0.00008
OCS116 cluster bacterium AG-390-A19	2162591	S	2074	1145	3219	0.00004
OCS116 cluster bacterium AG-435-F03	2162589	S	271	772	1043	0.00001
OCS116 cluster bacterium AG-390-I16	2162592	S	179	115	294	0.00000
OCS116 cluster bacterium AG-430-B22	2162588	S	98	196	294	0.00000
Candidatus Micropelagos thuwalensis	1397666	S	1449	161	1610	0.00002
Rickettsiales bacterium	2026788	S	98498	17798	116296	0.00151
Rickettsiaceae bacterium	2023360	S	57	1	58	0.00000
uncultured Rickettsiaceae bacterium	194194	S	44	0	44	0.00000
Brevundimonas sp. A19_0	2821087	S	26478	8614	35092	0.00046
Brevundimonas sp. UBA7534	1946138	S	1178	1845	3023	0.00004
Brevundimonas sp.	1871086	S	671	396	1067	0.00001
Brevundimonas sp. UBA986	1946144	S	49	27	76	0.00000
Brevundimonas sp. UBA6550	1946135	S	29	48	77	0.00000
Brevundimonas aurantiaca	74316	S	7134	12556	19690	0.00026
Brevundimonas mediterranea	74329	S	51	62	113	0.00000
Brevundimonas fluminis	2487274	S	16	5	21	0.00000
Brevundimonas nasdae	172043	S	14	20	34	0.00000
Phenylobacterium sp.	1871053	S	512	251	763	0.00001
Phenylobacterium sp. CCH9-H3	1768774	S	99	131	230	0.00000
Phenylobacterium sp. SCN 70-31	1660129	S	22	20	42	0.00000
Caulobacteraceae bacterium UBA3198	1951537	S	159	41	200	0.00000
Caulobacter sp. CCH9-E1	1768768	S	61	65	126	0.00000
Caulobacter flavus	1679497	S	23	18	41	0.00000
Asticcacaulis sp. AC466	1282362	S	55	2	57	0.00000
Caulobacterales bacterium RIFOXYB1_FULL_67_16	1797588	S	76	137	213	0.00000
Caulobacterales bacterium	2282150	S	19	8	27	0.00000
Oceanicaulis sp. HTCC2633	314254	S	10023	3236	13259	0.00017
Oceanicaulis sp. PT13A	2135616	S	468	146	614	0.00001
Oceanicaulis alexandrii	153233	S	1040	299	1339	0.00002
Glycocaulis albus	1382801	S	2107	362	2469	0.00003
Glycocaulis profundi	2518983	S	22	4	26	0.00000
Maricaulis sp.	1486257	S	839	105	944	0.00001
Euryhalocaulis caribicus	1161401	S	229	19	248	0.00000
Hellea sp.	2715692	S	285	26	311	0.00000
Parvularcula sp.	1979207	S	8975	2457	11432	0.00015
Parvularcula oceani	1247963	S	176	13	189	0.00000
Parvularcula bermudensis	208216	S	21	5	26	0.00000
Marinicaulis flavus	2058213	S	298	24	322	0.00000
Parvularculaceae bacterium	2510335	S	13	0	13	0.00000
Holosporaceae bacterium UBA7879	1951934	S	1754	822	2576	0.00003
Holosporaceae bacterium 'Namur'	2759495	S	97	80	177	0.00000
Kordiimonas sp.	1970157	S	23	14	37	0.00000
Kordiimonas lipolytica	1662421	S	20	6	26	0.00000
Kordiimonas pumila	2161677	S	13	0	13	0.00000
Kordiimonadaceae bacterium	2664180	S	17	1	18	0.00000
Luteithermobacter gelatinilyticus	2582913	S	15	0	15	0.00000
Gammaproteobacteria bacterium	1913989	S	1259359	532101	1791460	0.02324
gamma proteobacterium SCGC AAA007-O20	913327	S	85146	91175	176321	0.00229
Gammaproteobacteria bacterium UBA1119	1948582	S	24689	39180	63869	0.00083
gamma proteobacterium SCGC AB-629-P17	1131274	S	16223	34431	50654	0.00066
Gammaproteobacteria bacterium REDSEA-S15_B12	1811666	S	7112	12074	19186	0.00025
Gammaproteobacteria bacterium UBA2955	1948602	S	4180	897	5077	0.00007
Gammaproteobacteria bacterium UBA3532	1948611	S	1529	1954	3483	0.00005
Gammaproteobacteria bacterium UBA7803	1948658	S	1194	2436	3630	0.00005
Gammaproteobacteria bacterium TMED104	1986732	S	271	4476	4747	0.00006
Gammaproteobacteria bacterium UBA2965	1948603	S	221	3	224	0.00000
Gammaproteobacteria bacterium UBA3498	1948609	S	180	45	225	0.00000
Gammaproteobacteria bacterium UBA1961	1948588	S	134	46	180	0.00000
Gammaproteobacteria bacterium MFB021	1492922	S	63	323	386	0.00001
Gammaproteobacteria bacterium UBA7310	1948647	S	52	39	91	0.00000
Gammaproteobacteria bacterium TMED1	1986731	S	40	13	53	0.00000
Gammaproteobacteria bacterium TMED78	1986767	S	23	0	23	0.00000
gamma proteobacterium HdN1	83406	S	23	21	44	0.00000
gamma proteobacterium SCGC AAA168-P09	1009426	S	18	15	33	0.00000
Salinicola sp.	1978524	S	153152	269151	422303	0.00548
Salinicola salarius	430457	S	31625	23680	55305	0.00072
Salinicola corii	2606937	S	1124	1376	2500	0.00003
Salinicola peritrichatus	1267424	S	569	325	894	0.00001
Salinicola socius	404433	S	336	91	427	0.00001
Salinicola halophyticus	1808881	S	149	54	203	0.00000
Salinicola lusitanus	1949085	S	69	61	130	0.00000
Salinicola rhizosphaerae	1443141	S	42	8	50	0.00000
Salinicola tamaricis	1771309	S	40	126	166	0.00000
Salinicola acroporae	1541440	S	21	17	38	0.00000
Halomonas aquamarina	77097	S	19753	96358	116111	0.00151
Halomonas meridiana	29570	S	2251	3554	5805	0.00008
Halomonas sp.	1486246	S	1622	1139	2761	0.00004
Halomonas sp. UBA3074	1946584	S	173	263	436	0.00001
Halomonas sp. JSM 104105	1562110	S	83	88	171	0.00000
Halomonas sp. 54_146	1635257	S	77	106	183	0.00000
Halomonas sp. A40-4	2785909	S	29	33	62	0.00000
Halomonas sp. GFAJ-1	1118153	S	22	11	33	0.00000
Halomonas sp. PR-M31	1471202	S	12	0	12	0.00000
Halomonas piezotolerans	2609667	S	2156	2709	4865	0.00006
Halomonas lionensis	1144478	S	1997	7476	9473	0.00012
Halomonas zincidurans	1178777	S	1733	1066	2799	0.00004
Halomonas salicampi	1449798	S	1694	595	2289	0.00003
Halomonas litopenaei	2109328	S	407	489	896	0.00001
Halomonas sedimenti	2729618	S	251	464	715	0.00001
Halomonas stevensii	502821	S	213	899	1112	0.00001
Halomonas xianhensis	442341	S	207	119	326	0.00000
Halomonas hamiltonii	502829	S	193	613	806	0.00001
Halomonas sulfidaeris	115553	S	182	66	248	0.00000
Halomonas coralii	2304602	S	96	63	159	0.00000
Halomonas alkaliantarctica	232346	S	94	139	233	0.00000
Halomonas salina	42565	S	83	166	249	0.00000
Halomonas lutescens	1602943	S	77	33	110	0.00000
Halomonas maris	2729617	S	52	172	224	0.00000
Halomonas shengliensis	419597	S	43	60	103	0.00000
Halomonas venusta	44935	S	36	19	55	0.00000
Halomonas titanicae	664683	S	32	88	120	0.00000
Halomonas glaciei	186761	S	32	112	144	0.00000
Halomonas azerica	2732867	S	31	7	38	0.00000
Halomonas alkaliphila	272774	S	24	34	58	0.00000
Halomonas subterranea	416874	S	22	18	40	0.00000
Halomonas salipaludis	2032625	S	19	30	49	0.00000
Halomonas alimentaria	147248	S	19	30	49	0.00000
Halomonas songnenensis	1176243	S	17	3	20	0.00000
Halomonas ventosae	229007	S	15	21	36	0.00000
Halomonas campaniensis	213554	S	12	20	32	0.00000
Chromohalobacter israelensis	141390	S	1989	2270	4259	0.00006
Chromohalobacter salexigens	158080	S	17	25	42	0.00000
Chromohalobacter japonicus	223900	S	14	27	41	0.00000
Chromohalobacter marismortui	42055	S	12	3	15	0.00000
Cobetia amphilecti	1055104	S	320	261	581	0.00001
Pistricoccus aurantiacus	1883414	S	16	2	18	0.00000
Alloalcanivorax venustensis	172371	S	90970	335403	426373	0.00553
Alloalcanivorax xenomutans	1094342	S	5080	7612	12692	0.00016
Alloalcanivorax profundimaris	2735259	S	3899	5011	8910	0.00012
Alloalcanivorax marinus	1177169	S	3757	2598	6355	0.00008
Alloalcanivorax mobilis	2019569	S	612	163	775	0.00001
Alloalcanivorax gelatiniphagus	1194167	S	410	360	770	0.00001
Alloalcanivorax dieselolei	285091	S	367	309	676	0.00001
Alcanivorax sp.	1872427	S	11444	10441	21885	0.00028
Alcanivorax sp. UBA4485	1945988	S	3475	4700	8175	0.00011
Alcanivorax sp. 24	2545266	S	111	125	236	0.00000
Alcanivorax sp. DG881	236097	S	109	127	236	0.00000
Alcanivorax sp. DSM 26293	1798238	S	46	67	113	0.00000
Alcanivorax hongdengensis	519051	S	55	36	91	0.00000
Alcanivorax nanhaiticus	1177154	S	14	22	36	0.00000
Alcanivorax borkumensis	59754	S	13	4	17	0.00000
Ketobacter sp.	2083498	S	75	27	102	0.00000
Isoalcanivorax indicus	2202653	S	57	13	70	0.00000
Alcanivoracaceae bacterium	2024895	S	27	37	64	0.00000
Thalassolituus sp. UBA674	1947666	S	51557	28280	79837	0.00104
Thalassolituus sp. UBA2107	1947659	S	842	788	1630	0.00002
Thalassolituus sp. UBA1087	1947651	S	25	3	28	0.00000
Thalassolituus oleivorans	187493	S	25	19	44	0.00000
Oceanospirillaceae bacterium	1899355	S	5830	1739	7569	0.00010
Neptuniibacter sp. UBA6509	1946976	S	176	51	227	0.00000
Oleispira sp.	2024846	S	96	55	151	0.00000
Bacterioplanes sanyensis	1249553	S	83	4	87	0.00000
Bermanella sp.	2024825	S	33	16	49	0.00000
uncultured Litorivicinus sp.	1587531	S	291	203	494	0.00001
Endozoicomonas sp. G2_2	2821092	S	194	381	575	0.00001
uncultured SAR86 cluster bacterium	648174	S	263298	111192	374490	0.00486
SAR86 cluster bacterium SAR86A	1123866	S	45168	65626	110794	0.00144
SAR86 cluster bacterium AG-422-O05	2162561	S	5725	3054	8779	0.00011
SAR86 cluster bacterium REDSEA-S09_B4	1811643	S	2897	247	3144	0.00004
SAR86 cluster bacterium AG-359-O04	2162564	S	2339	3106	5445	0.00007
SAR86 cluster bacterium AG-447-A08	2162557	S	1258	339	1597	0.00002
SAR86 cluster bacterium AG-422-E19	2162560	S	356	1637	1993	0.00003
SAR86 cluster bacterium	2030880	S	294	206	500	0.00001
SAR86 cluster bacterium AG-349-I13	2162563	S	36	37	73	0.00000
SAR86 cluster bacterium AG-313-D11	2162552	S	25	11	36	0.00000
SAR86 cluster bacterium AG-422-P06	2162555	S	19	4	23	0.00000
SAR86 cluster bacterium SAR86B	1123867	S	13	23	36	0.00000
Candidatus Thioglobus sp. MED-G25	1986229	S	94128	75676	169804	0.00220
Candidatus Thioglobus sp.	2026721	S	209	283	492	0.00001
Candidatus Thioglobus sp. NP1	2508687	S	63	17	80	0.00000
uncultured Candidatus Thioglobus sp.	655186	S	1100	1331	2431	0.00003
Candidatus Thioglobus autotrophicus	1705394	S	94	18	112	0.00000
K189A clade bacterium	2315472	S	14313	11885	26198	0.00034
uncultured OM182 clade bacterium	1128416	S	308	83	391	0.00001
OM182 bacterium MED-G28	1986256	S	21	4	25	0.00000
OM182 bacterium MED-G24	1986255	S	17	0	17	0.00000
OM182 bacterium	2510334	S	16	5	21	0.00000
uncultured Pseudohongiella sp.	1772216	S	1057	1811	2868	0.00004
Candidatus Pseudothioglobus singularis	1427364	S	14	6	20	0.00000
Alteromonas australica	589873	S	84670	44165	128835	0.00167
Alteromonas macleodii	28108	S	16584	30145	46729	0.00061
Alteromonas sp. IB21	2779369	S	1421	1492	2913	0.00004
Alteromonas sp. BL110	1714845	S	162	108	270	0.00000
Alteromonas sp. RKMC-009	2267264	S	53	12	65	0.00000
Alteromonas sp. KC3	2795688	S	44	9	53	0.00000
Alteromonas sp. KUL106	2480799	S	25	6	31	0.00000
Alteromonas sp. V450	1912139	S	16	8	24	0.00000
Alteromonas sp. KUL42	2480797	S	14	1	15	0.00000
Alteromonas sp. ALT199	1298865	S	13	5	18	0.00000
Alteromonas abrolhosensis	1892904	S	1210	1410	2620	0.00003
Alteromonas marina	203795	S	745	1225	1970	0.00003
Alteromonas mediterranea	314275	S	452	721	1173	0.00002
Alteromonas profundi	2696062	S	225	148	373	0.00000
Alteromonas alba	2079529	S	166	1745	1911	0.00002
Alteromonas oceanisediminis	2836180	S	160	44	204	0.00000
Alteromonas antoniana	2803813	S	149	213	362	0.00000
Alteromonas portus	2565549	S	84	80	164	0.00000
Alteromonas oceani	2071609	S	74	443	517	0.00001
Alteromonas naphthalenivorans	715451	S	32	63	95	0.00000
Alteromonas gracilis	1479524	S	18	11	29	0.00000
Alteromonas pelagimontana	1858656	S	17	4	21	0.00000
Salinimonas iocasae	2572577	S	76	35	111	0.00000
Salinimonas sediminis	2303538	S	18	17	35	0.00000
Alteromonadaceae bacterium	1916082	S	443	330	773	0.00001
Alteromonadaceae bacterium UBA2620	1951386	S	322	1749	2071	0.00003
Glaciecola sp. UBA1851	1946570	S	31	4	35	0.00000
Glaciecola sp. XM2	1914931	S	19	0	19	0.00000
Marisediminitalea aggregata	634436	S	45	8	53	0.00000
Paraglaciecola chathamensis	368405	S	12	3	15	0.00000
Hydrocarboniclastica marina	2259620	S	13	4	17	0.00000
Pseudoalteromonas sp. NBT06-2	2025950	S	2982	217	3199	0.00004
Pseudoalteromonas sp. '520P1 No. 423'	1690037	S	570	120	690	0.00001
Pseudoalteromonas sp. H71	1348395	S	99	102	201	0.00000
Pseudoalteromonas sp. DL-6	1390185	S	96	251	347	0.00000
Pseudoalteromonas sp. MEBiC 03607	2563601	S	49	98	147	0.00000
Pseudoalteromonas sp. 0303	2743618	S	26	183	209	0.00000
Pseudoalteromonas sp.	53249	S	15	40	55	0.00000
Pseudoalteromonas tetraodonis	43659	S	719	2030	2749	0.00004
Pseudoalteromonas phenolica	161398	S	214	35	249	0.00000
Pseudoalteromonas atlantica	288	S	126	175	301	0.00000
Pseudoalteromonas piratica	1348114	S	118	48	166	0.00000
Pseudoalteromonas lipolytica	570156	S	101	186	287	0.00000
Pseudoalteromonas undina	43660	S	88	235	323	0.00000
Pseudoalteromonas shioyasakiensis	1190813	S	54	279	333	0.00000
Pseudoalteromonas ruthenica	151081	S	53	11	64	0.00000
Pseudoalteromonas marina	267375	S	53	62	115	0.00000
Pseudoalteromonas arabiensis	874454	S	52	27	79	0.00000
Pseudoalteromonas rhizosphaerae	2518973	S	13	31	44	0.00000
Algicola sp.	1872429	S	20	4	24	0.00000
Aliidiomarina maris	531312	S	2840	1697	4537	0.00006
Aliidiomarina sanyensis	1249555	S	13	2	15	0.00000
Aliidiomarina iranensis	1434071	S	13	1	14	0.00000
Idiomarina baltica	190892	S	678	776	1454	0.00002
Idiomarina aquatica	1327752	S	286	163	449	0.00001
Idiomarina loihiensis	135577	S	140	83	223	0.00000
Idiomarina zobellii	86103	S	104	165	269	0.00000
Idiomarina piscisalsi	1096243	S	18	17	35	0.00000
Idiomarina fontislapidosi	263723	S	16	5	21	0.00000
Idiomarina sp. X4	2055892	S	13	19	32	0.00000
Idiomarinaceae bacterium	1898113	S	314	264	578	0.00001
Pseudidiomarina aquimaris	641841	S	71	73	144	0.00000
Pseudidiomarina woesei	1381080	S	25	67	92	0.00000
Pseudidiomarina donghaiensis	519452	S	17	92	109	0.00000
Moritella sp. Urea-trap-13	2058327	S	68	58	126	0.00000
Moritella sp. 5	2746231	S	17	40	57	0.00000
Moritella viscosa	80854	S	31	42	73	0.00000
Thalassotalea sp. PP2-459	1742724	S	12	4	16	0.00000
Cognaticolwellia aestuarii	329993	S	13	7	20	0.00000
Shewanella sp. 10N.286.51.B7	1880836	S	22	48	70	0.00000
Abyssibacter profundi	2182787	S	49754	10822	60576	0.00079
Salinisphaera shabanensis	180542	S	19942	12574	32516	0.00042
Salinisphaera sp. UBA6602	1947455	S	2158	2315	4473	0.00006
Salinisphaera sp. UBA1666	1947454	S	491	317	808	0.00001
Salinisphaera sp.	1914330	S	459	344	803	0.00001
Salinisphaera japonica	1304270	S	842	1195	2037	0.00003
Salinisphaera halophila	1304158	S	104	337	441	0.00001
Salinisphaera hydrothermalis	563188	S	20	5	25	0.00000
Salinisphaera orenii	856731	S	18	51	69	0.00000
Acinetobacter pittii	48296	S	3783	29043	32826	0.00043
Acinetobacter baumannii	470	S	1791	4707	6498	0.00008
Acinetobacter nosocomialis	106654	S	1262	3380	4642	0.00006
Acinetobacter seifertii	1530123	S	78	377	455	0.00001
Acinetobacter lactucae	1785128	S	60	296	356	0.00000
Acinetobacter calcoaceticus	471	S	47	90	137	0.00000
Acinetobacter sp. WC-141	903915	S	22	151	173	0.00000
Acinetobacter geminorum	2730922	S	862	9142	10004	0.00013
Acinetobacter brisouii	396323	S	597	1707	2304	0.00003
Acinetobacter kanungonis	2699469	S	487	670	1157	0.00002
Acinetobacter junii	40215	S	385	1840	2225	0.00003
Acinetobacter ursingii	108980	S	324	1433	1757	0.00002
Acinetobacter baylyi	202950	S	321	316	637	0.00001
Acinetobacter venetianus	52133	S	304	420	724	0.00001
Acinetobacter sp. WCHA45	2004644	S	94	842	936	0.00001
Acinetobacter sp. CIP 110321	1217699	S	39	263	302	0.00000
Acinetobacter sp. Ver3	466088	S	19	48	67	0.00000
Acinetobacter sp.	472	S	16	52	68	0.00000
Acinetobacter indicus	756892	S	162	719	881	0.00001
Acinetobacter schindleri	108981	S	117	437	554	0.00001
Acinetobacter vivianii	1776742	S	61	158	219	0.00000
Acinetobacter haemolyticus	29430	S	52	433	485	0.00001
Acinetobacter parvus	134533	S	45	258	303	0.00000
Acinetobacter rongchengensis	2419601	S	39	198	237	0.00000
Acinetobacter radioresistens	40216	S	33	31	64	0.00000
Acinetobacter courvalinii	280147	S	27	61	88	0.00000
Acinetobacter modestus	1776740	S	26	190	216	0.00000
Acinetobacter variabilis	70346	S	26	113	139	0.00000
Acinetobacter soli	487316	S	20	18	38	0.00000
Acinetobacter populi	1582270	S	14	18	32	0.00000
Acinetobacter idrijaensis	1507807	S	14	634	648	0.00001
Acinetobacter bereziniae	106648	S	14	55	69	0.00000
Acinetobacter gerneri	202952	S	13	21	34	0.00000
Acinetobacter towneri	202956	S	13	73	86	0.00000
Acinetobacter oleivorans	1148157	S	13	106	119	0.00000
Acinetobacter tandoii	202954	S	12	62	74	0.00000
Acinetobacter johnsonii	40214	S	12	60	72	0.00000
Psychrobacter submarinus	154108	S	1253	1445	2698	0.00003
Psychrobacter celer	306572	S	566	746	1312	0.00002
Psychrobacter sp. bablab_jr014	2755139	S	293	163	456	0.00001
Psychrobacter sp.	56811	S	25	2	27	0.00000
Psychrobacter pacificensis	112002	S	326	1676	2002	0.00003
Psychrobacter piscatorii	554343	S	58	167	225	0.00000
Alkanindiges hydrocarboniclasticus	1907941	S	16	30	46	0.00000
Alkanindiges illinoisensis	197183	S	13	18	31	0.00000
Moraxella osloensis	34062	S	14	19	33	0.00000
Moraxellaceae bacterium REDSEA-S32_B1	1811612	S	22	33	55	0.00000
Marinobacter shengliensis	1389223	S	9667	17381	27048	0.00035
Marinobacter lutaoensis	135739	S	4820	2873	7693	0.00010
Marinobacter sp. LQ44	1749259	S	2886	9816	12702	0.00016
Marinobacter sp.	50741	S	281	291	572	0.00001
Marinobacter sp. B9-2	2137198	S	268	1218	1486	0.00002
Marinobacter sp. Arc7-DN-1	2304594	S	174	304	478	0.00001
Marinobacter sp. EhC06	1849169	S	60	146	206	0.00000
Marinobacter nauticus	2743	S	3095	2614	5709	0.00007
Marinobacter vinifirmus	355591	S	1502	3285	4787	0.00006
Marinobacter fuscus	2109942	S	1266	2474	3740	0.00005
Marinobacter manganoxydans	1150997	S	242	4569	4811	0.00006
Marinobacter salarius	1420917	S	203	459	662	0.00001
Marinobacter segnicrescens	430453	S	172	132	304	0.00000
Marinobacter persicus	930118	S	135	207	342	0.00000
Marinobacter salsuginis	418719	S	70	109	179	0.00000
Marinobacter denitrificans	2597703	S	60	84	144	0.00000
Marinobacter aromaticivorans	1494078	S	50	16	66	0.00000
Marinobacter litoralis	187981	S	47	13	60	0.00000
Marinobacter oulmenensis	643747	S	33	6	39	0.00000
Marinobacter flavimaris	262076	S	32	602	634	0.00001
Marinobacter excellens	218670	S	22	32	54	0.00000
Marinobacter algicola	236100	S	15	21	36	0.00000
Marinobacter antarcticus	564117	S	15	9	24	0.00000
Marinobacter adhaerens	1033846	S	13	116	129	0.00000
Marinobacter pelagius	379482	S	13	10	23	0.00000
Pseudomonas promysalinigenes	485898	S	3242	5038	8280	0.00011
Pseudomonas aeruginosa	287	S	456	631	1087	0.00001
Pseudomonas anguilliseptica	53406	S	40	82	122	0.00000
Pseudomonas sp.	306	S	183	1155	1338	0.00002
Pseudomonas sp. SSM44	2487347	S	96	128	224	0.00000
Pseudomonas sp. LS-2	2315859	S	74	64	138	0.00000
Pseudomonas sp. MYb185	1848729	S	16	13	29	0.00000
Pseudomonas khazarica	2502979	S	359	655	1014	0.00001
Pseudomonas putida	303	S	45	165	210	0.00000
Pseudomonas fluorescens	294	S	26	106	132	0.00000
Pseudomonas saliphila	2586906	S	26	18	44	0.00000
Pseudomonas marincola	437900	S	25	15	40	0.00000
Pseudomonas luteola	47886	S	14	3	17	0.00000
Pseudomonas juntendi	2666183	S	12	43	55	0.00000
Halopseudomonas pachastrellae	254161	S	1258	2182	3440	0.00004
Halopseudomonas gallaeciensis	857227	S	466	556	1022	0.00001
Halopseudomonas yangmingensis	1720063	S	200	145	345	0.00000
Halopseudomonas salegens	1434072	S	117	28	145	0.00000
Halopseudomonas sabulinigri	472181	S	108	29	137	0.00000
Halopseudomonas aestusnigri	857252	S	94	113	207	0.00000
Halopseudomonas oceani	1708783	S	61	74	135	0.00000
Halopseudomonas formosensis	1002526	S	23	24	47	0.00000
Halopseudomonas litoralis	797277	S	19	16	35	0.00000
Stutzerimonas balearica	74829	S	378	920	1298	0.00002
Stutzerimonas stutzeri	316	S	243	524	767	0.00001
Pseudomonadaceae bacterium UBA836	1952795	S	75	97	172	0.00000
Pseudomonadales bacterium	1891229	S	439	210	649	0.00001
Gammaproteobacteria bacterium UBA2168	1948591	S	12	0	12	0.00000
Spongiibacter tropicus	454602	S	24589	19467	44056	0.00057
Spongiibacter marinus	354246	S	245	263	508	0.00001
Spongiibacter sp. IMCC21906	1620392	S	103	86	189	0.00000
Spongiibacter pelagi	2760804	S	99	161	260	0.00000
Spongiibacter nanhainus	2794344	S	59	17	76	0.00000
Sinobacterium caligoides	933926	S	130	2	132	0.00000
Spongiibacteraceae bacterium	2026793	S	21	4	25	0.00000
Halieaceae bacterium	2026743	S	19858	5334	25192	0.00033
Halioglobus japonicus	930805	S	152	9	161	0.00000
Halioglobus pacificus	930806	S	142	21	163	0.00000
Halioglobus sp.	2024834	S	13	8	21	0.00000
Luminiphilus sp.	2590574	S	83	66	149	0.00000
Haliea sp.	1932666	S	31	4	35	0.00000
Haliea salexigens	287487	S	27	54	81	0.00000
Congregibacter litoralis	393662	S	31	33	64	0.00000
Sediminihaliea albiluteola	2758564	S	15	1	16	0.00000
Pseudohaliea rubra	475795	S	14	0	14	0.00000
uncultured SAR92 cluster bacterium	1118066	S	15449	2127	17576	0.00023
SAR92 clade bacterium	2315479	S	16	5	21	0.00000
Porticoccaceae bacterium UBA1117	1952748	S	1855	95	1950	0.00003
Porticoccaceae bacterium	2026782	S	1195	450	1645	0.00002
Porticoccus sp.	2024853	S	125	93	218	0.00000
Cellvibrio mixtus	39650	S	333	6	339	0.00000
Pseudomaricurvus alkylphenolicus	1306991	S	29	0	29	0.00000
Marinimicrobium koreense	306545	S	24	1	25	0.00000
Cellvibrionales bacterium UBA1969	1950786	S	101	83	184	0.00000
Acidiferrobacteraceae bacterium	2024893	S	54232	62588	116820	0.00152
Acidiferrobacter sp.	1872107	S	1022	2468	3490	0.00005
uncultured Gammaproteobacteria bacterium	86473	S	29976	10332	40308	0.00052
Woeseiaceae bacterium	2026806	S	10166	3332	13498	0.00018
uncultured Woeseiaceae bacterium	1983305	S	134	17	151	0.00000
Rheinheimera aquimaris	412437	S	3651	2390	6041	0.00008
Arsukibacterium sp. UBA3155	1946058	S	295	86	381	0.00000
Oceanococcus atlanticus	1317117	S	1960	137	2097	0.00003
Alkalispirillum mobile	85925	S	16	7	23	0.00000
Ectothiorhodospiraceae bacterium	2026737	S	14	4	18	0.00000
Chromatiales bacterium	2026725	S	132	18	150	0.00000
Halothiobacillus sp.	1891311	S	12	3	15	0.00000
Xanthomonadales bacterium	2006849	S	14095	2811	16906	0.00022
Stenotrophomonas maltophilia	40324	S	368	1506	1874	0.00002
Stenotrophomonas rhizophila	216778	S	25	116	141	0.00000
Pseudoxanthomonas japonensis	69284	S	25	50	75	0.00000
Rhodanobacter glycinis	582702	S	23	20	43	0.00000
uncultured Thiothrix sp.	223185	S	9767	1523	11290	0.00015
Thiotrichaceae bacterium	2030882	S	86	13	99	0.00000
Methylophaga sp.	2024840	S	2312	436	2748	0.00004
Methylophaga aminisulfidivorans	230105	S	71	46	117	0.00000
Cycloclasticus sp.	2024830	S	75	41	116	0.00000
Piscirickettsiaceae bacterium	2030828	S	23	4	27	0.00000
uncultured Francisellaceae bacterium	393692	S	848	12	860	0.00001
Thiotrichales bacterium	2026796	S	682	131	813	0.00001
Cysteiniphilum halobium	2219059	S	13	7	20	0.00000
Legionellales bacterium	2026754	S	3022	633	3655	0.00005
Coxiellaceae bacterium	2026727	S	1610	211	1821	0.00002
Coxiellaceae bacterium UBA1530	1951631	S	81	115	196	0.00000
uncultured Coxiella sp.	189542	S	331	45	376	0.00000
Legionella impletisoli	343510	S	21	45	66	0.00000
Legionellaceae bacterium	2026753	S	68	4	72	0.00000
Vibrio campbellii	680	S	284	310	594	0.00001
Vibrio azureus	512649	S	118	107	225	0.00000
Vibrio sagamiensis	512650	S	62	45	107	0.00000
Vibrio sp. AND4	314289	S	38	8	46	0.00000
Vibrio alginolyticus	663	S	20	27	47	0.00000
Vibrio sp. HI00D65	1822216	S	442	627	1069	0.00001
Vibrio caribbeanicus	701175	S	200	10	210	0.00000
Vibrio cyclitrophicus	47951	S	115	164	279	0.00000
Vibrio splendidus	29497	S	40	71	111	0.00000
Vibrio chagasii	170679	S	16	25	41	0.00000
Vibrio fluvialis	676	S	14	6	20	0.00000
Paraphotobacterium marinum	1755811	S	1460	343	1803	0.00002
Photobacterium angustum	661	S	33	138	171	0.00000
Photobacterium kishitanii	318456	S	26	32	58	0.00000
Photobacterium leiognathi	553611	S	16	51	67	0.00000
Veronia nyctiphanis	1278244	S	20	1	21	0.00000
Enterovibrio pacificus	1080227	S	13	1	14	0.00000
Enterobacter cloacae	550	S	361	1450	1811	0.00002
Enterobacter kobei	208224	S	18	83	101	0.00000
Klebsiella pneumoniae	573	S	103	564	667	0.00001
Klebsiella aerogenes	548	S	39	60	99	0.00000
Klebsiella quasipneumoniae	1463165	S	13	46	59	0.00000
Pantoea dispersa	59814	S	65	81	146	0.00000
Pantoea sp. AS-PWVM4	1332069	S	23	26	49	0.00000
[Pantoea] beijingensis	1324864	S	12	4	16	0.00000
Providencia huaxiensis	2027290	S	25	22	47	0.00000
Methylococcaceae bacterium UBA1147	1952219	S	1677	225	1902	0.00002
Methylococcaceae bacterium	1933926	S	22	7	29	0.00000
Methylococcaceae bacterium TMED69	1986766	S	18	3	21	0.00000
Methylococcales bacterium OPU3_GD_OMZ	1920888	S	231	56	287	0.00000
Sinimarinibacterium flocculans	985250	S	106	70	176	0.00000
Sinimarinibacterium sp. NLF-5-8	2698684	S	20	28	48	0.00000
Polycyclovorans sp.	2024852	S	20	35	55	0.00000
Mannheimia sp. USDA-ARS-USMARC-1261	1432056	S	79	42	121	0.00000
Zobellella denitrificans	347534	S	20	8	28	0.00000
Oceanimonas smirnovii	264574	S	23	7	30	0.00000
Proteobacteria bacterium UBA1148	1948131	S	20990	1797	22787	0.00030
Pseudomonadota bacterium	1977087	S	10130	2836	12966	0.00017
Proteobacteria bacterium UBA1673	1948137	S	498	2	500	0.00001
Proteobacteria bacterium UBA2996	1948156	S	225	157	382	0.00000
Proteobacteria bacterium UBA6503	1948193	S	192	12	204	0.00000
Proteobacteria bacterium UBA7447	1948216	S	82	91	173	0.00000
Proteobacteria bacterium UBA1278	1948133	S	81	0	81	0.00000
Proteobacteria bacterium UBA2133	1948144	S	28	0	28	0.00000
Extensimonas vulgaris	1031594	S	1035	1057	2092	0.00003
Acidovorax sp. KKS102	358220	S	23	119	142	0.00000
Acidovorax delafieldii	47920	S	31	106	137	0.00000
Acidovorax temperans	80878	S	23	92	115	0.00000
Curvibacter sp.	1888168	S	257	196	453	0.00001
Pelomonas puraquae	431059	S	136	396	532	0.00001
Ottowia sp.	1898956	S	98	110	208	0.00000
Comamonas terrigena	32013	S	63	41	104	0.00000
Pseudacidovorax intermedius	433924	S	23	83	106	0.00000
Diaphorobacter nitroreducens	164759	S	47	85	132	0.00000
Diaphorobacter aerolatus	1288495	S	23	39	62	0.00000
Pusillimonas sp. (ex Stolz et al. 2005)	1979962	S	207	83	290	0.00000
Pusillimonas sp. UBA3987	1947369	S	148	84	232	0.00000
Pusillimonas maritima	2026239	S	23	20	43	0.00000
Eoetvoesia caeni	645616	S	317	701	1018	0.00001
Achromobacter xylosoxidans	85698	S	26	92	118	0.00000
Alcaligenes faecalis	511	S	77	31	108	0.00000
Limnobacter sp. SAORIC-580	2732163	S	179	366	545	0.00001
Limnobacter sp. MED105	391597	S	129	149	278	0.00000
Limnobacter sp. CACIAM 66H1	1813033	S	128	215	343	0.00000
Burkholderiaceae bacterium	2030806	S	278	208	486	0.00001
Cupriavidus pauculus	82633	S	37	44	81	0.00000
Ralstonia pickettii	329	S	14	30	44	0.00000
Ralstonia insidiosa	190721	S	13	21	34	0.00000
Paraburkholderia azotifigens	2057004	S	14	7	21	0.00000
Herbaspirillum huttiense	863372	S	131	339	470	0.00001
Massilia timonae	47229	S	70	204	274	0.00000
Massilia sp.	1882437	S	15	53	68	0.00000
Janthinobacterium sp. PC23-8	2012679	S	30	22	52	0.00000
uncultured Burkholderiales bacterium	208544	S	297	179	476	0.00001
Burkholderiales bacterium	1891238	S	109	104	213	0.00000
Aquabacterium sp.	1872578	S	14	33	47	0.00000
Aquabacterium parvum	70584	S	26	93	119	0.00000
Nitrosomonadaceae bacterium	2026767	S	361	43	404	0.00001
Sideroxydans sp.	2067989	S	97	72	169	0.00000
Gallionellaceae bacterium	2052162	S	32	5	37	0.00000
Nitrosomonadales bacterium	2026761	S	46	13	59	0.00000
Methylophilales bacterium BACL14 MAG-120910-bin43	1655608	S	16	7	23	0.00000
Methyloversatilis discipulorum	1119528	S	50	43	93	0.00000
uncultured Methylophilaceae bacterium	239732	S	37	9	46	0.00000
uncultured beta proteobacterium	86027	S	474	228	702	0.00001
Dechloromonas sp.	1917218	S	345	345	690	0.00001
Betaproteobacteria bacterium TMED156	1986667	S	36	81	117	0.00000
Betaproteobacteria bacterium TMED41	1986668	S	28	3	31	0.00000
Betaproteobacteria bacterium	1891241	S	18	7	25	0.00000
Candidatus Lambdaproteobacteria bacterium	2035771	S	1475	69	1544	0.00002
uncultured proteobacterium	153809	S	1464	222	1686	0.00002
zeta proteobacterium SCGC AB-137-C09	1131284	S	21	9	30	0.00000
Hydrogenophilales bacterium	2478482	S	16	4	20	0.00000
Zunongwangia profunda	398743	S	7773801	3240609	11014410	0.14287
Zunongwangia atlantica	1502297	S	53073	16764	69837	0.00091
Zunongwangia mangrovi	1334022	S	5405	1567	6972	0.00009
Mesonia oceanica	2687242	S	1298471	133843	1432314	0.01858
Mesonia mobilis	369791	S	54387	64587	118974	0.00154
Mesonia sp.	1960830	S	5390	5864	11254	0.00015
Mesonia sp. HuA40	2602761	S	20	0	20	0.00000
Mesonia aquimarina	1504967	S	1863	347	2210	0.00003
Mesonia phycicola	579105	S	458	38	496	0.00001
Leeuwenhoekiella blandensis	360293	S	387253	83117	470370	0.00610
Leeuwenhoekiella palythoae	573501	S	15315	3005	18320	0.00024
Leeuwenhoekiella nanhaiensis	1655491	S	2262	604	2866	0.00004
Leeuwenhoekiella marinoflava	988	S	480	206	686	0.00001
Leeuwenhoekiella polynyae	1550906	S	234	420	654	0.00001
Leeuwenhoekiella aequorea	283736	S	207	49	256	0.00000
Leeuwenhoekiella sp.	1977054	S	194	26	220	0.00000
Leeuwenhoekiella aestuarii	2249426	S	50	80	130	0.00000
Muricauda ruestringensis	111501	S	130698	61123	191821	0.00249
Muricauda oceanensis	2499163	S	56212	19118	75330	0.00098
Muricauda sp.	192149	S	2713	1767	4480	0.00006
Muricauda sp. CP2A	1848189	S	1316	673	1989	0.00003
Muricauda sp. ARW1Y1	2663843	S	241	37	278	0.00000
Muricauda sp. MAR_2010_75	1250232	S	178	84	262	0.00000
Muricauda sp. TMED12	1986608	S	156	66	222	0.00000
Muricauda sp. TY007	2683200	S	54	104	158	0.00000
Muricauda brasiliensis	2162892	S	530	112	642	0.00001
Muricauda aequoris	2306997	S	371	194	565	0.00001
Muricauda sediminis	2696468	S	352	173	525	0.00001
Muricauda oceani	2698672	S	194	121	315	0.00000
Muricauda hadalis	2597517	S	170	56	226	0.00000
Muricauda lutimaris	475082	S	71	30	101	0.00000
Muricauda alvinocaridis	2530200	S	48	17	65	0.00000
Muricauda maritima	2306998	S	43	40	83	0.00000
Muricauda zhangzhouensis	1073328	S	22	2	24	0.00000
Muricauda aquimarina	254955	S	13	2	15	0.00000
Christiangramia flava	1486245	S	109095	7662	116757	0.00151
Christiangramia bathymodioli	2541727	S	2468	233	2701	0.00004
Gramella sp. Hel_I_59	1249978	S	36	2	38	0.00000
Christiangramia gaetbulicola	703340	S	13	0	13	0.00000
Christiangramia salexigens	1913577	S	13	0	13	0.00000
Flavobacteriaceae bacterium	1871037	S	111582	15451	127033	0.00165
Flavobacteriaceae bacterium UBA1978	1951807	S	511	16	527	0.00001
Flavobacteriaceae bacterium UBA3356	1951828	S	123	47	170	0.00000
Flavobacteriaceae bacterium UBA7302	1951874	S	93	1	94	0.00000
Flavobacteriaceae bacterium UBA3611	1951834	S	78	7	85	0.00000
Flavobacteriaceae bacterium UBA3159	1951822	S	72	8	80	0.00000
Flavobacteriaceae bacterium UBA5534	1951857	S	49	9	58	0.00000
Flavobacteriaceae bacterium PRS1	2483459	S	40	4	44	0.00000
Flavobacteriaceae bacterium UBA3179	1951824	S	23	18	41	0.00000
Flavobacteriaceae bacterium TMED48	1986717	S	21	5	26	0.00000
Flavobacteriaceae bacterium TMED68	1986718	S	18	11	29	0.00000
Flavobacteriaceae bacterium XHP0103	2844359	S	13	0	13	0.00000
Salegentibacter sp. Hel_I_6	1250278	S	7610	3307	10917	0.00014
Salegentibacter sp. R32	1486285	S	6527	783	7310	0.00009
Salegentibacter sp.	1903072	S	2705	346	3051	0.00004
Salegentibacter sp. 24	2183986	S	68	20	88	0.00000
Salegentibacter mishustinae	270918	S	6279	4117	10396	0.00013
Salegentibacter salarius	435906	S	633	295	928	0.00001
Salegentibacter agarivorans	345907	S	417	187	604	0.00001
Salegentibacter echinorum	1073325	S	150	7	157	0.00000
Salegentibacter maritimus	2794347	S	116	9	125	0.00000
Euzebyella marina	1761453	S	28847	6370	35217	0.00046
Aequorivita sp.	1872390	S	21055	4014	25069	0.00033
Aequorivita sp. UBA3180	1947773	S	1425	286	1711	0.00002
Aequorivita vladivostokensis	171194	S	1215	265	1480	0.00002
Aequorivita aquimaris	1548749	S	120	39	159	0.00000
Aequorivita iocasae	2803865	S	23	6	29	0.00000
Aequorivita sinensis	1382458	S	14	0	14	0.00000
Aequorivita viscosa	797419	S	13	0	13	0.00000
Maribacter litoralis	2059726	S	11166	5022	16188	0.00021
Maribacter dokdonensis	320912	S	3496	814	4310	0.00006
Maribacter cobaltidurans	1178778	S	728	217	945	0.00001
Maribacter sp.	1897614	S	165	18	183	0.00000
Maribacter sp. 4G9	1889777	S	60	22	82	0.00000
Maribacter forsetii	444515	S	56	15	71	0.00000
Maribacter caenipelagi	1447781	S	40	15	55	0.00000
Maribacter aquivivus	228958	S	22	13	35	0.00000
Maribacter orientalis	228957	S	18	4	22	0.00000
Flavobacterium suaedae	1767027	S	7452	316	7768	0.00010
Flavobacterium sp.	239	S	3614	1649	5263	0.00007
Flavobacterium sp. CS20	2775246	S	68	5	73	0.00000
Flavobacterium sp. MK4S-17	2543737	S	13	0	13	0.00000
Flavimarina sp. Hel_I_48	1392488	S	10742	958	11700	0.00015
Winogradskyella sp.	1883156	S	1694	133	1827	0.00002
Winogradskyella endarachnes	2681965	S	1445	109	1554	0.00002
Winogradskyella algicola	2575815	S	199	62	261	0.00000
Winogradskyella forsetii	2686077	S	52	11	63	0.00000
Winogradskyella epiphytica	262005	S	40	4	44	0.00000
Winogradskyella jejuensis	1089305	S	17	3	20	0.00000
Winogradskyella psychrotolerans	1344585	S	17	3	20	0.00000
Joostella marina	453852	S	2773	448	3221	0.00004
Aquimarina sp.	1872586	S	719	39	758	0.00001
Aquimarina sp. U1-2	2823141	S	147	4	151	0.00000
Nonlabens xiamenensis	2341043	S	600	8	608	0.00001
Nonlabens antarcticus	392714	S	55	5	60	0.00000
Nonlabens spongiae	331648	S	40	3	43	0.00000
Nonlabens tegetincola	323273	S	22	2	24	0.00000
Nonlabens sp.	1888209	S	21	0	21	0.00000
Pricia antarctica	641691	S	618	7	625	0.00001
Antarcticibacterium flavum	2058175	S	435	34	469	0.00001
Antarcticibacterium arcticum	2585771	S	67	3	70	0.00000
Mesoflavibacter zeaxanthinifaciens	393060	S	314	92	406	0.00001
Mesoflavibacter profundi	2708110	S	21	6	27	0.00000
Sinomicrobium oceani	1150368	S	242	20	262	0.00000
Kordia sp.	1965332	S	173	29	202	0.00000
Altibacter sp.	2024823	S	143	2	145	0.00000
Altibacter lentus	1223410	S	26	2	28	0.00000
Salinimicrobium nanhaiense	2722701	S	84	17	101	0.00000
Salinimicrobium marinum	680283	S	41	0	41	0.00000
Tenacibaculum sp. SG-28	754426	S	34	0	34	0.00000
Tenacibaculum sp. SZ-18	754423	S	33	3	36	0.00000
Tenacibaculum maritimum	107401	S	55	3	58	0.00000
Arenibacter sp. 6A1	2720391	S	75	1	76	0.00000
Arenibacter latericius	86104	S	20	0	20	0.00000
Arenibacter certesii	228955	S	14	0	14	0.00000
Confluentibacter sediminis	2219045	S	93	9	102	0.00000
Mangrovimonas yunxiaonensis	1197477	S	87	6	93	0.00000
Psychroflexus aestuariivivens	1795040	S	43	2	45	0.00000
Psychroflexus sediminis	470826	S	20	0	20	0.00000
Psychroflexus sp. ALD_RP9	2777186	S	18	1	19	0.00000
Olleya sp. Hel_I_94	1250001	S	40	47	87	0.00000
Aureitalea marina	930804	S	81	1	82	0.00000
Gilvibacter sp. SZ-19	754429	S	42	2	44	0.00000
Gilvibacter sp.	2729997	S	22	4	26	0.00000
Formosa sp.	2018467	S	32	8	40	0.00000
Formosa sediminum	2594004	S	12	1	13	0.00000
Mariniflexile fucanivorans	264023	S	43	1	44	0.00000
Haloflavibacter putidus	2576776	S	43	0	43	0.00000
Marixanthomonas ophiurae	387659	S	30	6	36	0.00000
Cellulophaga lytica	979	S	23	1	24	0.00000
Oceanihabitans sp. IOP_32	2529032	S	23	2	25	0.00000
Polaribacter atrinae	1333662	S	20	0	20	0.00000
uncultured Flavobacteriaceae bacterium	165436	S	29	6	35	0.00000
Algibacter sp. L1A34	2686365	S	20	1	21	0.00000
Bizionia echini	649333	S	12	1	13	0.00000
Bizionia sp.	1954480	S	12	0	12	0.00000
Luteirhabdus pelagi	2792783	S	23	1	24	0.00000
Candidatus Ulvibacter alkanivorans	2267620	S	17	2	19	0.00000
Pustulibacterium marinum	1224947	S	17	0	17	0.00000
Aquaticitalea lipolytica	1247562	S	17	1	18	0.00000
Croceivirga radicis	1929488	S	15	0	15	0.00000
Lutibacter sp. B1	2725996	S	14	1	15	0.00000
Aureicoccus marinus	754435	S	13	0	13	0.00000
Owenweeksia sp.	2024847	S	335220	9702	344922	0.00447
Owenweeksia hongkongensis	253245	S	24	13	37	0.00000
Flavobacteriales bacterium	2021391	S	46570	6430	53000	0.00069
Flavobacteriales bacterium UBA5081	1951031	S	2950	314	3264	0.00004
Flavobacteriales bacterium TMED113	1986662	S	1229	107	1336	0.00002
Flavobacteriales bacterium UBA1112	1950946	S	617	29	646	0.00001
Flavobacteriales bacterium TMED96	1986730	S	210	363	573	0.00001
Flavobacteriales bacterium UBA6770	1951056	S	121	7	128	0.00000
Flavobacteriales bacterium UBA6969	1951060	S	44	45	89	0.00000
Flavobacteriales bacterium TMED191	1986723	S	30	1	31	0.00000
Flavobacteriales bacterium UBA7878	1951087	S	29	12	41	0.00000
Flavobacteriales bacterium 32-35-8	1970509	S	23	19	42	0.00000
Flavobacteriales bacterium TMED123	1986721	S	16	19	35	0.00000
Crocinitomicaceae bacterium	2026728	S	8423	1049	9472	0.00012
Fluviicola sp.	1917219	S	31	2	33	0.00000
Empedobacter falsenii	343874	S	1144	1920	3064	0.00004
Empedobacter sp. UBA3475	1946435	S	45	61	106	0.00000
Chryseobacterium echinoideorum	1549648	S	135	151	286	0.00000
Chryseobacterium sp. UBA6561	1946323	S	43	34	77	0.00000
Chryseobacterium sp.	1871047	S	35	26	61	0.00000
Chryseobacterium sp. 36-9	1895905	S	33	41	74	0.00000
Chryseobacterium indologenes	253	S	89	140	229	0.00000
Chryseobacterium artocarpi	1414727	S	79	151	230	0.00000
Chryseobacterium taichungense	295069	S	53	62	115	0.00000
Chryseobacterium geocarposphaerae	1416776	S	31	18	49	0.00000
Chryseobacterium lacus	2058346	S	12	17	29	0.00000
Elizabethkingia bruuniana	1756149	S	37	94	131	0.00000
Algoriella xinjiangensis	684065	S	24	6	30	0.00000
Cryomorphaceae bacterium	1898111	S	286	72	358	0.00000
Cryomorphaceae bacterium MED-G11	1986259	S	37	25	62	0.00000
uncultured Cryomorphaceae bacterium	512288	S	103	25	128	0.00000
uncultured Flavobacteriales bacterium	213322	S	96	17	113	0.00000
Salibacter halophilus	1803916	S	14	0	14	0.00000
Flavobacteriia bacterium 40-80	1895763	S	19	5	24	0.00000
Cytophagaceae bacterium	2026729	S	84549	7485	92034	0.00119
Cytophaga sp. FL35	1904456	S	221	74	295	0.00000
Roseivirga pacifica	1267423	S	14068	571	14639	0.00019
Roseivirga spongicola	333140	S	5731	366	6097	0.00008
Roseivirga thermotolerans	1758176	S	488	6	494	0.00001
Roseivirga seohaensis	1914963	S	15	5	20	0.00000
Algoriphagus algorifonticola	2593007	S	2578	5740	8318	0.00011
Algoriphagus ornithinivorans	226506	S	2195	4059	6254	0.00008
Algoriphagus iocasae	1836499	S	900	578	1478	0.00002
Algoriphagus vanfongensis	426371	S	35	3	38	0.00000
Algoriphagus aquaeductus	475299	S	20	10	30	0.00000
Algoriphagus marinus	1925762	S	12	0	12	0.00000
Cyclobacterium marinum	104	S	153	19	172	0.00000
Cyclobacterium sp.	1966343	S	21	9	30	0.00000
Cyclobacterium lianum	388280	S	17	3	20	0.00000
Echinicola arenosa	2774144	S	21	0	21	0.00000
Echinicola vietnamensis	390884	S	14	2	16	0.00000
Belliella baltica	232259	S	39	11	50	0.00000
Cecembia calidifontis	1187080	S	23	12	35	0.00000
Cyclobacteriaceae bacterium	2099675	S	24	2	26	0.00000
uncultured Marinoscillum sp.	932004	S	12550	908	13458	0.00017
Ekhidna sp.	2608089	S	16	0	16	0.00000
Flammeovirgaceae bacterium	2026740	S	7836	1188	9024	0.00012
Flammeovirgaceae bacterium UBA7330	1951792	S	53	4	57	0.00000
Flexithrix dorotheae	70993	S	73	1	74	0.00000
Marivirga lumbricoides	1046115	S	7566	1165	8731	0.00011
Fulvivirga lutea	2810512	S	64	0	64	0.00000
Dyadobacter sp. 50-39	1895756	S	43	9	52	0.00000
Rufibacter ruber	1783499	S	17	3	20	0.00000
uncultured Bacteroidetes bacterium	152509	S	140331	10051	150382	0.00195
Bacteroidota bacterium	1898104	S	21081	723	21804	0.00028
Bacteroidetes bacterium MED-G21	1986267	S	867	3	870	0.00001
Bacteroidetes bacterium SCGC AAA795-G10	2175803	S	574	438	1012	0.00001
Bacteroidetes bacterium UBA1860	1953139	S	20	0	20	0.00000
Bacteroidetes bacterium UBA7674	1953172	S	20	0	20	0.00000
Bacteroidales bacterium	2030927	S	426	102	528	0.00001
Prevotella sp.	59823	S	19	26	45	0.00000
Porphyromonas somerae	322095	S	13	18	31	0.00000
Rikenellaceae bacterium	2049048	S	19	7	26	0.00000
uncultured Bacteroidales bacterium	194843	S	31	15	46	0.00000
Maribellus luteus	2305463	S	42	6	48	0.00000
Carboxylicivirga linearis	1628157	S	29	0	29	0.00000
Bacteroidia bacterium	2044936	S	17	1	18	0.00000
Saprospirales bacterium	2026790	S	541	14	555	0.00001
Saprospiraceae bacterium	2202734	S	162	2	164	0.00000
Sphingobacteriales bacterium	2044944	S	425	14	439	0.00001
Sphingobacterium siyangense	459529	S	20	23	43	0.00000
Sphingobacterium multivorum	28454	S	19	29	48	0.00000
Sphingobacterium alimentarium	797292	S	18	8	26	0.00000
Sphingobacterium mizutaii	1010	S	12	3	15	0.00000
Pedobacter nanyangensis	1562389	S	54	13	67	0.00000
Pseudopedobacter saltans	151895	S	12	1	13	0.00000
uncultured Flavihumibacter sp.	1145287	S	81	28	109	0.00000
Chitinophagaceae bacterium	1869212	S	71	4	75	0.00000
Rubrivirga sp. SAORIC476	1961794	S	99378	24638	124016	0.00161
Rubrivirga sp.	1885344	S	788	505	1293	0.00002
Rubrivirga marina	1196024	S	409	191	600	0.00001
Rubricoccus marinus	716817	S	116	2	118	0.00000
Rhodothermales bacterium	2306054	S	23	5	28	0.00000
Rhodothermaeota bacterium MED-G19	1986240	S	30	1	31	0.00000
Balneola sp.	2024824	S	1035	369	1404	0.00002
uncultured Balneola sp.	555950	S	208	239	447	0.00001
Balneolaceae bacterium UBA7797	1951519	S	183	34	217	0.00000
Balneolaceae bacterium UBA2956	1951494	S	115	75	190	0.00000
Balneolaceae bacterium	2053516	S	14	0	14	0.00000
Gracilimonas amylolytica	1749045	S	83	14	97	0.00000
Candidatus Marinimicrobia bacterium	2026760	S	1725428	219994	1945422	0.02523
Candidatus Marinimicrobia bacterium UBA1611	1953216	S	77342	50954	128296	0.00166
uncultured Candidatus Marinimicrobia bacterium	195045	S	33328	11447	44775	0.00058
Candidatus Marinimicrobia bacterium UBA7303	1953256	S	25497	8684	34181	0.00044
Candidatus Marinimicrobia bacterium UBA2125	1953217	S	7789	15918	23707	0.00031
Marinimicrobia bacterium SCGC AAA003-L08	939844	S	2843	13	2856	0.00004
Marinimicrobia bacterium SCGC AAA298-D23	939857	S	1632	2583	4215	0.00005
Candidatus Marinimicrobia bacterium UBA1134	1953213	S	986	357	1343	0.00002
Candidatus Marinimicrobia bacterium UBA7301	1953255	S	616	157	773	0.00001
Candidatus Marinimicrobia bacterium UBA6531	1953244	S	591	452	1043	0.00001
Candidatus Marinimicrobia bacterium UBA7308	1953257	S	307	30	337	0.00000
Candidatus Marinimicrobia bacterium UBA6931	1953249	S	226	21	247	0.00000
Candidatus Marinimicrobia bacterium UBA7300	1953254	S	155	119	274	0.00000
Candidatus Marinimicrobia bacterium 408169	1958814	S	148	23	171	0.00000
Candidatus Marinimicrobia bacterium UBA2980	1953230	S	115	34	149	0.00000
Candidatus Marinimicrobia bacterium REDSEA-S14_B6	1811603	S	115	17	132	0.00000
Marinimicrobia bacterium TCS55	1781246	S	79	13	92	0.00000
Candidatus Marinimicrobia bacterium UBA2986	1953231	S	75	5	80	0.00000
Gemmatimonadota bacterium	2026742	S	304824	99645	404469	0.00525
Gemmatimonadales bacterium UBA1120	1951099	S	23772	359459	383231	0.00497
Gemmatimonadales bacterium UBA7889	1951131	S	9519	76130	85649	0.00111
Gemmatimonadales bacterium UBA1142	1951102	S	7682	5669	13351	0.00017
Gemmatimonadales bacterium UBA2988	1951110	S	1055	35	1090	0.00001
Gemmatimonadales bacterium UBA2982	1951109	S	328	8	336	0.00000
Gemmatimonadales bacterium UBA2960	1951105	S	265	862	1127	0.00001
Gemmatimonadales bacterium UBA2989	1951111	S	101	21	122	0.00000
Gemmatimonadales bacterium UBA2975	1951107	S	15	38	53	0.00000
Gemmatimonadaceae bacterium	2026741	S	101	62	163	0.00000
Candidatus Latescibacteria bacterium	2053570	S	1544	96	1640	0.00002
Latescibacteria bacterium UBA6620	1948115	S	440	1	441	0.00001
Candidatus Latescibacteria bacterium ADurb.Bin168	1852850	S	18	1	19	0.00000
Candidatus Hydrogenedentes bacterium	2030809	S	431	12	443	0.00001
uncultured Candidatus Hydrogenedens sp.	1817954	S	112	13	125	0.00000
Microbacterium luteum	2782167	S	2420081	2676473	5096554	0.06611
Microbacterium sp. UBA1097	1946941	S	1125851	1022426	2148277	0.02787
Microbacterium sp.	51671	S	235424	103817	339241	0.00440
Microbacterium sp. 67-17	1895782	S	9946	8269	18215	0.00024
Microbacterium sp. 5K110	2578104	S	2614	2237	4851	0.00006
Microbacterium sp. 10M-3C3	2483401	S	1538	645	2183	0.00003
Microbacterium sp. AK009	2723068	S	247	58	305	0.00000
Microbacterium sp. LCT-H2	1914306	S	203	450	653	0.00001
Microbacterium sp. CSI-V	1933777	S	156	86	242	0.00000
Microbacterium sp. BR1	1070896	S	149	173	322	0.00000
Microbacterium sp. TNHR37B	1775956	S	128	71	199	0.00000
Microbacterium sp. NIBRBAC000506063	2734618	S	92	22	114	0.00000
Microbacterium sp. PF5	2305435	S	86	52	138	0.00000
Microbacterium sp. oral taxon 186	712383	S	83	133	216	0.00000
Microbacterium sp. AR7-10	1891970	S	56	37	93	0.00000
Microbacterium sp. RG1	2489212	S	47	9	56	0.00000
Microbacterium sp. H83	1827324	S	39	31	70	0.00000
Microbacterium sp. 70-16	1895785	S	37	23	60	0.00000
Microbacterium sp. SD291	2782007	S	37	14	51	0.00000
Microbacterium sp. CBA3102	2603598	S	25	12	37	0.00000
Microbacterium sp. T32	1776083	S	21	18	39	0.00000
Microbacterium sp. No. 7	1714373	S	14	9	23	0.00000
Microbacterium sp. VKM Ac-2870	2783825	S	12	2	14	0.00000
Microbacterium schleiferi	69362	S	15125	9032	24157	0.00031
Microbacterium atlanticum	2782168	S	5637	1710	7347	0.00010
Microbacterium ginsengisoli	400772	S	2401	1659	4060	0.00005
Microbacterium profundi	450380	S	1793	1022	2815	0.00004
Microbacterium aurum	36805	S	1013	914	1927	0.00002
Microbacterium esteraromaticum	57043	S	845	360	1205	0.00002
Microbacterium chocolatum	84292	S	777	408	1185	0.00002
Microbacterium helvum	2773713	S	540	205	745	0.00001
Microbacterium marinum	421115	S	342	271	613	0.00001
Microbacterium lacticum	33885	S	241	330	571	0.00001
Microbacterium enclense	993073	S	223	109	332	0.00000
Microbacterium ihumii	2736605	S	194	196	390	0.00001
Microbacterium telephonicum	1714841	S	153	59	212	0.00000
Microbacterium excoecariae	2715210	S	122	24	146	0.00000
Microbacterium imperiale	33884	S	115	50	165	0.00000
Microbacterium oleivorans	273677	S	97	34	131	0.00000
Microbacterium paraoxydans	199592	S	90	139	229	0.00000
Microbacterium testaceum	2033	S	65	28	93	0.00000
Microbacterium hibisci	2036000	S	60	25	85	0.00000
Microbacterium pullorum	2762236	S	58	15	73	0.00000
Microbacterium paulum	2707006	S	52	51	103	0.00000
Microbacterium invictum	515415	S	50	11	61	0.00000
Microbacterium lacus	415217	S	46	51	97	0.00000
Microbacterium pumilum	344165	S	45	6	51	0.00000
Microbacterium hominis	162426	S	39	22	61	0.00000
Microbacterium flavum	415216	S	26	12	38	0.00000
Microbacterium pseudoresistens	640634	S	18	4	22	0.00000
Microbacterium protaetiae	2509458	S	18	4	22	0.00000
Microbacterium algeriense	2615184	S	16	8	24	0.00000
Microbacterium laevaniformans	36807	S	15	40	55	0.00000
Leucobacter sp. wl10	2304677	S	45889	18886	64775	0.00084
Leucobacter sp. UBA1945	1946755	S	331	37	368	0.00000
Leucobacter sp. Ag1	1642040	S	116	25	141	0.00000
Leucobacter triazinivorans	1784719	S	3285	708	3993	0.00005
Leucobacter exalbidus	662960	S	316	24	340	0.00000
Leucobacter celer	668625	S	109	24	133	0.00000
Candidatus Leucobacter sulfamidivorax	2316469	S	70	47	117	0.00000
Leucobacter massiliensis	1686285	S	14	2	16	0.00000
Leucobacter weissii	1983706	S	13	6	19	0.00000
Cnuibacter physcomitrellae	1619308	S	5430	1199	6629	0.00009
Chryseoglobus indicus	2750620	S	2814	5552	8366	0.00011
Gulosibacter massiliensis	2479839	S	1243	1049	2292	0.00003
Gulosibacter molinativorax	256821	S	47	13	60	0.00000
Gulosibacter macacae	2488791	S	18	9	27	0.00000
Marinisubtilis pacificus	2591847	S	1287	2521	3808	0.00005
Microbacteriaceae bacterium UBA1487	1952239	S	683	696	1379	0.00002
Microbacteriaceae bacterium	1873462	S	31	6	37	0.00000
Curtobacterium sp. ZW137	2485104	S	19	110	129	0.00000
Curtobacterium luteum	33881	S	13	186	199	0.00000
Agrococcus sp. KRD186	2729730	S	179	81	260	0.00000
Agrococcus casei	343512	S	37	24	61	0.00000
Agrococcus pavilionensis	1346502	S	16	19	35	0.00000
Yonghaparkia alkaliphila	355930	S	139	69	208	0.00000
Microcella alkaliphila	279828	S	62	21	83	0.00000
Microcella flavibacter	1804990	S	28	20	48	0.00000
Leifsonia xyli	1575	S	89	51	140	0.00000
Pseudoclavibacter triregionum	2820673	S	58	32	90	0.00000
Pseudoclavibacter chungangensis	587635	S	14	5	19	0.00000
uncultured Schumannella sp.	1195956	S	60	39	99	0.00000
Compostimonas suwonensis	1048394	S	34	13	47	0.00000
Herbiconiux sp.	1871186	S	15	2	17	0.00000
Humibacter ginsenosidimutans	2599293	S	14	4	18	0.00000
Brevibacterium sp. W7.2	2823518	S	45944	91575	137519	0.00178
Brevibacterium sp. XM4083	2583238	S	2773	6413	9186	0.00012
Brevibacterium sp. CS2	2575923	S	25	37	62	0.00000
Brevibacterium sp. HMSC07C04	1581130	S	12	5	17	0.00000
Brevibacterium casei	33889	S	6254	7192	13446	0.00017
Brevibacterium ihuae	1631743	S	47	49	96	0.00000
Brevibacterium marinum	418643	S	23	4	27	0.00000
Brevibacterium senegalense	1033736	S	20	18	38	0.00000
Brevibacterium paucivorans	170994	S	17	10	27	0.00000
Brevibacterium pigmentatum	1496080	S	16	60	76	0.00000
Sediminivirga luteola	1774748	S	10641	6258	16899	0.00022
Micrococcales bacterium	2026762	S	3965	1372	5337	0.00007
Micrococcales bacterium 72-143	1895790	S	447	337	784	0.00001
Micrococcales bacterium 32-70-13	1970540	S	246	1201	1447	0.00002
Micrococcales bacterium 73-13	1895791	S	123	61	184	0.00000
Micrococcales bacterium UBA3913	1951170	S	38	5	43	0.00000
Micrococcales bacterium KH10	1945885	S	23	2	25	0.00000
Kocuria palustris	71999	S	658	453	1111	0.00001
Kocuria rhizophila	72000	S	112	114	226	0.00000
Kocuria polaris	136273	S	66	73	139	0.00000
Kocuria flava	446860	S	50	51	101	0.00000
Kocuria turfanensis	388357	S	22	17	39	0.00000
Kocuria rosea	1275	S	13	20	33	0.00000
Kocuria marina	223184	S	13	14	27	0.00000
Rothia dentocariosa	2047	S	69	28	97	0.00000
Rothia sp. (in: high G+C Gram-positive bacteria)	1885016	S	26	152	178	0.00000
Rothia sp. HMSC078H08	1715008	S	17	165	182	0.00000
Rothia mucilaginosa	43675	S	40	146	186	0.00000
Rothia kristinae	37923	S	27	15	42	0.00000
Rothia aeria	172042	S	26	7	33	0.00000
Rothia amarae	169480	S	22	6	28	0.00000
Glutamicibacter nicotianae	37929	S	247	184	431	0.00001
Glutamicibacter soli	453836	S	23	12	35	0.00000
Micrococcus luteus	1270	S	68	129	197	0.00000
Micrococcus endophyticus	455343	S	67	96	163	0.00000
Arthrobacter sp. FB24	290399	S	37	40	77	0.00000
Arthrobacter sp. TPD3018	2171974	S	15	34	49	0.00000
Haematomicrobium sanguinis	479106	S	68	20	88	0.00000
Candidatus Nesterenkonia stercoripullorum	2838701	S	12	11	23	0.00000
Tersicoccus phoenicis	554083	S	13	6	19	0.00000
Galactobacter valiniphilus	2676122	S	18	5	23	0.00000
Brachybacterium paraconglomeratum	173362	S	1243	1772	3015	0.00004
Brachybacterium sp. EE-P12	2306299	S	21	25	46	0.00000
Brachybacterium epidermidis	2781983	S	32	64	96	0.00000
Brachybacterium massiliense	1755098	S	21	30	51	0.00000
Candidatus Brachybacterium merdigallinarum	2838514	S	15	6	21	0.00000
Brachybacterium muris	219301	S	15	41	56	0.00000
Brachybacterium saurashtrense	556288	S	13	10	23	0.00000
Demequina sp. NBRC 110052	1570341	S	2137	835	2972	0.00004
Demequina activiva	1582364	S	48	16	64	0.00000
Demequina iriomotensis	1536641	S	42	52	94	0.00000
Janibacter indicus	857417	S	639	262	901	0.00001
Janibacter melonis	262209	S	104	29	133	0.00000
Tetrasphaera australiensis	99480	S	152	60	212	0.00000
Knoellia remsis	407159	S	137	82	219	0.00000
Ornithinibacter aureus	622664	S	16	24	40	0.00000
Ornithinimicrobium sp. CNJ-824	1904966	S	210	90	300	0.00000
Ornithinimicrobium flavum	1288636	S	121	62	183	0.00000
Serinicoccus chungangensis	767452	S	85	59	144	0.00000
Serinicoccus marinus	247333	S	22	21	43	0.00000
Cellulomonas hominis	156981	S	171	178	349	0.00000
Actinotalea ferrariae	1386098	S	34	26	60	0.00000
Georgenia muralis	154117	S	246	54	300	0.00000
Georgenia satyanarayanai	860221	S	15	3	18	0.00000
Calidifontibacter sp. DB2511S	2732509	S	72	51	123	0.00000
Calidifontibacter indicus	419650	S	43	18	61	0.00000
Dermacoccus nishinomiyaensis	1274	S	16	5	21	0.00000
Kytococcus sedentarius	1276	S	61	43	104	0.00000
Kytococcus aerolatus	592308	S	13	4	17	0.00000
Austwickia sp.	1872664	S	29	5	34	0.00000
Mycobacterium sp. PO1	1882219	S	31423	94361	125784	0.00163
Mycobacterium sp. shizuoka-1	2039281	S	306	524	830	0.00001
Mycobacterium sp. MS1601	1936029	S	102	30	132	0.00000
Mycobacterium palauense	2034511	S	51	21	72	0.00000
Mycobacterium frederiksbergense	117567	S	18	36	54	0.00000
Mycobacterium gordonae	1778	S	17	12	29	0.00000
Mycolicibacterium poriferae	39694	S	8833	24040	32873	0.00043
Mycolicibacterium chlorophenolicum	37916	S	2491	7433	9924	0.00013
Mycolicibacterium flavescens	1776	S	1721	4333	6054	0.00008
Mycolicibacterium hippocampi	659824	S	974	697	1671	0.00002
Mycolicibacterium vinylchloridicum	2736928	S	640	1169	1809	0.00002
Mycolicibacterium novocastrense	59813	S	368	1488	1856	0.00002
Mycolicibacterium obuense	1807	S	362	178	540	0.00001
Mycolicibacterium wolinskyi	59750	S	353	146	499	0.00001
Mycolicibacterium gilvum	1804	S	166	328	494	0.00001
Mycolicibacterium sp. GF69	2267251	S	95	111	206	0.00000
Mycolicibacterium sp. TY81	2759662	S	12	52	64	0.00000
Mycolicibacterium vanbaalenii	110539	S	67	57	124	0.00000
Mycolicibacterium smegmatis	1772	S	62	48	110	0.00000
Mycolicibacterium iranicum	912594	S	39	28	67	0.00000
Mycolicibacterium canariasense	228230	S	36	80	116	0.00000
Mycolicibacterium agri	36811	S	34	12	46	0.00000
Mycolicibacterium phocaicum	319706	S	33	114	147	0.00000
Mycolicibacterium fluoranthenivorans	258505	S	32	21	53	0.00000
Mycolicibacterium duvalii	39688	S	27	20	47	0.00000
Mycolicibacterium aromaticivorans	318425	S	27	99	126	0.00000
Mycolicibacterium cosmeticum	258533	S	24	19	43	0.00000
Mycolicibacterium rufum	318424	S	19	23	42	0.00000
Mycolicibacterium moriokaense	39691	S	15	7	22	0.00000
Gordonia sp. (in: high G+C Gram-positive bacteria)	84139	S	14591	5226	19817	0.00026
Gordonia terrae	2055	S	39	16	55	0.00000
Gordonia otitidis	249058	S	16	2	18	0.00000
Skermania sp. ID1734	2597516	S	371	109	480	0.00001
Corynebacterium tuberculostearicum	38304	S	242	635	877	0.00001
Corynebacterium kefirresidentii	1979527	S	137	959	1096	0.00001
Corynebacterium sp. Marseille-P3884	2495409	S	22	19	41	0.00000
Corynebacterium sp. CNJ-954	1904962	S	19	19	38	0.00000
Corynebacterium sp. HMSC078H07	1739379	S	18	77	95	0.00000
Corynebacterium sp. HMSC08A12	1581134	S	15	60	75	0.00000
Corynebacterium efficiens	152794	S	59	46	105	0.00000
Corynebacterium singulare	161899	S	44	62	106	0.00000
Corynebacterium appendicis	163202	S	33	37	70	0.00000
Corynebacterium jeikeium	38289	S	33	89	122	0.00000
Corynebacterium minutissimum	38301	S	22	52	74	0.00000
Corynebacterium kroppenstedtii	161879	S	21	2	23	0.00000
Corynebacterium mucifaciens	57171	S	20	14	34	0.00000
Corynebacterium aurimucosum	169292	S	20	43	63	0.00000
Corynebacterium haemomassiliense	2754726	S	19	65	84	0.00000
Corynebacterium variabile	1727	S	17	7	24	0.00000
Corynebacterium amycolatum	43765	S	15	17	32	0.00000
Corynebacterium gottingense	2041036	S	14	8	22	0.00000
Corynebacterium genitalium	38288	S	14	42	56	0.00000
Corynebacterium glaucum	187491	S	14	5	19	0.00000
Corynebacterium aquatimens	1190508	S	13	11	24	0.00000
Corynebacterium durum	61592	S	12	0	12	0.00000
Dietzia maris	37915	S	174	200	374	0.00000
Dietzia natronolimnaea	161920	S	59	114	173	0.00000
Dietzia cinnamea	321318	S	36	44	80	0.00000
Dietzia aerolata	595984	S	34	13	47	0.00000
Dietzia timorensis	499555	S	12	13	25	0.00000
Rhodococcus fascians	1828	S	151	148	299	0.00000
Rhodococcus kroppenstedtii	293050	S	78	44	122	0.00000
Lawsonella clevelandensis	1528099	S	133	63	196	0.00000
Corynebacteriales bacterium	1957017	S	41	96	137	0.00000
uncultured Candidatus Actinomarina sp.	1985113	S	125490	130984	256474	0.00333
Candidatus Actinomarina sp.	2578121	S	60	300	360	0.00000
Candidatus Actinomarinales bacterium	2510331	S	187	1322	1509	0.00002
Nocardioides sp.	35761	S	26324	18109	44433	0.00058
Nocardioides sp. REDSEA-S33_B3	1811554	S	3908	5981	9889	0.00013
Nocardioides sp. Root140	1736460	S	2670	2361	5031	0.00007
Nocardioides sp. Soil797	1736413	S	26	8	34	0.00000
Nocardioides sp. JS614	196162	S	13	6	19	0.00000
Nocardioides marinus	374514	S	32522	39554	72076	0.00093
Nocardioides soli	1036020	S	577	475	1052	0.00001
Nocardioides jensenii	1843	S	367	186	553	0.00001
Nocardioides palaemonis	2829810	S	335	408	743	0.00001
Nocardioides piscis	2714938	S	226	150	376	0.00000
Nocardioides salarius	374513	S	195	244	439	0.00001
Nocardioides dokdonensis	450734	S	45	38	83	0.00000
Nocardioides glacieisoli	1168730	S	32	40	72	0.00000
Nocardioides daphniae	402297	S	15	8	23	0.00000
Nocardioides ferulae	2340821	S	15	9	24	0.00000
Pimelobacter sp.	51662	S	1455	1744	3199	0.00004
Pimelobacter sp. 30-1	2004991	S	15	18	33	0.00000
Micropruina sp.	2737536	S	381	100	481	0.00001
Marmoricola caldifontis	2588938	S	99	37	136	0.00000
Marmoricola aequoreus	397278	S	54	36	90	0.00000
Cutibacterium acnes	1747	S	2897	5006	7903	0.00010
Cutibacterium granulosum	33011	S	345	78	423	0.00001
Cutibacterium namnetense	1574624	S	118	36	154	0.00000
Cutibacterium avidum	33010	S	86	18	104	0.00000
Cutibacterium modestum	2559073	S	33	11	44	0.00000
Tessaracoccus lapidicaptus	1427523	S	104	64	168	0.00000
Tessaracoccus oleiagri	686624	S	55	15	70	0.00000
Naumannella halotolerans	993414	S	200	55	255	0.00000
Desertihabitans aurantiacus	2282477	S	43	21	64	0.00000
Enemella dayhoffiae	2016507	S	20	7	27	0.00000
OCS155 cluster bacterium AG-426-D23	2162610	S	6314	9226	15540	0.00020
OCS155 cluster bacterium AG-349-E07	2162613	S	5409	16575	21984	0.00029
OCS155 cluster bacterium AG-422-J23	2162608	S	4440	27886	32326	0.00042
OCS155 cluster bacterium AG-333-G23	2162605	S	844	803	1647	0.00002
Actinomycetia bacterium	1883427	S	13423	3715	17138	0.00022
actinobacterium SCGC AAA015-D07	939195	S	2251	16456	18707	0.00024
Actinomycetales bacterium	1911520	S	454	91	545	0.00001
Actinomyces oris	544580	S	17	75	92	0.00000
Scrofimicrobium canadense	2652290	S	13	10	23	0.00000
Blastococcus sp. TML/M2B	2798727	S	198	316	514	0.00001
Blastococcus aggregatus	38502	S	13	45	58	0.00000
Streptomyces sp. SirexAA-E	862751	S	28	18	46	0.00000
Streptomyces sp. P3	2135430	S	16	13	29	0.00000
Streptomyces polyasparticus	2767826	S	44	14	58	0.00000
Streptomyces mutabilis	67332	S	26	51	77	0.00000
Streptomyces flaveus	66370	S	20	11	31	0.00000
Pseudonocardia oroxyli	366584	S	91	66	157	0.00000
Actinophytocola sp.	1872138	S	18	8	26	0.00000
Nakamurella aerolata	1656892	S	105	15	120	0.00000
Nakamurella multipartita	53461	S	30	4	34	0.00000
Epidermidibacterium keratini	1891644	S	124	39	163	0.00000
Candidatus Nanopelagicales bacterium	2518612	S	90	18	108	0.00000
Acidimicrobiaceae bacterium	2024894	S	197095	65544	262639	0.00341
Acidimicrobiaceae bacterium UBA7830	1951343	S	131	142	273	0.00000
Acidimicrobiales bacterium	2201156	S	17871	10275	28146	0.00037
Acidimicrobiales bacterium AG-410-I20	2162614	S	2248	452	2700	0.00004
Acidimicrobiales bacterium AG-414-N20	2162616	S	27	17	44	0.00000
Candidatus Microthrix sp. UBA4542	1946188	S	5074	3705	8779	0.00011
Candidatus Microthrix sp. UBA881	1946223	S	2614	2911	5525	0.00007
Candidatus Microthrix sp. UBA2110	1946164	S	1649	10158	11807	0.00015
Candidatus Microthrix sp. UBA814	1946218	S	1450	402	1852	0.00002
Candidatus Microthrix sp. UBA2131	1946167	S	454	423	877	0.00001
Candidatus Microthrix sp. UBA3125	1946176	S	197	303	500	0.00001
Candidatus Microthrix sp. UBA2974	1946174	S	175	16	191	0.00000
Candidatus Microthrix sp. UBA825	1946219	S	159	31	190	0.00000
Candidatus Microthrix sp. UBA672	1946197	S	99	146	245	0.00000
Candidatus Microthrix sp. UBA7388	1946207	S	78	2	80	0.00000
Candidatus Microthrix sp. UBA2983	1946175	S	25	15	40	0.00000
Ilumatobacteraceae bacterium	2497619	S	4880	2361	7241	0.00009
Acidimicrobiia bacterium	2080302	S	8142	3265	11407	0.00015
Eggerthellaceae bacterium	1972561	S	251	42	293	0.00000
Euzebya pacifica	1608957	S	124	41	165	0.00000
Prochlorococcus sp. AG-418-C09	2162504	S	18117	15632	33749	0.00044
Prochlorococcus sp. AG-347-M15	2162070	S	1113	93413	94526	0.00123
Prochlorococcus sp. AG-449-P16	2162328	S	844	10183	11027	0.00014
Prochlorococcus sp. AG-355-N18	2162167	S	762	133337	134099	0.00174
Prochlorococcus sp. AG-442-N17	2162325	S	717	13461	14178	0.00018
Prochlorococcus sp. AG-418-I20	2162281	S	704	22635	23339	0.00030
Prochlorococcus sp. scB245a_520K10	1471522	S	501	23690	24191	0.00031
Prochlorococcus sp. AG-355-M18	2162122	S	415	29803	30218	0.00039
Prochlorococcus sp. AG-424-P23	2162298	S	373	33629	34002	0.00044
Prochlorococcus sp. AG-402-M15	2162092	S	358	16461	16819	0.00022
Prochlorococcus sp. HOT208_60m_813I02	1961091	S	287	58880	59167	0.00077
Prochlorococcus sp. AG-418-G23	2162280	S	259	9182	9441	0.00012
Prochlorococcus sp. scB243_498I20	1471493	S	258	48392	48650	0.00063
Prochlorococcus sp. AG-355-J09	2162111	S	256	44043	44299	0.00057
Prochlorococcus sp. AG-347-O22	2162075	S	250	50654	50904	0.00066
Prochlorococcus sp. AG-347-K16	2162146	S	241	46702	46943	0.00061
Prochlorococcus sp. AG-347-J21	2162161	S	228	29169	29397	0.00038
Prochlorococcus sp. AG-424-P18	2162297	S	214	31469	31683	0.00041
Prochlorococcus sp. AG-355-O17	2162128	S	207	42599	42806	0.00056
Prochlorococcus sp. AG-347-K18	2162060	S	201	8370	8571	0.00011
Prochlorococcus sp. RS04	1924287	S	200	51932	52132	0.00068
Prochlorococcus sp. AG-459-E08	2162531	S	195	12420	12615	0.00016
Prochlorococcus sp. W8	613199	S	192	642	834	0.00001
Prochlorococcus sp. AG-402-K22	2162087	S	189	11205	11394	0.00015
Prochlorococcus sp. AG-347-M18	2162071	S	189	25328	25517	0.00033
Prochlorococcus sp. AG-402-C22	2162256	S	184	6405	6589	0.00009
Prochlorococcus sp. MIT 0604	1501268	S	177	21321	21498	0.00028
Prochlorococcus sp. AG-347-M23	2162072	S	173	36876	37049	0.00048
Prochlorococcus sp. AG-459-A02	2162335	S	170	15567	15737	0.00020
Prochlorococcus sp. AG-347-I15	2162153	S	168	14464	14632	0.00019
Prochlorococcus sp. AG-347-L02	2162065	S	162	18137	18299	0.00024
Prochlorococcus sp. scB245a_519A13	1471509	S	160	34414	34574	0.00045
Prochlorococcus sp. HOT208_60m_813O14	1961094	S	157	22876	23033	0.00030
Prochlorococcus sp. AG-347-J19	2162159	S	155	19993	20148	0.00026
Prochlorococcus sp. AG-347-I21	2162155	S	143	18259	18402	0.00024
Prochlorococcus sp. AG-412-J13	2162498	S	138	8894	9032	0.00012
Prochlorococcus sp. AG-355-J23	2162112	S	136	34137	34273	0.00044
Prochlorococcus sp. AG-402-L23	2162091	S	134	17287	17421	0.00023
Prochlorococcus sp. AG-355-I04	2162108	S	133	23227	23360	0.00030
Prochlorococcus sp. AG-347-E03	2162235	S	127	10936	11063	0.00014
Prochlorococcus sp. AG-449-J16	2162525	S	124	9852	9976	0.00013
Prochlorococcus sp. AG-402-K16	2162163	S	118	20674	20792	0.00027
Prochlorococcus sp. AG-418-J17	2162282	S	116	23805	23921	0.00031
Prochlorococcus sp. AG-355-K03	2162242	S	115	23297	23412	0.00030
Prochlorococcus sp. HOT208_60m_813L03	1961092	S	114	15831	15945	0.00021
Prochlorococcus sp. AG-418-F08	2162507	S	114	8810	8924	0.00012
Prochlorococcus sp. AG-347-K20	2162062	S	113	21434	21547	0.00028
Prochlorococcus sp. AG-459-B06	2162528	S	104	12548	12652	0.00016
Prochlorococcus sp. AG-363-G03	2162187	S	102	135	237	0.00000
Prochlorococcus sp. scB241_528O2	1471459	S	102	1827	1929	0.00003
Prochlorococcus sp. AG-355-N16	2162124	S	98	19190	19288	0.00025
Prochlorococcus sp. AG-409-D14	2162476	S	98	200	298	0.00000
Prochlorococcus sp. HOT208_60m_813B04	1961088	S	87	14551	14638	0.00019
Prochlorococcus sp. AG-355-A18	2162240	S	84	14087	14171	0.00018
Prochlorococcus sp. AG-347-I06	2162152	S	83	13054	13137	0.00017
Prochlorococcus sp. scB243_495K23	1471472	S	83	23272	23355	0.00030
Prochlorococcus sp. AG-355-P18	2162172	S	82	12733	12815	0.00017
Prochlorococcus sp. AG-363-P06	2162137	S	81	355	436	0.00001
Prochlorococcus sp. AG-388-F11	2162246	S	81	5462	5543	0.00007
Prochlorococcus sp. AG-402-N17	2162473	S	81	10396	10477	0.00014
Prochlorococcus sp. AG-436-D21	2162314	S	78	13882	13960	0.00018
Prochlorococcus sp. AG-355-A09	2162104	S	78	18311	18389	0.00024
Prochlorococcus sp. AG-402-K10	2162086	S	78	284	362	0.00000
Prochlorococcus sp. AG-418-G18	2162508	S	75	7161	7236	0.00009
Prochlorococcus sp. AG-347-L21	2162069	S	74	9168	9242	0.00012
Prochlorococcus sp. AG-442-M23	2162323	S	74	809	883	0.00001
Prochlorococcus sp. scB243_495D8	1471469	S	72	15256	15328	0.00020
Prochlorococcus sp. AG-686-M10	2162386	S	70	389	459	0.00001
Prochlorococcus sp. AG-409-I11	2162482	S	68	91	159	0.00000
Prochlorococcus sp. AG-673-M19	2162368	S	68	221	289	0.00000
Prochlorococcus sp. scB241_528N17	1471456	S	67	16305	16372	0.00021
Prochlorococcus sp. AG-409-A22	2162265	S	67	424	491	0.00001
Prochlorococcus sp. AG-442-N07	2162324	S	67	15868	15935	0.00021
Prochlorococcus sp. AG-412-C21	2162493	S	67	2374	2441	0.00003
Prochlorococcus sp. HOT208_60m_808M21	1961085	S	66	17078	17144	0.00022
Prochlorococcus sp. AG-409-J03	2162484	S	66	89	155	0.00000
Prochlorococcus sp. HOT208_60m_813G15	1961090	S	64	9142	9206	0.00012
Prochlorococcus sp. AG-355-P16	2162171	S	63	7785	7848	0.00010
Prochlorococcus sp. AG-402-K21	2162164	S	61	2319	2380	0.00003
Prochlorococcus sp. AG-355-G23	2162107	S	60	10591	10651	0.00014
Prochlorococcus sp. AG-424-M03	2162513	S	60	1956	2016	0.00003
Prochlorococcus sp. AG-347-L20	2162068	S	59	13050	13109	0.00017
Prochlorococcus sp. AG-347-G20	2162150	S	56	13034	13090	0.00017
Prochlorococcus sp. HOT208_60m_808G21	1961084	S	55	10555	10610	0.00014
Prochlorococcus sp. AG-347-K19	2162061	S	54	8986	9040	0.00012
Prochlorococcus sp. AG-418-M08	2162287	S	52	427	479	0.00001
Prochlorococcus sp. AG-347-G22	2162151	S	51	6016	6067	0.00008
Prochlorococcus sp. AG-347-I04	2162237	S	50	4922	4972	0.00006
Prochlorococcus sp. AG-347-E23	2162236	S	50	5431	5481	0.00007
Prochlorococcus sp. AG-347-J06	2162238	S	49	9327	9376	0.00012
Prochlorococcus sp. AG-402-L18	2162165	S	49	1137	1186	0.00002
Prochlorococcus sp. AG-347-K17	2162059	S	48	4885	4933	0.00006
Prochlorococcus sp. AG-418-I21	2162509	S	47	7107	7154	0.00009
Prochlorococcus sp. AG-449-O05	2162327	S	45	6135	6180	0.00008
Prochlorococcus sp. AG-388-A01	2162465	S	44	1346	1390	0.00002
Prochlorococcus sp. AG-347-I19	2162154	S	44	7976	8020	0.00010
Prochlorococcus sp. AG-402-N08	2162261	S	43	3211	3254	0.00004
Prochlorococcus sp. AG-355-I20	2162109	S	43	8159	8202	0.00011
Prochlorococcus sp. AG-402-N10	2162095	S	42	170	212	0.00000
Prochlorococcus sp. AG-402-A04	2162250	S	42	7935	7977	0.00010
Prochlorococcus sp. AG-418-D13	2162506	S	41	5708	5749	0.00007
Prochlorococcus sp. AG-424-P16	2162514	S	39	6324	6363	0.00008
Prochlorococcus sp. AG-347-K22	2162201	S	39	6048	6087	0.00008
Prochlorococcus sp. AG-436-O11	2162319	S	39	145	184	0.00000
Prochlorococcus sp. AG-363-M17	2162195	S	38	8	46	0.00000
Prochlorococcus sp. AG-670-M15	2162356	S	37	6021	6058	0.00008
Prochlorococcus sp. AG-347-J22	2162142	S	37	193	230	0.00000
Prochlorococcus sp. AG-449-G23	2162524	S	35	2804	2839	0.00004
Prochlorococcus sp. AG-355-P07	2162168	S	35	2591	2626	0.00003
Prochlorococcus sp. AG-402-N23	2162097	S	33	7030	7063	0.00009
Prochlorococcus sp. AG-418-O03	2162290	S	32	6016	6048	0.00008
Prochlorococcus sp. AG-442-B03	2162520	S	32	4095	4127	0.00005
Prochlorococcus sp. AG-402-B19	2162470	S	29	48	77	0.00000
Prochlorococcus sp. scB243_496M6	1471481	S	29	5152	5181	0.00007
Prochlorococcus sp. AG-424-A03	2162293	S	28	7342	7370	0.00010
Prochlorococcus sp. AG-402-O16	2162098	S	28	1387	1415	0.00002
Prochlorococcus sp. AG-321-E21	2162443	S	27	84	111	0.00000
Prochlorococcus sp. AG-355-B23	2162106	S	24	5308	5332	0.00007
Prochlorococcus sp. scB243_495L20	1471473	S	23	4774	4797	0.00006
Prochlorococcus sp. AG-347-L17	2162066	S	23	4791	4814	0.00006
Prochlorococcus sp. AG-424-E18	2162295	S	23	4865	4888	0.00006
Prochlorococcus sp. AG-676-L21	2162546	S	22	332	354	0.00000
Prochlorococcus sp. AG-402-O21	2162099	S	22	72	94	0.00000
Prochlorococcus sp. AG-436-E22	2162315	S	21	1294	1315	0.00002
Prochlorococcus sp. AG-347-K15	2162145	S	21	2522	2543	0.00003
Prochlorococcus sp. AG-409-D09	2162204	S	21	8	29	0.00000
Prochlorococcus sp. AG-459-O09	2162336	S	20	3436	3456	0.00004
Prochlorococcus sp. AG-469-F22	2162350	S	19	318	337	0.00000
Prochlorococcus sp. AG-412-I05	2162496	S	19	79	98	0.00000
Prochlorococcus sp. AG-347-J20	2162160	S	18	1008	1026	0.00001
Prochlorococcus sp. AG-670-O17	2162543	S	16	165	181	0.00000
Prochlorococcus sp. AG-436-C05	2162310	S	16	85	101	0.00000
Prochlorococcus sp. AG-670-O13	2162362	S	16	27	43	0.00000
Prochlorococcus sp. AG-388-A04	2162466	S	16	240	256	0.00000
Prochlorococcus sp. AG-347-K10	2162200	S	15	2999	3014	0.00004
Prochlorococcus sp. AG-347-L19	2162067	S	15	2233	2248	0.00003
Prochlorococcus sp. AG-347-N23	2162074	S	15	1161	1176	0.00002
Prochlorococcus sp. AG-402-I23	2162083	S	15	3103	3118	0.00004
Prochlorococcus sp. AG-355-J04	2162110	S	14	2380	2394	0.00003
Prochlorococcus sp. AG-436-M02	2162316	S	14	10	24	0.00000
Prochlorococcus sp. AG-409-L21	2162492	S	14	8	22	0.00000
Prochlorococcus sp. AG-679-P15	2162210	S	13	73	86	0.00000
Prochlorococcus sp. AG-347-B23	2162141	S	13	1993	2006	0.00003
Prochlorococcus sp. AG-409-N21	2162273	S	13	14	27	0.00000
Prochlorococcus sp. AG-686-J21	2162217	S	12	71	83	0.00000
Prochlorococcus sp. AG-418-K17	2162284	S	12	469	481	0.00001
Prochlorococcus sp. AG-388-D03	2162468	S	12	80	92	0.00000
Prochlorococcus sp. AG-409-A10	2162263	S	12	26	38	0.00000
uncultured Prochlorococcus sp.	159733	S	28830	2394608	2423438	0.03144
Prochlorococcus marinus	1219	S	25804	857543	883347	0.01146
Cyanobium sp. NAT70	2024872	S	1969	1531	3500	0.00005
Cyanobium sp. ARS6	2024869	S	1608	5536	7144	0.00009
Parasynechococcus marenigrum	2881428	S	18	719	737	0.00001
Synechococcus sp. A18-25c	1866938	S	18345	32575	50920	0.00066
Synechococcus sp. KORDI-100	1280380	S	5687	7643	13330	0.00017
Synechococcus sp. CC9605	110662	S	2337	13997	16334	0.00021
Synechococcus sp. M16.1	1442553	S	1827	22623	24450	0.00032
Synechococcus sp. CPC35	2024880	S	544	1038	1582	0.00002
Synechococcus sp. BIOS-E4-1	1400864	S	526	1814	2340	0.00003
Synechococcus sp.	1131	S	485	1779	2264	0.00003
Synechococcus sp. ARS1019	2024878	S	261	207	468	0.00001
Synechococcus sp. RS9916	221359	S	127	212	339	0.00000
Synechococcus sp. WH 8109	166314	S	108	966	1074	0.00001
Synechococcus sp. CO36386bin_37	2698759	S	107	51	158	0.00000
Synechococcus sp. AG-679-D13	2161954	S	82	1125	1207	0.00002
Synechococcus sp. MIT S9220	166309	S	82	742	824	0.00001
Synechococcus sp. PL34863bin_39	2698761	S	82	279	361	0.00000
Synechococcus sp. AG-679-B05	2161966	S	81	1303	1384	0.00002
Synechococcus sp. UW179A	2575510	S	66	182	248	0.00000
Synechococcus sp. AG-670-A05	2161938	S	62	82	144	0.00000
Synechococcus sp. BS301-5m-G53	2781763	S	53	551	604	0.00001
Synechococcus sp. AG-686-F08	2161976	S	50	140	190	0.00000
Synechococcus sp. TMED19	1986596	S	49	56	105	0.00000
Synechococcus sp. CO36386bin_29	2698758	S	42	130	172	0.00000
Synechococcus sp. CC9902	316279	S	40	113	153	0.00000
Synechococcus sp. BIOS-U3-1	1400865	S	38	133	171	0.00000
Synechococcus sp. KORDI-49	585423	S	35	90	125	0.00000
Synechococcus sp. NOUM97013	1442555	S	34	72	106	0.00000
Synechococcus sp. AG-670-F04	2161942	S	34	14	48	0.00000
Synechococcus sp. AG-673-B04	2161962	S	33	597	630	0.00001
Synechococcus sp. A15-28	1050638	S	33	488	521	0.00001
Synechococcus sp. KORDI-52	585425	S	31	123	154	0.00000
Synechococcus sp. RCC307	316278	S	25	50	75	0.00000
Synechococcus sp. AG-673-A03	2161945	S	24	540	564	0.00001
Synechococcus sp. AG-673-F03	2161948	S	21	532	553	0.00001
Synechococcus sp. CC9616	110663	S	20	24	44	0.00000
Synechococcus sp. AG-670-B23	2161940	S	20	31	51	0.00000
Synechococcus sp. PROS-U-1	1400866	S	18	104	122	0.00000
Synechococcus sp. UW69	368493	S	13	61	74	0.00000
uncultured Synechococcaceae cyanobacterium	1665021	S	1275	218791	220066	0.00285
cyanobiont of Ornithocercus magnificus	2496102	S	14	7	21	0.00000
Trichodesmium erythraeum	1206	S	479	142	621	0.00001
Microcoleus vaginatus	119532	S	56	291	347	0.00000
Oscillatoriales cyanobacterium USR001	1880991	S	13	7	20	0.00000
Candidatus Atelocyanobacterium thalassa	713887	S	32	33	65	0.00000
Richelia intracellularis	1164990	S	67	12	79	0.00000
Anabaena sp. FACHB-1237	2692769	S	60	15	75	0.00000
Cuspidothrix issatschenkoi	230752	S	75	74	149	0.00000
Aulosira sp. FACHB-615	2692777	S	53	19	72	0.00000
Cyanobacteria bacterium TMED177	1986677	S	30	342	372	0.00000
Candidatus Marinamargulisbacteria bacterium SCGC AG-410-N11	2184345	S	215	2	217	0.00000
Candidatus Marinamargulisbacteria bacterium SCGC AG-343-D04	2184343	S	44	2	46	0.00000
uncultured Candidatus Marinamargulisbacteria bacterium	447829	S	17	1	18	0.00000
Candidatus Margulisbacteria bacterium	2053573	S	68	41	109	0.00000
Candidatus Melainabacteria bacterium	2052166	S	322	669	991	0.00001
Candidatus Caenarcaniphilales bacterium	2729995	S	18	0	18	0.00000
Candidatus Saganbacteria bacterium	2575572	S	70	5	75	0.00000
Chloroflexota bacterium	2026724	S	479871	65388	545259	0.00707
Chloroflexi bacterium UBA6622	1947840	S	200	627	827	0.00001
Chloroflexi bacterium TMED70	1986676	S	12	31	43	0.00000
SAR202 cluster bacterium	2030829	S	164728	94613	259341	0.00336
uncultured SAR202 cluster bacterium	648178	S	3087	2657	5744	0.00007
SAR202 cluster bacterium AC-409-J13_OGT_754m	2587834	S	1426	24	1450	0.00002
SAR202 cluster bacterium AD-804-J14_MRT_500m	2587836	S	1060	2	1062	0.00001
SAR202 cluster bacterium AG-426-M11	2162586	S	538	225	763	0.00001
SAR202 cluster bacterium AC-647-N09_OGT_505m	2587833	S	225	10	235	0.00000
SAR202 cluster bacterium AC-647-P02_OGT_505m	2587832	S	81	36	117	0.00000
SAR202 cluster bacterium Io17-Chloro-G6	1926615	S	81	2	83	0.00000
SAR202 cluster bacterium Io17-Chloro-G4	1926613	S	25	0	25	0.00000
SAR202 cluster bacterium Io17-Chloro-G7	1926616	S	24	0	24	0.00000
Dehalococcoidia bacterium	2026734	S	57777	7979	65756	0.00085
Dehalococcoidia bacterium UBA6495	1948511	S	32225	40694	72919	0.00095
Dehalococcoidia bacterium UBA1122	1948466	S	15983	605	16588	0.00022
Dehalococcoidia bacterium UBA1123	1948467	S	5893	6430	12323	0.00016
Dehalococcoidia bacterium UBA1141	1948469	S	4217	752	4969	0.00006
Dehalococcoidia bacterium UBA7891	1948532	S	3083	1068	4151	0.00005
Dehalococcoidia bacterium UBA2158	1948480	S	1433	369	1802	0.00002
Dehalococcoidia bacterium UBA1151	1948470	S	1193	61	1254	0.00002
Dehalococcoidia bacterium UBA1152	1948471	S	1084	184	1268	0.00002
Dehalococcoidia bacterium UBA1127	1948468	S	398	7	405	0.00001
Dehalococcoidia bacterium UBA1328	1948475	S	161	108	269	0.00000
Dehalococcoidia bacterium UBA1332	1948476	S	111	73	184	0.00000
Dehalococcoidia bacterium UBA6926	1948518	S	45	5	50	0.00000
Dehalococcoidia bacterium UBA7894	1948533	S	40	24	64	0.00000
Dehalococcoidia bacterium UBA2979	1948492	S	37	115	152	0.00000
Dehalococcoidia bacterium UBA6952	1948522	S	15	38	53	0.00000
uncultured Dehalococcoidales bacterium	2006128	S	77	13	90	0.00000
Dehalococcoidales bacterium	2026733	S	19	2	21	0.00000
Anaerolineales bacterium UBA1136	1950187	S	4026	312	4338	0.00006
Anaerolineales bacterium UBA832	1950226	S	488	271	759	0.00001
Anaerolineales bacterium UBA3499	1950205	S	228	452	680	0.00001
Anaerolineales bacterium UBA3001	1950202	S	77	179	256	0.00000
Anaerolineales bacterium	2073117	S	15	6	21	0.00000
Anaerolineaceae bacterium	2024896	S	72	13	85	0.00000
Staphylococcus warneri	1292	S	9300	11262	20562	0.00027
Staphylococcus saccharolyticus	33028	S	4184	1086	5270	0.00007
Staphylococcus hominis	1290	S	3288	2242	5530	0.00007
Staphylococcus epidermidis	1282	S	1516	4127	5643	0.00007
Staphylococcus haemolyticus	1283	S	1001	4479	5480	0.00007
Staphylococcus capitis	29388	S	950	461	1411	0.00002
Staphylococcus sp. M0911	2025492	S	274	323	597	0.00001
Staphylococcus cohnii	29382	S	265	316	581	0.00001
Staphylococcus arlettae	29378	S	149	52	201	0.00000
Staphylococcus saprophyticus	29385	S	108	91	199	0.00000
Staphylococcus massiliensis	555791	S	78	12	90	0.00000
Staphylococcus aureus	1280	S	57	171	228	0.00000
Staphylococcus ureilyticus	94138	S	50	57	107	0.00000
Staphylococcus borealis	2742203	S	31	20	51	0.00000
Staphylococcus auricularis	29379	S	26	3	29	0.00000
Staphylococcus lugdunensis	28035	S	16	1	17	0.00000
Staphylococcus pettenkoferi	170573	S	15	7	22	0.00000
Staphylococcus petrasii	1276936	S	14	13	27	0.00000
Staphylococcus equorum	246432	S	14	9	23	0.00000
Salinicoccus roseus	45670	S	1294	515	1809	0.00002
Salinicoccus luteus	367840	S	96	27	123	0.00000
Salinicoccus qingdaonensis	576118	S	28	16	44	0.00000
Salinicoccus sediminis	1432562	S	21	14	35	0.00000
Abyssicoccus albus	1817405	S	136	41	177	0.00000
Jeotgalicoccus marinus	516700	S	58	17	75	0.00000
Jeotgalicoccus aerolatus	709510	S	40	11	51	0.00000
Jeotgalibacillus malaysiensis	1508404	S	789	232	1021	0.00001
Jeotgalibacillus alimentarius	135826	S	193	103	296	0.00000
Jeotgalibacillus terrae	587735	S	13	6	19	0.00000
Planococcus citreus	1373	S	52	113	165	0.00000
Tetzosporium hominis	2020506	S	28	50	78	0.00000
Planomicrobium okeanokoites	244	S	21	6	27	0.00000
Marinococcus halotolerans	301092	S	61	198	259	0.00000
Marinococcus halophilus	1371	S	46	82	128	0.00000
Metabacillus litoralis	152268	S	150	169	319	0.00000
Bacillus sp. AFS040349	2033502	S	86	203	289	0.00000
Virgibacillus profundi	2024555	S	26	1	27	0.00000
Oceanobacillus bengalensis	1435466	S	21	6	27	0.00000
Salimicrobium halophilum	86666	S	13	2	15	0.00000
Exiguobacterium sp. AT1b	360911	S	39	118	157	0.00000
Exiguobacterium profundum	307643	S	21	48	69	0.00000
Gemella sanguinis	84135	S	52	53	105	0.00000
Gemella haemolysans	1379	S	15	27	42	0.00000
uncultured Gemella sp.	254352	S	13	30	43	0.00000
Sporolactobacillus pectinivorans	1591408	S	21	10	31	0.00000
Streptococcus sp. F0442	999425	S	42	361	403	0.00001
Streptococcus sp. bf_0095	2478956	S	12	335	347	0.00000
Streptococcus sanguinis	1305	S	32	83	115	0.00000
Streptococcus thermophilus	1308	S	29	143	172	0.00000
Lactobacillus paragasseri	2107999	S	58	55	113	0.00000
Lactobacillus gasseri	1596	S	18	20	38	0.00000
Leuconostoc mesenteroides	1245	S	35	49	84	0.00000
Weissella viridescens	1629	S	42	5	47	0.00000
Latilactobacillus sakei	1599	S	42	23	65	0.00000
Lactiplantibacillus plantarum	1590	S	17	11	28	0.00000
Limosilactobacillus fermentum	1613	S	12	18	30	0.00000
Levilactobacillus brevis	1580	S	12	2	14	0.00000
Marinilactibacillus piezotolerans	258723	S	169	111	280	0.00000
Alkalibacterium putridalgicola	426703	S	106	60	166	0.00000
Carnobacterium maltaromaticum	2751	S	16	98	114	0.00000
Aerococcus sp. UBA6277	1945961	S	26	81	107	0.00000
Aerococcus viridans	1377	S	23	77	100	0.00000
Abiotrophia sp. HMSC24B09	1581061	S	13	20	33	0.00000
Bacilli bacterium	1903720	S	12	11	23	0.00000
Lachnoclostridium sp. UBA6558	1946697	S	1385	117	1502	0.00002
Roseburia sp.	2049040	S	14	2	16	0.00000
uncultured Lachnospiraceae bacterium	297314	S	14	4	18	0.00000
Oscillospiraceae bacterium	2485925	S	134	18	152	0.00000
Ruminococcus flavefaciens	1265	S	22	2	24	0.00000
[Clostridium] leptum	1535	S	33	25	58	0.00000
Clostridium beijerinckii	1520	S	80	37	117	0.00000
Clostridium saccharobutylicum	169679	S	18	5	23	0.00000
Clostridium sardiniense	29369	S	16	1	17	0.00000
Thermobrachium celere	53422	S	12	1	13	0.00000
Syntrophomonadaceae bacterium	2093811	S	41	6	47	0.00000
Peptostreptococcus anaerobius	1261	S	13	9	22	0.00000
Clostridia bacterium	2044939	S	14	3	17	0.00000
Anaerococcus octavius	54007	S	180	118	298	0.00000
Anaerococcus nagyae	1755241	S	145	38	183	0.00000
Peptoniphilus lacydonensis	1673725	S	137	102	239	0.00000
Peptoniphilus harei	54005	S	13	26	39	0.00000
Finegoldia magna	1260	S	75	150	225	0.00000
Megasphaera cerevisiae	39029	S	21	22	43	0.00000
Bacillota bacterium	1879010	S	54	8	62	0.00000
Firmicutes bacterium UBA6226	1948091	S	14	6	20	0.00000
Mycoplasmatales bacterium	2023991	S	114	11	125	0.00000
Mycoplasmataceae bacterium	2685873	S	97	32	129	0.00000
Deinococcus radiophilus	32062	S	118	42	160	0.00000
Trueperaceae bacterium	2026798	S	15	3	18	0.00000
SAR324 cluster bacterium SAR324-CTD7B	1795556	S	407975	1567708	1975683	0.02563
uncultured SAR324 cluster bacterium	179114	S	132293	146188	278481	0.00361
SAR324 cluster bacterium lautmerah10	1764262	S	68180	10501	78681	0.00102
SAR324 cluster bacterium REDSEA-S27_B3	1811637	S	5215	249	5464	0.00007
SAR324 cluster bacterium	2024889	S	4042	109	4151	0.00005
SAR324 cluster bacterium JCVI-SC AAA005	1073573	S	715	475	1190	0.00002
Deltaproteobacteria bacterium	2026735	S	63648	12473	76121	0.00099
Deltaproteobacteria bacterium UBA2957	1948544	S	1980	10	1990	0.00003
Deltaproteobacteria bacterium UBA6601	1948561	S	321	31	352	0.00000
Deltaproteobacteria bacterium UBA6967	1948563	S	287	1315	1602	0.00002
Deltaproteobacteria bacterium UBA6930	1948562	S	55	1	56	0.00000
Deltaproteobacteria bacterium HGW-Deltaproteobacteria-17	2013744	S	28	52	80	0.00000
Deltaproteobacteria bacterium TMED58	1986674	S	15	0	15	0.00000
Planctomycetota bacterium	2026780	S	571874	36482	608356	0.00789
Planctomycetes bacterium UBA1135	1948124	S	4752	837	5589	0.00007
Planctomycetes bacterium UBA1662	1948126	S	3330	4685	8015	0.00010
Planctomycetes bacterium UBA1146	1948125	S	359	160	519	0.00001
Planctomycetaceae bacterium	2026779	S	89884	4156	94040	0.00122
Planctomycetaceae bacterium UBA7805	1952745	S	174	18	192	0.00000
Planctomycetaceae bacterium UBA2972	1952733	S	101	8	109	0.00000
Planctomycetaceae bacterium TMED10	1986833	S	35	1	36	0.00000
Gimesia chilikensis	2605989	S	51	261	312	0.00000
Gimesia benthica	2608982	S	42	250	292	0.00000
Rubinisphaera brasiliensis	119	S	64	0	64	0.00000
Fuerstiella sp.	1936112	S	49	0	49	0.00000
Rubripirellula sp.	1973111	S	1402	90	1492	0.00002
Rhodopirellula sp.	2024855	S	1345	208	1553	0.00002
Blastopirellula marina	124	S	509	37	546	0.00001
Blastopirellula sp.	2024826	S	166	9	175	0.00000
Mariniblastus sp.	2005381	S	258	24	282	0.00000
Roseiconus lacunae	2605694	S	50	3	53	0.00000
Bremerella alba	980252	S	15	0	15	0.00000
Pirellulales bacterium	2715253	S	67	2	69	0.00000
Planctomycetia bacterium TMED53	1986839	S	13	3	16	0.00000
Phycisphaerales bacterium UBA7812	1951207	S	3661	286	3947	0.00005
Phycisphaerales bacterium UBA854	1951209	S	3435	1661	5096	0.00007
Phycisphaerales bacterium	2052180	S	819	40	859	0.00001
Phycisphaerales bacterium UBA3158	1951196	S	83	0	83	0.00000
Phycisphaerales bacterium UBA3160	1951197	S	61	3	64	0.00000
Phycisphaerales bacterium UBA3190	1951198	S	22	10	32	0.00000
Phycisphaeraceae bacterium	2026777	S	442	54	496	0.00001
Phycisphaera sp. TMED24	1986832	S	51	98	149	0.00000
Phycisphaerae bacterium	2026778	S	7688	432	8120	0.00011
uncultured Planctomycetota bacterium	120965	S	39	3	42	0.00000
Candidatus Scalindua rubra	1872076	S	12	0	12	0.00000
Verrucomicrobiota bacterium	2026799	S	282964	81081	364045	0.00472
Verrucomicrobia bacterium UBA6775	1948282	S	4536	17070	21606	0.00028
Verrucomicrobia bacterium UBA673	1948281	S	1245	6771	8016	0.00010
Verrucomicrobia bacterium UBA2970	1948249	S	458	42	500	0.00001
Verrucomicrobia bacterium Opi.OSU.00C	2067063	S	182	1	183	0.00000
Verrucomicrobia bacterium TMED40	1986790	S	173	143	316	0.00000
Verrucomicrobia bacterium TMED44	1986791	S	30	40	70	0.00000
Verrucomicrobia bacterium TMED60	1986793	S	26	41	67	0.00000
Verrucomicrobia bacterium TMED56	1986792	S	22	38	60	0.00000
Verrucomicrobiales bacterium	2026801	S	82166	26772	108938	0.00141
Pedosphaera sp.	2024890	S	18238	4632	22870	0.00030
Verrucomicrobia subdivision 3 bacterium	2052186	S	204	30	234	0.00000
Roseibacillus sp.	2024856	S	17482	12423	29905	0.00039
Verrucomicrobiaceae bacterium	2026800	S	18	3	21	0.00000
Verrucomicrobiaceae bacterium TMED86	1986881	S	14	23	37	0.00000
Akkermansiaceae bacterium UBA1506	1951351	S	4531	2351	6882	0.00009
Akkermansiaceae bacterium UBA7890	1951374	S	471	503	974	0.00001
Akkermansiaceae bacterium UBA1518	1951353	S	149	106	255	0.00000
Akkermansiaceae bacterium UBA4145	1951361	S	30	95	125	0.00000
Akkermansiaceae bacterium UBA5689	1951366	S	29	69	98	0.00000
Akkermansiaceae bacterium UBA5688	1951365	S	17	11	28	0.00000
uncultured Verrucomicrobiales bacterium	100234	S	27	18	45	0.00000
Verrucomicrobiae bacterium	2499141	S	168	71	239	0.00000
Opitutae bacterium	2026771	S	25428	5402	30830	0.00040
Opitutae bacterium UBA7876	1948743	S	4165	75	4240	0.00005
Opitutae bacterium UBA1116	1948703	S	1219	11	1230	0.00002
Opitutae bacterium UBA4506	1948724	S	17	0	17	0.00000
Opitutaceae bacterium	2006848	S	10322	985	11307	0.00015
Opitutaceae bacterium UBA6669	1953000	S	26	1	27	0.00000
Opitutales bacterium UBA5694	1951179	S	4829	515	5344	0.00007
Opitutales bacterium UBA7389	1951181	S	306	64	370	0.00000
Opitutales bacterium	2026772	S	209	45	254	0.00000
Opitutales bacterium UBA2995	1951177	S	131	2	133	0.00000
uncultured Opitutales bacterium	592834	S	216	39	255	0.00000
Puniceicoccaceae bacterium	2026784	S	850	116	966	0.00001
Coraliomargarita sp.	2024828	S	136	2	138	0.00000
uncultured Verrucomicrobiota bacterium	156588	S	1620	407	2027	0.00003
Kiritimatiellaceae bacterium	2026752	S	1628	89	1717	0.00002
Kiritimatiellia bacterium	2212473	S	34	13	47	0.00000
uncultured Chlamydiae bacterium	305355	S	179	3	182	0.00000
Waddliaceae bacterium	2026802	S	43	1	44	0.00000
Chlamydiia bacterium	2052156	S	45	0	45	0.00000
Acidobacteriota bacterium	1978231	S	621358	22540	643898	0.00835
Acidobacteria bacterium UBA823	1953113	S	169396	24172	193568	0.00251
Acidobacteria bacterium UBA2994	1953106	S	83268	68217	151485	0.00196
Acidobacteria bacterium UBA2990	1953105	S	503	124	627	0.00001
Acidobacteria bacterium UBA2999	1953107	S	142	6	148	0.00000
Acidobacteria bacterium UBA2161	1953103	S	51	11	62	0.00000
Acidobacteriia bacterium UBA6623	1948748	S	65	6	71	0.00000
Kocuria sp. cx-455	2771377	S	25	10	35	0.00000
uncultured Acidobacteriota bacterium	171953	S	53	1	54	0.00000
Candidatus Saccharibacteria bacterium	2026720	S	223566	8869	232435	0.00301
Candidatus Saccharibacteria bacterium GW2011_GWC2_44_17	1619070	S	171	3	174	0.00000
Candidatus Saccharibacteria bacterium UBA6572	1953369	S	70	3	73	0.00000
Candidatus Poribacteria bacterium	2026781	S	101830	1791	103621	0.00134
Candidatus Uhrbacteria bacterium	2053634	S	20258	566	20824	0.00027
Parcubacteria group bacterium	2026774	S	376	27	403	0.00001
Candidatus Magasanikbacteria bacterium	2026717	S	69	0	69	0.00000
Candidatus Kaiserbacteria bacterium	2030810	S	16	0	16	0.00000
Patescibacteria group bacterium	2052139	S	664	22	686	0.00001
Patescibacteria group bacterium UBA3527	1948812	S	55	0	55	0.00000
Candidatus Woesebacteria bacterium	2026804	S	117	0	117	0.00000
Candidatus Dadabacteria bacterium UBA1144	1953208	S	1527	59	1586	0.00002
bacterium UBP8_UBA817	1953445	S	526	4	530	0.00001
bacterium UBP10_UBA1149	1953411	S	90	41	131	0.00000
bacterium UBP7_UBA7824	1953441	S	19	1	20	0.00000
Candidatus Babela massiliensis	673862	S	242	2	244	0.00000
Candidatus Dependentiae bacterium	2030827	S	92	2	94	0.00000
Candidatus Peregrinibacteria bacterium	2030811	S	23	0	23	0.00000
Candidatus Methylomirabilis sp.	2032687	S	20	1	21	0.00000
Candidatus Nitromaritima sp. SCGC AAA288-L16	913337	S	153334	33822	187156	0.00243
Nitrospina sp.	2024844	S	52594	17655	70249	0.00091
Nitrospina sp. LS_NOB	1671875	S	249	152	401	0.00001
Nitrospina sp. UBA6727	1946980	S	19	2	21	0.00000
Nitrospinaceae bacterium	2358456	S	733	174	907	0.00001
Nitrospinaceae bacterium UBA3496	1953053	S	289	42	331	0.00000
Nitrospinaceae bacterium UBA7883	1953054	S	250	4	254	0.00000
uncultured Nitrospinaceae bacterium	407034	S	339	229	568	0.00001
Nitrospinota bacterium	2026769	S	217	18	235	0.00000
Micavibrio sp.	2024841	S	140514	10529	151043	0.00196
Micavibrio sp. TMED2	1986633	S	75183	29263	104446	0.00135
Micavibrio sp. UBA2137	1946913	S	344	29	373	0.00000
Micavibrio sp. TMED27	1986607	S	251	88	339	0.00000
Micavibrio sp. UBA1664	1946907	S	147	9	156	0.00000
Micavibrio sp. UBA2638	1946917	S	117	15	132	0.00000
Micavibrio sp. UBA1672	1946908	S	28	1	29	0.00000
Pseudobdellovibrionaceae bacterium	2026715	S	800	29	829	0.00001
Bdellovibrionaceae bacterium UBA6502	1961516	S	31	3	34	0.00000
Bdellovibrionales bacterium	2053517	S	62	1	63	0.00000
Bacteriovoracaceae bacterium UBA7317	1961497	S	6545	396	6941	0.00009
Bacteriovoracaceae bacterium	2081706	S	256	6	262	0.00000
Bacteriovoracaceae bacterium UBA1511	1961477	S	89	3	92	0.00000
Halobacteriovoraceae bacterium	2026745	S	1608	89	1697	0.00002
Halobacteriovorax sp.	2020862	S	14	2	16	0.00000
Oligoflexia bacterium	2599941	S	12	0	12	0.00000
Myxococcales bacterium	2026763	S	47894	1129	49023	0.00064
Myxococcales bacterium UBA1660	1961462	S	24650	1231	25881	0.00034
Myxococcaceae bacterium	2484252	S	55	6	61	0.00000
Sandaracinus sp.	2024858	S	1643	68	1711	0.00002
Polyangiaceae bacterium	2268199	S	13	0	13	0.00000
bacterium	1869227	S	14042	6680	20722	0.00027
bacterium TMED161	1986652	S	120	64	184	0.00000
bacterium TMED88	1986661	S	119	3	122	0.00000
bacterium TMED144	1986778	S	110	24	134	0.00000
bacterium TMED46	1986782	S	62	46	108	0.00000
bacterium TMED198	1986779	S	17	0	17	0.00000
uncultured PS1 clade bacterium	1118065	S	8009	5832	13841	0.00018
uncultured bacterium	77133	S	4781	3970	8751	0.00011
Nitrospirales bacterium	2358460	S	6885	138	7023	0.00009
Nitrospiraceae bacterium UBA2166	1952976	S	2619	882	3501	0.00005
Nitrospiraceae bacterium	2026770	S	47	1	48	0.00000
Nitrospira sp.	70125	S	110	5	115	0.00000
Sulfurimonas sp.	2022749	S	3071	180	3251	0.00004
Arcobacter sp.	1872629	S	57	13	70	0.00000
Poseidonibacter sp. SJOD-M-5	2654172	S	26	18	44	0.00000
Sulfurospirillum sp.	2053622	S	52	1	53	0.00000
Spirochaetales bacterium	2026792	S	181	5	186	0.00000
Spirochaetaceae bacterium	1898206	S	134	3	137	0.00000
Spirochaeta sp. UBA1101	1947540	S	20	0	20	0.00000
Leptospiraceae bacterium	2026757	S	27	0	27	0.00000
Leptospira gomenensis	2484974	S	23	1	24	0.00000
Leptospirales bacterium	2604146	S	45	0	45	0.00000
Candidatus Desulfobacula maris	2841694	S	59	15	74	0.00000
Desulfobacteraceae bacterium	2049433	S	21	1	22	0.00000
Desulfobacteraceae bacterium Eth-SRB2	2528438	S	19	3	22	0.00000
Desulforhopalus singaporensis	91360	S	40	0	40	0.00000
Syntrophaceae bacterium	2052184	S	30	5	35	0.00000
Thermodesulfobacteriaceae bacterium	2528252	S	25	0	25	0.00000
Fusobacterium nucleatum	851	S	18	21	39	0.00000
Caldisericales bacterium	2614251	S	20	10	30	0.00000
Marine Group I thaumarchaeote	2511932	S	1684141	4909098	6593239	0.08552
Thaumarchaeota archaeon SCGC AAA007-O23	913333	S	137305	784477	921782	0.01196
uncultured marine group I thaumarchaeote	360837	S	5830	6398	12228	0.00016
Marine Group I thaumarchaeote SCGC AAA799-O18	1502294	S	3182	1053	4235	0.00005
Candidatus Nitrosopelagicus sp.	2026808	S	341591	872149	1213740	0.01574
Nitrosopelagicus sp. REDSEA-S31_B2	1811586	S	1317	826	2143	0.00003
Candidatus Nitrosopelagicus brevis	1410606	S	193	492	685	0.00001
Nitrososphaerota archaeon	2026795	S	81228	61833	143061	0.00186
Thaumarchaeota archaeon UBA141	1915753	S	942	5357	6299	0.00008
Thaumarchaeota archaeon SCGC AAA282-K18	1298885	S	315	2261	2576	0.00003
Thaumarchaeota archaeon UBA223	1915758	S	30	3	33	0.00000
uncultured Candidatus Nitrosopumilus sp.	517606	S	90	427	517	0.00001
Nitrosopumilus sp.	2024843	S	50	107	157	0.00000
Candidatus Nitrosomarinus sp.	2478979	S	37	176	213	0.00000
Nitrosopumilales archaeon	2026768	S	13	13	26	0.00000
Nitrososphaerales archaeon TH5895	2721602	S	178	0	178	0.00000
Candidatus Methanosuratincola sp.	2495426	S	2169	986	3155	0.00004
Candidatus Bathyarchaeota archaeon	2026714	S	74	11	85	0.00000
Euryarchaeota archaeon UBA528	1915914	S	659500	352460	1011960	0.01313
Euryarchaeota archaeon UBA28	1915871	S	12228	2476	14704	0.00019
Marine group II euryarchaeote REDSEA-S11_B3N4	1811651	S	7132	12846	19978	0.00026
Candidatus Poseidoniales archaeon	2163009	S	5977	2278	8255	0.00011
Euryarchaeota archaeon UBA552	1915930	S	3709	132	3841	0.00005
Marine group II euryarchaeote REDSEA-S42_B7	1811659	S	2994	5282	8276	0.00011
Euryarchaeota archaeon UBA220	1915845	S	2539	374	2913	0.00004
Euryarchaeota archaeon UBA130	1915806	S	2109	204	2313	0.00003
Euryarchaeota archaeon UBA111	1915792	S	1901	83	1984	0.00003
Euryarchaeota archaeon UBA128	1915803	S	1782	369	2151	0.00003
Marine group II euryarchaeote REDSEA-S30_B12	1811655	S	1778	171	1949	0.00003
Euryarchaeota archaeon UBA10	1915780	S	1652	1872	3524	0.00005
Euryarchaeota archaeon UBA182	1915828	S	1613	105	1718	0.00002
Euryarchaeota archaeon UBA23	1915854	S	1530	495	2025	0.00003
Euryarchaeota archaeon UBA19	1915829	S	1461	829	2290	0.00003
Euryarchaeota archaeon UBA602	1915954	S	899	384	1283	0.00002
Euryarchaeota archaeon UBA58	1915943	S	658	222	880	0.00001
Euryarchaeota archaeon UBA52	1915913	S	576	330	906	0.00001
Euryarchaeota archaeon UBA126	1915801	S	554	750	1304	0.00002
Euryarchaeota archaeon UBA487	1915899	S	549	85	634	0.00001
Euryarchaeota archaeon UBA462	1915892	S	447	279	726	0.00001
Euryarchaeota archaeon UBA549	1915927	S	437	78	515	0.00001
Euryarchaeota archaeon UBA623	1915969	S	424	92	516	0.00001
Euryarchaeota archaeon UBA54	1915920	S	345	311	656	0.00001
Euryarchaeota archaeon UBA36	1915878	S	306	131	437	0.00001
Euryarchaeota archaeon UBA222	1915847	S	272	208	480	0.00001
Euryarchaeota archaeon UBA60	1915951	S	213	2	215	0.00000
Euryarchaeota archaeon UBA558	1915936	S	199	33	232	0.00000
Euryarchaeota archaeon UBA106	1915786	S	161	49	210	0.00000
Euryarchaeota archaeon UBA439	1915887	S	156	443	599	0.00001
Marine group II euryarchaeote REDSEA-S43_B8	1811660	S	126	399	525	0.00001
Euryarchaeota archaeon UBA13	1915805	S	126	60	186	0.00000
Marine Group II euryarchaeote MED-G34	2007295	S	103	30	133	0.00000
Euryarchaeota archaeon UBA501	1915909	S	96	12	108	0.00000
Euryarchaeota archaeon UBA438	1915886	S	94	42	136	0.00000
Euryarchaeota archaeon UBA226	1915850	S	74	38	112	0.00000
Euryarchaeota archaeon UBA105	1915785	S	67	83	150	0.00000
Euryarchaeota archaeon UBA250	1915859	S	63	82	145	0.00000
Euryarchaeota archaeon UBA121	1915796	S	52	7	59	0.00000
Euryarchaeota archaeon UBA550	1915928	S	50	61	111	0.00000
Euryarchaeota archaeon UBA86	1915978	S	43	26	69	0.00000
Euryarchaeota archaeon UBA486	1915898	S	38	22	60	0.00000
Euryarchaeota archaeon UBA229	1915853	S	29	1	30	0.00000
Euryarchaeota archaeon UBA125	1915800	S	26	21	47	0.00000
Euryarchaeota archaeon UBA463	1915893	S	16	6	22	0.00000
Euryarchaeota archaeon UBA53	1915916	S	15	0	15	0.00000
Marine Group II euryarchaeote MED-G37	2007298	S	13	2	15	0.00000
Marine Group II euryarchaeote MED-G36	2007297	S	13	4	17	0.00000
Euryarchaeota archaeon UBA242	1915855	S	12	5	17	0.00000
uncultured Candidatus Poseidoniales archaeon	274854	S	11371	5629	17000	0.00022
Candidatus Thalassoarchaea betae	2599289	S	3732	1656	5388	0.00007
Candidatus Thalassarchaeaceae archaeon	2670411	S	21	11	32	0.00000
Candidatus Poseidoniaceae archaeon	2666346	S	595	336	931	0.00001
Euryarchaeota archaeon UBA136	1915770	S	33621	77115	110736	0.00144
uncultured marine group III euryarchaeote	360836	S	1088	105	1193	0.00002
Euryarchaeota archaeon UBA488	1915775	S	335	413	748	0.00001
Marine Group III euryarchaeote CG-Bathy1	1889001	S	260	76	336	0.00000
Marine Group III euryarchaeote CG-Epi1	1888995	S	126	368	494	0.00001
Euryarchaeota archaeon UBA102	1915769	S	22	9	31	0.00000
Marine Group III euryarchaeote CG-Epi4	1888998	S	13	17	30	0.00000
Thermoplasmata archaeon	1906666	S	36	6	42	0.00000
Euryarchaeota archaeon	2026739	S	163657	53031	216688	0.00281
Euryarchaeota archaeon UBA24	1915765	S	29	0	29	0.00000
Euryarchaeota archaeon TMED129	1986684	S	19	5	24	0.00000
Haloparvum sedimenti	1678448	S	3340	2719	6059	0.00008
Halorubrum sp. BV1	1498500	S	110	119	229	0.00000
Halorubrum salsamenti	2583990	S	17	95	112	0.00000
Halogranum rubrum	553466	S	146	41	187	0.00000
Haloferax prahovense	381852	S	24	113	137	0.00000
Halobacterium hubeiense	1407499	S	15	107	122	0.00000
Halococcus salsus	2162894	S	35	52	87	0.00000
Halococcus sediminicola	1264579	S	17	38	55	0.00000
Marine Group IV archaeon HikBin4	2675329	S	2111	59	2170	0.00003
Marine Group IV archaeon HikBin5	2675330	S	197	20	217	0.00000
Candidatus Pacearchaeota archaeon	2026773	S	2552	222	2774	0.00004
Candidatus Woesearchaeota archaeon	2026803	S	1836	101	1937	0.00003
Nanoarchaeota archaeon	2026764	S	116	9	125	0.00000
Candidatus Diapherotrites archaeon	2026736	S	14	1	15	0.00000
Candidatus Heimdallarchaeota archaeon	2026747	S	320	18	338	0.00000
archaeon	1906665	S	194	20	214	0.00000
