name	taxonomy_id	taxonomy_lvl	kraken_assigned_reads	added_reads	new_est_reads	fraction_total_reads
Alteromonas macleodii	28108	S	74587	169021	243608	0.05340
Alteromonas mediterranea	314275	S	38478	53468	91946	0.02016
Alteromonas australica	589873	S	31415	14980	46395	0.01017
Alteromonas abrolhosensis	1892904	S	3638	5215	8853	0.00194
Alteromonas sp. IB21	2779369	S	982	1160	2142	0.00047
Alteromonas sp. RKMC-009	2267264	S	192	38	230	0.00005
Alteromonas sp. KUL42	2480797	S	147	29	176	0.00004
Alteromonas sp. KUL106	2480799	S	135	71	206	0.00005
Alteromonas sp. BL110	1714845	S	34	92	126	0.00003
Alteromonas sp. V450	1912139	S	32	23	55	0.00001
Alteromonas sp. KC3	2795688	S	32	11	43	0.00001
Alteromonas sp. ALT199	1298865	S	28	66	94	0.00002
Alteromonas sp. LOR	1537994	S	23	19	42	0.00001
Alteromonas confluentis	1656094	S	1911	241	2152	0.00047
Alteromonas marina	203795	S	1625	3487	5112	0.00112
Alteromonas antoniana	2803813	S	802	660	1462	0.00032
Alteromonas profundi	2696062	S	673	400	1073	0.00024
Alteromonas oceanisediminis	2836180	S	341	84	425	0.00009
Alteromonas hispanica	315421	S	334	57	391	0.00009
Alteromonas genovensis	471225	S	329	306	635	0.00014
Alteromonas naphthalenivorans	715451	S	253	471	724	0.00016
Alteromonas oceani	2071609	S	244	1043	1287	0.00028
Alteromonas alba	2079529	S	233	2012	2245	0.00049
Alteromonas gracilis	1479524	S	228	172	400	0.00009
Alteromonas portus	2565549	S	213	247	460	0.00010
Alteromonas pelagimontana	1858656	S	106	15	121	0.00003
Salinimonas sediminis	2303538	S	441	278	719	0.00016
Salinimonas iocasae	2572577	S	86	19	105	0.00002
Salinimonas lutimaris	914153	S	28	6	34	0.00001
Alteromonadaceae bacterium	1916082	S	670	332	1002	0.00022
Alteromonadaceae bacterium UBA2620	1951386	S	64	269	333	0.00007
Glaciecola sp. UBA1851	1946570	S	31	5	36	0.00001
Glaciecola sp. XM2	1914931	S	14	0	14	0.00000
Marisediminitalea aggregata	634436	S	46	9	55	0.00001
Paraglaciecola polaris	222814	S	23	10	33	0.00001
Ningiella ruwaisensis	2364274	S	22	8	30	0.00001
Neptunicella marina	2125989	S	21	3	24	0.00001
Pseudoalteromonas atlantica	288	S	3427	5673	9100	0.00199
Pseudoalteromonas tetraodonis	43659	S	977	3377	4354	0.00095
Pseudoalteromonas arabiensis	874454	S	702	485	1187	0.00026
Pseudoalteromonas sp.	53249	S	85	277	362	0.00008
Pseudoalteromonas sp. 0303	2743618	S	29	235	264	0.00006
Pseudoalteromonas sp. DL-6	1390185	S	24	76	100	0.00002
Pseudoalteromonas sp. P1-25	1723758	S	21	24	45	0.00001
Pseudoalteromonas sp. NBT06-2	2025950	S	12	0	12	0.00000
Pseudoalteromonas sp. Z1A8	2686354	S	12	30	42	0.00001
Pseudoalteromonas lipolytica	570156	S	128	289	417	0.00009
Pseudoalteromonas shioyasakiensis	1190813	S	84	542	626	0.00014
Pseudoalteromonas undina	43660	S	82	296	378	0.00008
Pseudoalteromonas marina	267375	S	57	75	132	0.00003
Pseudoalteromonas haloplanktis	228	S	39	26	65	0.00001
Pseudoalteromonas prydzensis	182141	S	34	36	70	0.00002
Pseudoalteromonas piratica	1348114	S	32	15	47	0.00001
Pseudoalteromonas carrageenovora	227	S	21	46	67	0.00001
Pseudoalteromonas nigrifaciens	28109	S	19	71	90	0.00002
Pseudoalteromonas espejiana	28107	S	13	15	28	0.00001
Idiomarina loihiensis	135577	S	2226	1493	3719	0.00082
Idiomarina zobellii	86103	S	792	2205	2997	0.00066
Idiomarina aquatica	1327752	S	171	83	254	0.00006
Idiomarina baltica	190892	S	153	231	384	0.00008
Idiomarina piscisalsi	1096243	S	138	289	427	0.00009
Idiomarina abyssalis	86102	S	58	45	103	0.00002
Idiomarina sp. X4	2055892	S	16	40	56	0.00001
Pseudidiomarina maritima	519453	S	28	28	56	0.00001
Pseudidiomarina aestuarii	624146	S	22	3	25	0.00001
Idiomarinaceae bacterium	1898113	S	59	59	118	0.00003
Litorilituus sediminis	718192	S	21	8	29	0.00001
Thalassotalea marina	1673741	S	12	6	18	0.00000
Shewanella inventionis	1738770	S	18	11	29	0.00001
Gammaproteobacteria bacterium	1913989	S	149474	35176	184650	0.04048
Gammaproteobacteria bacterium UBA6940	1948640	S	5786	862	6648	0.00146
Gammaproteobacteria bacterium UBA3532	1948611	S	241	125	366	0.00008
Gammaproteobacteria bacterium UBA1961	1948588	S	101	25	126	0.00003
Gammaproteobacteria bacterium REDSEA-S15_B12	1811666	S	97	71	168	0.00004
Gammaproteobacteria bacterium UBA1119	1948582	S	92	38	130	0.00003
gamma proteobacterium SCGC AAA007-O20	913327	S	42	18	60	0.00001
Halomonas aquamarina	77097	S	6266	30810	37076	0.00813
Halomonas sp. UBA3074	1946584	S	2553	4186	6739	0.00148
Halomonas sp.	1486246	S	190	117	307	0.00007
Halomonas sp. GT	1971364	S	26	50	76	0.00002
Halomonas sp. HAL1	550984	S	18	56	74	0.00002
Halomonas sp. 54_146	1635257	S	17	17	34	0.00001
Halomonas piezotolerans	2609667	S	649	865	1514	0.00033
Halomonas lionensis	1144478	S	580	2301	2881	0.00063
Halomonas sulfidaeris	115553	S	411	164	575	0.00013
Halomonas salicampi	1449798	S	144	57	201	0.00004
Halomonas meridiana	29570	S	131	224	355	0.00008
Halomonas maris	2729617	S	91	327	418	0.00009
Halomonas glaciei	186761	S	55	208	263	0.00006
Halomonas sedimenti	2729618	S	47	99	146	0.00003
Halomonas hamiltonii	502829	S	42	152	194	0.00004
Halomonas nanhaiensis	1258546	S	29	29	58	0.00001
Halomonas stevensii	502821	S	26	119	145	0.00003
Halomonas alkaliantarctica	232346	S	24	40	64	0.00001
Halomonas venusta	44935	S	20	12	32	0.00001
Halomonas lutescens	1602943	S	19	9	28	0.00001
Salinicola salarius	430457	S	440	252	692	0.00015
Salinicola sp.	1978524	S	379	360	739	0.00016
Cobetia amphilecti	1055104	S	45	31	76	0.00002
Oceanospirillaceae bacterium	1899355	S	21080	6207	27287	0.00598
Oceanospirillaceae bacterium UBA1126	1952987	S	12	0	12	0.00000
Thalassolituus oleivorans	187493	S	3163	1776	4939	0.00108
Thalassolituus sp. UBA2107	1947659	S	690	3516	4206	0.00092
Thalassolituus sp. C2-1	2597518	S	247	105	352	0.00008
Thalassolituus sp. UBA674	1947666	S	24	8	32	0.00001
Oleibacter marinus	484498	S	148	480	628	0.00014
Oleibacter sp.	2024845	S	71	36	107	0.00002
Neptuniibacter sp. UBA6509	1946976	S	196	33	229	0.00005
Oceanobacter sp.	2030817	S	44	12	56	0.00001
Bermanella sp.	2024825	S	35	17	52	0.00001
Marinomonas fungiae	1137284	S	12	9	21	0.00000
Alcanivorax sp. DSM 26293	1798238	S	3327	5761	9088	0.00199
Alcanivorax sp.	1872427	S	634	687	1321	0.00029
Alcanivorax sp. DG881	236097	S	328	347	675	0.00015
Alcanivorax sp. UBA4485	1945988	S	98	168	266	0.00006
Alcanivorax sp. DP30	2606217	S	37	19	56	0.00001
Alcanivorax jadensis	64988	S	2905	2830	5735	0.00126
Alcanivorax borkumensis	59754	S	1237	489	1726	0.00038
Alcanivorax hongdengensis	519051	S	139	94	233	0.00005
Alcanivorax nanhaiticus	1177154	S	78	120	198	0.00004
Alcanivorax sediminis	2663008	S	36	18	54	0.00001
Alloalcanivorax venustensis	172371	S	1437	6933	8370	0.00183
Alcanivoracaceae bacterium	2024895	S	105	197	302	0.00007
uncultured Litorivicinus sp.	1587531	S	13	4	17	0.00000
Methylophaga sp.	2024840	S	37566	10096	47662	0.01045
Methylophaga sp. UBA3192	1946882	S	252	70	322	0.00007
Methylophaga sp. UBA2689	1946878	S	95	116	211	0.00005
Methylophaga aminisulfidivorans	230105	S	8244	6906	15150	0.00332
Methylophaga sulfidovorans	45496	S	186	90	276	0.00006
Methylophaga thiooxydans	392484	S	173	28	201	0.00004
Methylophaga nitratireducenticrescens	754476	S	13	14	27	0.00001
Cycloclasticus sp.	2024830	S	33	12	45	0.00001
uncultured Francisellaceae bacterium	393692	S	160	1	161	0.00004
uncultured Thiothrix sp.	223185	S	28	2	30	0.00001
Marinobacter salarius	1420917	S	5737	10593	16330	0.00358
Marinobacter nauticus	2743	S	1497	905	2402	0.00053
Marinobacter vinifirmus	355591	S	1463	2085	3548	0.00078
Marinobacter sp. B9-2	2137198	S	224	815	1039	0.00023
Marinobacter sp.	50741	S	185	150	335	0.00007
Marinobacter sp. LQ44	1749259	S	39	99	138	0.00003
Marinobacter sp. Arc7-DN-1	2304594	S	35	34	69	0.00002
Marinobacter sp. EhC06	1849169	S	15	28	43	0.00001
Marinobacter manganoxydans	1150997	S	262	4104	4366	0.00096
Marinobacter fuscus	2109942	S	122	157	279	0.00006
Marinobacter algicola	236100	S	115	129	244	0.00005
Marinobacter flavimaris	262076	S	104	1674	1778	0.00039
Marinobacter adhaerens	1033846	S	46	370	416	0.00009
Marinobacter alexandrii	2570351	S	43	16	59	0.00001
Marinobacter salsuginis	418719	S	30	32	62	0.00001
Marinobacter persicus	930118	S	16	14	30	0.00001
Halopseudomonas gallaeciensis	857227	S	6886	5582	12468	0.00273
Halopseudomonas aestusnigri	857252	S	1718	1374	3092	0.00068
Halopseudomonas pachastrellae	254161	S	1230	1666	2896	0.00063
Halopseudomonas oceani	1708783	S	102	83	185	0.00004
Halopseudomonas sabulinigri	472181	S	55	11	66	0.00001
Stutzerimonas stutzeri	316	S	696	1607	2303	0.00050
Stutzerimonas kunmingensis	1211807	S	82	1693	1775	0.00039
Pseudomonas sp. SSM44	2487347	S	47	48	95	0.00002
Pseudomonas sp.	306	S	20	112	132	0.00003
Pseudomonas sp. SST3	2267882	S	17	56	73	0.00002
Pseudomonas marincola	437900	S	118	68	186	0.00004
Pseudomonas putida	303	S	80	268	348	0.00008
Pseudomonas mendocina	300	S	17	74	91	0.00002
Pseudomonas saliphila	2586906	S	23	13	36	0.00001
Pseudomonas tohonis	2725477	S	16	42	58	0.00001
Pseudomonadaceae bacterium UBA836	1952795	S	58	66	124	0.00003
Pseudomonadaceae bacterium SI-3	2079806	S	44	72	116	0.00003
Pseudomonadales bacterium	1891229	S	13	3	16	0.00000
Acidiferrobacteraceae bacterium	2024893	S	4679	2810	7489	0.00164
Kangiella geojedonensis	914150	S	2528	416	2944	0.00065
Kangiella spongicola	796379	S	101	24	125	0.00003
Kangiella sp. HD9-110m-PIT-SAG07	2283595	S	18	3	21	0.00000
uncultured SAR86 cluster bacterium	648174	S	1879	651	2530	0.00055
SAR86 cluster bacterium SAR86A	1123866	S	120	170	290	0.00006
SAR86 cluster bacterium REDSEA-S09_B4	1811643	S	38	2	40	0.00001
SAR86 cluster bacterium AG-422-O05	2162561	S	27	15	42	0.00001
SAR86 cluster bacterium AG-349-I13	2162563	S	21	15	36	0.00001
SAR86 cluster bacterium AG-359-O04	2162564	S	13	20	33	0.00001
Candidatus Thioglobus sp. MED-G25	1986229	S	64	23	87	0.00002
Candidatus Thioglobus sp.	2026721	S	40	33	73	0.00002
K189A clade bacterium	2315472	S	61	28	89	0.00002
Rheinheimera aquimaris	412437	S	1151	394	1545	0.00034
Woeseiaceae bacterium	2026806	S	104	43	147	0.00003
uncultured SAR92 cluster bacterium	1118066	S	245	32	277	0.00006
Porticoccaceae bacterium UBA1117	1952748	S	155	7	162	0.00004
Porticoccaceae bacterium	2026782	S	30	10	40	0.00001
Porticoccus sp.	2024853	S	17	15	32	0.00001
Halieaceae bacterium UBA5085	1951918	S	284	84	368	0.00008
Halieaceae bacterium	2026743	S	26	3	29	0.00001
Haliea salexigens	287487	S	49	40	89	0.00002
Spongiibacter sp. IMCC21906	1620392	S	79	59	138	0.00003
Spongiibacter tropicus	454602	S	45	59	104	0.00002
Cellvibrionales bacterium UBA2511	1950788	S	15	45	60	0.00001
Acinetobacter modestus	1776740	S	50	346	396	0.00009
Acinetobacter johnsonii	40214	S	31	150	181	0.00004
Acinetobacter ursingii	108980	S	24	102	126	0.00003
Psychrobacter submarinus	154108	S	44	116	160	0.00004
uncultured Gammaproteobacteria bacterium	86473	S	521	99	620	0.00014
Methylococcaceae bacterium UBA1147	1952219	S	406	45	451	0.00010
Vibrio mytili	50718	S	56	110	166	0.00004
Paraphotobacterium marinum	1755811	S	12	2	14	0.00000
Providencia huaxiensis	2027290	S	108	63	171	0.00004
Lysobacter spongiicola	435289	S	21	15	36	0.00001
Legionellales bacterium	2026754	S	27	3	30	0.00001
Pelagibacteraceae bacterium	2026775	S	68027	57361	125388	0.02749
alpha proteobacterium SCGC AAA288-E13	939316	S	1387	8016	9403	0.00206
Pelagibacteraceae bacterium AG-464-P07	2162008	S	775	1292	2067	0.00045
alpha proteobacterium SCGC AAA288-G21	939324	S	575	1391	1966	0.00043
alpha proteobacterium SCGC AAA240-E13	939306	S	346	1336	1682	0.00037
alpha proteobacterium SCGC AAA288-N07	939346	S	165	346	511	0.00011
Pelagibacteraceae bacterium AG-464-B04	2162007	S	42	22	64	0.00001
Pelagibacteraceae bacterium AG-426-E17	2161995	S	26	141	167	0.00004
Candidatus Pelagibacter sp.	2024849	S	21098	19431	40529	0.00888
uncultured Candidatus Pelagibacter sp.	372654	S	41	28	69	0.00002
uncultured Pelagibacteraceae bacterium	1667051	S	6060	17327	23387	0.00513
Pelagibacterales bacterium	2026776	S	85	53	138	0.00003
Qipengyuania flava	192812	S	22153	8385	30538	0.00669
Qipengyuania citrea	225971	S	6339	9143	15482	0.00339
Qipengyuania pelagi	994320	S	649	1062	1711	0.00038
Qipengyuania vulgaris	291985	S	70	64	134	0.00003
Erythrobacter sp. A30-3	2785907	S	17819	35622	53441	0.01172
Erythrobacter sp.	1042	S	4345	3772	8117	0.00178
Erythrobacter sp. YJ-T3-07	2793063	S	111	123	234	0.00005
Erythrobacter sp. HI0063	1822240	S	93	146	239	0.00005
Erythrobacter sp. UBA2510	1946470	S	61	157	218	0.00005
Erythrobacter sp. UBA1916	1946469	S	21	38	59	0.00001
Erythrobacter sp. 3-20A1M	2653850	S	12	15	27	0.00001
Erythrobacter litoralis	39960	S	833	1115	1948	0.00043
Erythrobacter longus	1044	S	85	15	100	0.00002
Pseudopontixanthobacter vadosimaris	2726450	S	322	285	607	0.00013
Aurantiacibacter zhengii	2307003	S	137	152	289	0.00006
Aurantiacibacter atlanticus	1648404	S	130	41	171	0.00004
Croceicoccus sp.	1927144	S	70	160	230	0.00005
Croceicoccus marinus	450378	S	19	16	35	0.00001
Erythrobacteraceae bacterium	2026738	S	39	5	44	0.00001
Erythrobacteraceae bacterium E2-1 Yellow Sea	2780381	S	13	12	25	0.00001
Pelagerythrobacter aerophilus	2306995	S	26	27	53	0.00001
Pelagerythrobacter marinus	538382	S	14	17	31	0.00001
Tsuneonella suprasediminis	2306996	S	27	45	72	0.00002
Altericroceibacterium endophyticum	1808508	S	20	2	22	0.00000
Actirhodobacter atriluteus	2744473	S	24	17	41	0.00001
Croceibacterium atlanticum	1267766	S	13	14	27	0.00001
Sphingomonas sp. SKA58	314266	S	7021	14127	21148	0.00464
Sphingomonas sp. 3P27F8	2502213	S	12	28	40	0.00001
Sphingomonas yabuuchiae	172044	S	152	182	334	0.00007
Sphingomonas ursincola	56361	S	37	54	91	0.00002
Sphingomonas aracearum	2283317	S	31	22	53	0.00001
Sphingomonas sanxanigenens	397260	S	18	15	33	0.00001
Sphingomonas montanisoli	2606412	S	13	3	16	0.00000
Citromicrobium bathyomarinum	72174	S	5642	10085	15727	0.00345
Citromicrobium sp. UBA3494	1946345	S	610	938	1548	0.00034
Citromicrobium sp.	2024827	S	411	342	753	0.00017
Sphingobium sp. C100	1207055	S	540	939	1479	0.00032
Sphingobium sp. TCM1	453246	S	229	347	576	0.00013
Sphingobium sp. CCH11-B1	1768781	S	80	244	324	0.00007
Sphingobium sp.	1912891	S	28	15	43	0.00001
Sphingobium yanoikuyae	13690	S	165	443	608	0.00013
Sphingobium scionense	1404341	S	100	240	340	0.00007
Sphingobium phenoxybenzoativorans	1592790	S	63	166	229	0.00005
Sphingobium jiangsuense	870476	S	35	52	87	0.00002
Sphingobium xenophagum	121428	S	34	60	94	0.00002
Sphingobium limneticum	1007511	S	25	44	69	0.00002
Sphingobium subterraneum	627688	S	19	20	39	0.00001
Sphingobium cupriresistens	1132417	S	16	42	58	0.00001
Sphingobium lactosutens	522773	S	15	57	72	0.00002
Sphingobium estronivorans	1577690	S	12	15	27	0.00001
Sphingomonadaceae bacterium MED-G03	1986231	S	678	468	1146	0.00025
Sphingopyxis sp.	1908224	S	139	160	299	0.00007
Sphingopyxis sp. FD7	1914525	S	56	133	189	0.00004
Sphingopyxis sp. H073	1759079	S	17	57	74	0.00002
Sphingopyxis terrae	33052	S	172	330	502	0.00011
Sphingopyxis bauzanensis	651663	S	14	18	32	0.00001
Novosphingobium decolorationis	2698673	S	42	70	112	0.00002
Novosphingobium aquimarinum	2682494	S	35	70	105	0.00002
Novosphingobium panipatense	428991	S	35	67	102	0.00002
Novosphingobium marinum	1514948	S	26	41	67	0.00001
Novosphingobium sp. 17-62-19	1970406	S	14	9	23	0.00001
Novosphingobium fluoreni	1391222	S	17	3	20	0.00000
Novosphingobium meiothermophilum	2202251	S	15	6	21	0.00000
Novosphingobium indicum	462949	S	13	17	30	0.00001
Novosphingopyxis iocasae	2762729	S	76	70	146	0.00003
Stakelama pacifica	517720	S	71	69	140	0.00003
uncultured Parasphingopyxis sp.	1547918	S	22	43	65	0.00001
Blastomonas marina	1867408	S	14	12	26	0.00001
Sphingomonadales bacterium	1978525	S	26	15	41	0.00001
Pacificimonas flava	1234595	S	12	11	23	0.00001
Alphaproteobacteria bacterium MarineAlpha9_Bin6	2013101	S	34524	350	34874	0.00765
Alphaproteobacteria bacterium MarineAlpha3_Bin3	2013069	S	27353	8329	35682	0.00782
Alphaproteobacteria bacterium MarineAlpha5_Bin3	2013078	S	18836	1266	20102	0.00441
Alphaproteobacteria bacterium MarineAlpha3_Bin2	2013068	S	17422	1761	19183	0.00421
Alphaproteobacteria bacterium MarineAlpha9_Bin1	2013096	S	14323	862	15185	0.00333
Alphaproteobacteria bacterium MarineAlpha6_Bin2	2013089	S	4358	196	4554	0.00100
Alphaproteobacteria bacterium MarineAlpha10_Bin3	2013105	S	4043	317	4360	0.00096
Alphaproteobacteria bacterium MarineAlpha10_Bin2	2013104	S	3599	114	3713	0.00081
Alphaproteobacteria bacterium MarineAlpha3_Bin6	2013072	S	1420	92	1512	0.00033
Alphaproteobacteria bacterium	1913988	S	857	217	1074	0.00024
Alphaproteobacteria bacterium MarineAlpha9_Bin7	2013102	S	220	14	234	0.00005
Alphaproteobacteria bacterium UBA6544	1948430	S	118	31	149	0.00003
alpha proteobacterium SCGC AAA015-N04	939296	S	47	149	196	0.00004
Alphaproteobacteria bacterium MarineAlpha5_Bin5	2013080	S	30	3	33	0.00001
Alphaproteobacteria bacterium MarineAlpha3_Bin7	2013073	S	15	0	15	0.00000
Sulfitobacter pontiacus	60137	S	19141	38359	57500	0.01261
Sulfitobacter sp. D7	1968541	S	442	2892	3334	0.00073
Sulfitobacter sp.	1903071	S	205	622	827	0.00018
Sulfitobacter sp. DFL-14	215828	S	30	89	119	0.00003
Sulfitobacter litoralis	335975	S	641	2872	3513	0.00077
Sulfitobacter dubius	218673	S	26	41	67	0.00001
Sulfitobacter indolifex	225422	S	17	35	52	0.00001
Sulfitobacter mediterraneus	83219	S	12	2	14	0.00000
Roseovarius nubinhibens	314263	S	441	395	836	0.00018
Roseovarius indicus	540747	S	55	19	74	0.00002
Roseovarius sp. MCTG156(2b)	1354722	S	22	48	70	0.00002
Roseovarius mucosus	215743	S	44	83	127	0.00003
Roseobacter sp.	1907202	S	570	310	880	0.00019
Roseobacter sp. MED193	314262	S	42	78	120	0.00003
Phaeobacter gallaeciensis	60890	S	79	34	113	0.00002
Phaeobacter sp. 22II1-1F12B	1317111	S	57	153	210	0.00005
Marinovum algicola	42444	S	121	134	255	0.00006
Loktanella ponticola	1524255	S	86	87	173	0.00004
Tranquillimonas alkanivorans	441119	S	59	19	78	0.00002
Thalassobius autumnalis	2072972	S	36	30	66	0.00001
Thalassobius sp.	1979401	S	14	5	19	0.00000
Jannaschia helgolandensis	188906	S	46	29	75	0.00002
Pseudosulfitobacter pseudonitzschiae	1402135	S	39	75	114	0.00002
Roseicyclus sp.	1914329	S	22	9	31	0.00001
Primorskyibacter flagellatus	1387277	S	16	27	43	0.00001
Thalassococcus profundi	2282382	S	15	21	36	0.00001
Salipiger marinus	555512	S	12	18	30	0.00001
Tritonibacter mobilis	379347	S	6836	6819	13655	0.00299
Paracoccus sp. UBA889	1947056	S	653	424	1077	0.00024
Paracoccaceae bacterium	1904441	S	210	85	295	0.00006
Rhodobacteraceae bacterium REDSEA-S34_B6	1811624	S	45	125	170	0.00004
Pseudooceanicola sp.	1914328	S	16	8	24	0.00001
Pseudooceanicola atlanticus	1461694	S	12	35	47	0.00001
Marinibacterium profundimaris	1679460	S	25	63	88	0.00002
Limimaricola cinnabarinus	1125964	S	19	12	31	0.00001
Hyphomonas sp. L-53-1-40	1207058	S	10606	6158	16764	0.00368
Hyphomonas sp. UBA5111	1946637	S	56	91	147	0.00003
Hyphomonas atlantica	1280948	S	348	527	875	0.00019
Hyphomonas pacifica	1280941	S	16	43	59	0.00001
Ponticaulis sp.	2020902	S	387	145	532	0.00012
Henriciella sp.	1968823	S	257	118	375	0.00008
Henriciella aquimarina	545261	S	19	29	48	0.00001
Hyphomonadaceae bacterium TMED5	1986776	S	143	109	252	0.00006
Thalassospira sp. MCCC 1A01148	501834	S	861	1340	2201	0.00048
Thalassospira profundimaris	502049	S	78	529	607	0.00013
Magnetovibrio sp.	2024836	S	13	1	14	0.00000
Rhodospirillales bacterium	2026786	S	1123	294	1417	0.00031
Rhodospirillaceae bacterium	1898112	S	398	91	489	0.00011
Rhodospirillaceae bacterium TMED167	1986863	S	39	37	76	0.00002
Nisaea sp.	2024842	S	20	7	27	0.00001
uncultured Alphaproteobacteria bacterium	91750	S	3565	1490	5055	0.00111
Afipia broomeae	56946	S	221	556	777	0.00017
Afipia sp.	1871052	S	12	10	22	0.00000
Rhizobium rosettiformans	1368430	S	177	226	403	0.00009
Agrobacterium tumefaciens	358	S	35	46	81	0.00002
Roseibium aggregatum	187304	S	156	65	221	0.00005
Rhodobiaceae bacterium	2026785	S	106	35	141	0.00003
Rhodobium orientis	34017	S	17	4	21	0.00000
Mesorhizobium terrae	2725666	S	46	48	94	0.00002
Mesorhizobium sp. Pch-S	2082387	S	23	10	33	0.00001
Hoeflea sp.	1940281	S	15	15	30	0.00001
Devosia indica	2079253	S	14	35	49	0.00001
Pelagibacterium sp.	1967288	S	45	38	83	0.00002
Hyphomicrobiales bacterium	1909294	S	26	13	39	0.00001
Rhizobiales bacterium 32-66-11	1970549	S	18	19	37	0.00001
Rhizobiales bacterium UBA1912	1951217	S	14	3	17	0.00000
Aurantimonas coralicida	182270	S	34	32	66	0.00001
Brevundimonas mediterranea	74329	S	367	523	890	0.00020
Brevundimonas aurantiaca	74316	S	235	588	823	0.00018
Caulobacter vibrioides	155892	S	19	17	36	0.00001
Magnetococcales bacterium	2026759	S	911	10	921	0.00020
uncultured SAR116 cluster alpha proteobacterium	281031	S	524	359	883	0.00019
uncultured OCS116 cluster bacterium	648187	S	31	23	54	0.00001
Rickettsiales bacterium	2026788	S	293	79	372	0.00008
Oceanicaulis sp. PT13A	2135616	S	58	48	106	0.00002
uncultured Maricaulis sp.	174710	S	43	13	56	0.00001
Maricaulis sp.	1486257	S	20	6	26	0.00001
Candidatus Lambdaproteobacteria bacterium	2035771	S	54810	3717	58527	0.01283
Proteobacteria bacterium UBA1148	1948131	S	10486	1280	11766	0.00258
Proteobacteria bacterium UBA6503	1948193	S	1854	172	2026	0.00044
Pseudomonadota bacterium	1977087	S	366	119	485	0.00011
Proteobacteria bacterium UBA2136	1948145	S	13	5	18	0.00000
Limnobacter sp. SAORIC-580	2732163	S	346	806	1152	0.00025
Limnobacter sp. MED105	391597	S	74	101	175	0.00004
Limnobacter sp. 130	2653147	S	26	9	35	0.00001
Limnobacter sp. CACIAM 66H1	1813033	S	20	38	58	0.00001
Ralstonia pickettii	329	S	48	172	220	0.00005
Acidovorax delafieldii	47920	S	273	470	743	0.00016
Hydrogenophaga sp.	1904254	S	43	83	126	0.00003
Hydrogenophaga crocea	2716225	S	37	141	178	0.00004
Pusillimonas sp. UBA3987	1947369	S	20	18	38	0.00001
Pusillimonas maritima	2026239	S	19	41	60	0.00001
Dehalococcoidia bacterium	2026734	S	318596	29486	348082	0.07631
Dehalococcoidia bacterium UBA1123	1948467	S	52799	52293	105092	0.02304
Dehalococcoidia bacterium UBA1141	1948469	S	48309	9290	57599	0.01263
Dehalococcoidia bacterium UBA1122	1948466	S	42928	1960	44888	0.00984
Dehalococcoidia bacterium UBA1151	1948470	S	11987	768	12755	0.00280
Dehalococcoidia bacterium UBA1152	1948471	S	7345	1764	9109	0.00200
Dehalococcoidia bacterium UBA1127	1948468	S	1892	40	1932	0.00042
Dehalococcoidia bacterium UBA6495	1948511	S	1193	1480	2673	0.00059
Dehalococcoidia bacterium UBA2158	1948480	S	407	133	540	0.00012
Dehalococcoidia bacterium UBA7891	1948532	S	64	26	90	0.00002
Dehalococcoidia bacterium UBA6952	1948522	S	12	23	35	0.00001
uncultured Dehalococcoidales bacterium	2006128	S	44	6	50	0.00001
Dehalococcoidales bacterium	2026733	S	27	1	28	0.00001
SAR202 cluster bacterium	2030829	S	127037	64553	191590	0.04200
SAR202 cluster bacterium AC-647-N09_OGT_505m	2587833	S	133	3	136	0.00003
SAR202 cluster bacterium AC-409-J13_OGT_754m	2587834	S	24	0	24	0.00001
SAR202 cluster bacterium AD-804-J14_MRT_500m	2587836	S	17	0	17	0.00000
SAR202 cluster bacterium Io17-Chloro-G4	1926613	S	17	0	17	0.00000
Chloroflexota bacterium	2026724	S	15630	1467	17097	0.00375
Anaerolineales bacterium UBA1136	1950187	S	4344	313	4657	0.00102
Anaerolineales bacterium UBA3001	1950202	S	15	10	25	0.00001
Acidimicrobiia bacterium	2080302	S	16434	4162	20596	0.00452
Candidatus Microthrix sp. UBA672	1946197	S	74	36	110	0.00002
Candidatus Microthrix sp. UBA7388	1946207	S	34	0	34	0.00001
Acidimicrobiaceae bacterium	2024894	S	93	15	108	0.00002
Acidimicrobiales bacterium	2201156	S	34	10	44	0.00001
Acidimicrobiales bacterium AG-414-N20	2162616	S	27	8	35	0.00001
Ilumatobacteraceae bacterium	2497619	S	20	5	25	0.00001
Nocardioides salarius	374513	S	309	686	995	0.00022
Cutibacterium acnes	1747	S	192	262	454	0.00010
Cutibacterium modestum	2559073	S	15	5	20	0.00000
Microbacterium chocolatum	84292	S	209	182	391	0.00009
Microbacterium sp. UBA1097	1946941	S	103	150	253	0.00006
Microbacterium sp.	51671	S	43	42	85	0.00002
Microbacterium schleiferi	69362	S	55	62	117	0.00003
uncultured Candidatus Actinomarina sp.	1985113	S	260	559	819	0.00018
OCS155 cluster bacterium AG-426-D23	2162610	S	69	283	352	0.00008
OCS155 cluster bacterium AG-333-G23	2162605	S	33	48	81	0.00002
OCS155 cluster bacterium AG-422-J23	2162608	S	19	402	421	0.00009
Actinomycetia bacterium	1883427	S	32	14	46	0.00001
uncultured Prochlorococcus sp.	159733	S	14	9956	9970	0.00219
Prochlorococcus marinus	1219	S	12	7617	7629	0.00167
Crocosphaera watsonii	263511	S	81	101	182	0.00004
Candidatus Margulisbacteria bacterium	2053573	S	32	2	34	0.00001
Marinilactibacillus piezotolerans	258723	S	14	17	31	0.00001
Staphylococcus saccharolyticus	33028	S	39	14	53	0.00001
Staphylococcus epidermidis	1282	S	25	41	66	0.00001
Veillonella parvula	29466	S	22	108	130	0.00003
Bacillota bacterium	1879010	S	118	20	138	0.00003
SAR324 cluster bacterium SAR324-CTD7B	1795556	S	149028	388238	537266	0.11778
SAR324 cluster bacterium	2024889	S	112289	3536	115825	0.02539
uncultured SAR324 cluster bacterium	179114	S	19343	15900	35243	0.00773
SAR324 cluster bacterium REDSEA-S27_B3	1811637	S	499	29	528	0.00012
SAR324 cluster bacterium lautmerah10	1764262	S	83	19	102	0.00002
Deltaproteobacteria bacterium	2026735	S	1232	81	1313	0.00029
Microvenator marinus	2600177	S	14	0	14	0.00000
Candidatus Marinimicrobia bacterium	2026760	S	481658	52352	534010	0.11707
Candidatus Marinimicrobia bacterium UBA1134	1953213	S	5883	842	6725	0.00147
Candidatus Marinimicrobia bacterium UBA1611	1953216	S	377	110	487	0.00011
Marinimicrobia bacterium SCGC AAA298-D23	939857	S	65	52	117	0.00003
uncultured Candidatus Marinimicrobia bacterium	195045	S	63	15	78	0.00002
Candidatus Marinimicrobia bacterium UBA6531	1953244	S	54	18	72	0.00002
Candidatus Marinimicrobia bacterium UBA7300	1953254	S	52	15	67	0.00001
Candidatus Marinimicrobia bacterium UBA2125	1953217	S	38	30	68	0.00001
Candidatus Marinimicrobia bacterium UBA7301	1953255	S	25	2	27	0.00001
Candidatus Marinimicrobia bacterium UBA2980	1953230	S	23	2	25	0.00001
Candidatus Marinimicrobia bacterium UBA7303	1953256	S	22	5	27	0.00001
Joostella marina	453852	S	29650	8745	38395	0.00842
Leeuwenhoekiella blandensis	360293	S	6428	1964	8392	0.00184
Leeuwenhoekiella marinoflava	988	S	748	387	1135	0.00025
Leeuwenhoekiella palythoae	573501	S	132	28	160	0.00004
Leeuwenhoekiella aequorea	283736	S	83	27	110	0.00002
Leeuwenhoekiella nanhaiensis	1655491	S	39	14	53	0.00001
Leeuwenhoekiella polynyae	1550906	S	16	30	46	0.00001
Mesonia mobilis	369791	S	1909	2773	4682	0.00103
Mesonia sp.	1960830	S	115	147	262	0.00006
Mesonia aquimarina	1504967	S	82	23	105	0.00002
Mesonia algae	213248	S	50	2	52	0.00001
Flavobacteriaceae bacterium	1871037	S	3749	683	4432	0.00097
Flavobacteriaceae bacterium PRS1	2483459	S	693	95	788	0.00017
Zunongwangia profunda	398743	S	3866	2711	6577	0.00144
Zunongwangia mangrovi	1334022	S	90	39	129	0.00003
Zunongwangia atlantica	1502297	S	34	16	50	0.00001
Maribacter dokdonensis	320912	S	2134	762	2896	0.00063
Maribacter litoralis	2059726	S	43	30	73	0.00002
Maribacter sp. 4G9	1889777	S	33	19	52	0.00001
Maribacter cobaltidurans	1178778	S	14	7	21	0.00000
Muricauda ruestringensis	111501	S	1087	717	1804	0.00040
Muricauda taeanensis	1005926	S	286	83	369	0.00008
Muricauda brasiliensis	2162892	S	198	57	255	0.00006
Muricauda oceani	2698672	S	161	140	301	0.00007
Muricauda sp. TMED12	1986608	S	17	8	25	0.00001
Muricauda sp.	192149	S	16	5	21	0.00000
Muricauda oceanensis	2499163	S	13	6	19	0.00000
Salegentibacter mishustinae	270918	S	508	1071	1579	0.00035
Salegentibacter sp. R32	1486285	S	109	27	136	0.00003
Salegentibacter agarivorans	345907	S	121	180	301	0.00007
Salegentibacter echinorum	1073325	S	15	2	17	0.00000
Dokdonia donghaensis	326320	S	539	281	820	0.00018
Mesoflavibacter zeaxanthinifaciens	393060	S	486	155	641	0.00014
Winogradskyella sp.	1883156	S	333	72	405	0.00009
Winogradskyella ouciana	2608631	S	108	42	150	0.00003
Nonlabens dokdonensis	328515	S	368	24	392	0.00009
Kordia sp.	1965332	S	44	13	57	0.00001
Christiangramia flava	1486245	S	23	3	26	0.00001
Aurantibacter aestuarii	1266046	S	27	2	29	0.00001
Polaribacter sp. MED152	313598	S	13	12	25	0.00001
Olleya sp. Hel_I_94	1250001	S	17	3	20	0.00000
Flavobacteriales bacterium	2021391	S	7305	881	8186	0.00179
Flavobacteriales bacterium UBA2104	1950971	S	17	1	18	0.00000
Crocinitomicaceae bacterium	2026728	S	100	14	114	0.00002
uncultured Bacteroidetes bacterium	152509	S	805	90	895	0.00020
uncultured Marinoscillum sp.	932004	S	133	16	149	0.00003
Algoriphagus iocasae	1836499	S	21	12	33	0.00001
Algoriphagus sp. Y33	2772483	S	16	3	19	0.00000
Echinicola strongylocentroti	1795355	S	16	0	16	0.00000
Cytophagaceae bacterium	2026729	S	77	11	88	0.00002
Bacteroidota bacterium	1898104	S	337	17	354	0.00008
Prevotella bivia	28125	S	62	48	110	0.00002
Prevotella melaninogenica	28132	S	13	5	18	0.00000
Prevotella disiens	28130	S	13	10	23	0.00001
Bacteroidales bacterium	2030927	S	41	6	47	0.00001
Gracilimonas amylolytica	1749045	S	1046	123	1169	0.00026
uncultured Balneola sp.	555950	S	13	17	30	0.00001
Gemmatimonadota bacterium	2026742	S	41926	3084	45010	0.00987
Gemmatimonadales bacterium UBA1142	1951102	S	11719	1066	12785	0.00280
Gemmatimonadales bacterium UBA2988	1951110	S	39	0	39	0.00001
Gemmatimonadales bacterium UBA1120	1951099	S	17	16	33	0.00001
Gemmatimonadales bacterium UBA2982	1951109	S	13	0	13	0.00000
Gemmatimonadaceae bacterium	2026741	S	17	2	19	0.00000
Candidatus Hydrogenedentes bacterium	2030809	S	701	28	729	0.00016
Candidatus Latescibacteria bacterium	2053570	S	81	3	84	0.00002
Latescibacteria bacterium UBA6620	1948115	S	26	0	26	0.00001
Micavibrio sp. TMED27	1986607	S	22936	12165	35101	0.00769
Micavibrio sp. UBA1850	1946909	S	1792	152	1944	0.00043
Micavibrio sp.	2024841	S	239	27	266	0.00006
Micavibrio sp. UBA2705	1946918	S	128	1	129	0.00003
Micavibrio sp. TMED2	1986633	S	32	18	50	0.00001
Micavibrio sp. UBA6929	1946934	S	15	0	15	0.00000
Bdellovibrionaceae bacterium UBA6502	1961516	S	2489	35	2524	0.00055
Pseudobdellovibrionaceae bacterium	2026715	S	15	2	17	0.00000
Halobacteriovoraceae bacterium	2026745	S	9625	244	9869	0.00216
Halobacteriovorax sp.	2020862	S	2248	149	2397	0.00053
Halobacteriovorax sp. BALOs_7	2109558	S	27	3	30	0.00001
Bacteriovoracaceae bacterium	2081706	S	64	1	65	0.00001
Bacteriovorax sp. UBA1852	1961376	S	50	4	54	0.00001
Verrucomicrobiota bacterium	2026799	S	19511	6494	26005	0.00570
Verrucomicrobia bacterium UBA673	1948281	S	50	306	356	0.00008
Verrucomicrobiales bacterium	2026801	S	841	233	1074	0.00024
Roseibacillus sp.	2024856	S	43	6	49	0.00001
Opitutae bacterium	2026771	S	161	56	217	0.00005
Puniceicoccaceae bacterium	2026784	S	26	9	35	0.00001
uncultured Verrucomicrobiota bacterium	156588	S	122	36	158	0.00003
Planctomycetes bacterium UBA1135	1948124	S	4522	114	4636	0.00102
Planctomycetes bacterium UBA1146	1948125	S	1970	113	2083	0.00046
Planctomycetota bacterium	2026780	S	1459	109	1568	0.00034
Planctomycetaceae bacterium	2026779	S	1239	101	1340	0.00029
Planctomycetaceae bacterium TMED10	1986833	S	21	2	23	0.00001
Pirellulales bacterium	2715253	S	74	2	76	0.00002
Rhodopirellula sp.	2024855	S	25	4	29	0.00001
Phycisphaerae bacterium	2026778	S	217	72	289	0.00006
Phycisphaeraceae bacterium	2026777	S	101	21	122	0.00003
Phycisphaerales bacterium	2052180	S	75	11	86	0.00002
Acidobacteriota bacterium	1978231	S	19424	1132	20556	0.00451
Acidobacteria bacterium UBA823	1953113	S	30	9	39	0.00001
Acidobacteria bacterium UBA2999	1953107	S	24	1	25	0.00001
Acidobacteria bacterium UBA2990	1953105	S	14	5	19	0.00000
Nitrospina sp.	2024844	S	15788	2571	18359	0.00402
Nitrospina sp. LS_NOB	1671875	S	47	13	60	0.00001
Candidatus Nitromaritima sp. SCGC AAA288-L16	913337	S	97	7	104	0.00002
Nitrospinaceae bacterium	2358456	S	31	3	34	0.00001
uncultured Nitrospinaceae bacterium	407034	S	13	1	14	0.00000
Nitrospinota bacterium	2026769	S	15	0	15	0.00000
Candidatus Dadabacteria bacterium UBA1144	1953208	S	12027	707	12734	0.00279
Candidatus Dadabacteria bacterium	2080303	S	34	0	34	0.00001
bacterium UBP10_UBA1149	1953411	S	137	161	298	0.00007
Candidatus Poribacteria bacterium	2026781	S	90	2	92	0.00002
Patescibacteria group bacterium	2052139	S	41	3	44	0.00001
Candidatus Uhrbacteria bacterium	2053634	S	13	1	14	0.00000
Sulfurimonas sp.	2022749	S	1647	118	1765	0.00039
Nitrospirales bacterium	2358460	S	884	12	896	0.00020
Nitrospiraceae bacterium UBA2166	1952976	S	138	37	175	0.00004
Nitrospirae bacterium SPGG5	1842520	S	70	3	73	0.00002
bacterium	1869227	S	84	71	155	0.00003
Myxococcales bacterium	2026763	S	42	1	43	0.00001
Candidatus Desulfobacula maris	2841694	S	12	4	16	0.00000
uncultured bacterium	77133	S	16	20	36	0.00001
uncultured PS1 clade bacterium	1118065	S	15	16	31	0.00001
Marine Group I thaumarchaeote	2511932	S	337147	159055	496202	0.10878
Thaumarchaeota archaeon SCGC AAA007-O23	913333	S	779	780	1559	0.00034
uncultured marine group I thaumarchaeote	360837	S	15	4	19	0.00000
Candidatus Nitrosopelagicus sp.	2026808	S	5652	4853	10505	0.00230
Candidatus Nitrosopelagicus brevis	1410606	S	20	22	42	0.00001
Nitrososphaerota archaeon	2026795	S	35633	4380	40013	0.00877
Thaumarchaeota archaeon SCGC AAA282-K18	1298885	S	4237	4003	8240	0.00181
Nitrosopumilus sp. LS_AOA	1671876	S	25	28	53	0.00001
Nitrosopumilus sp.	2024843	S	12	11	23	0.00001
uncultured Candidatus Nitrosopumilus sp.	517606	S	12	18	30	0.00001
Euryarchaeota archaeon UBA58	1915943	S	15944	1155	17099	0.00375
Candidatus Poseidoniales archaeon	2163009	S	7239	3252	10491	0.00230
Euryarchaeota archaeon UBA59	1915945	S	5531	31	5562	0.00122
Euryarchaeota archaeon UBA60	1915951	S	2598	17	2615	0.00057
Euryarchaeota archaeon UBA528	1915914	S	375	134	509	0.00011
Marine group II euryarchaeote REDSEA-S42_B7	1811659	S	21	14	35	0.00001
Euryarchaeota archaeon UBA111	1915792	S	19	0	19	0.00000
Euryarchaeota archaeon UBA220	1915845	S	16	2	18	0.00000
Euryarchaeota archaeon UBA538	1915919	S	15	2	17	0.00000
Euryarchaeota archaeon UBA86	1915978	S	13	5	18	0.00000
Candidatus Thalassoarchaea betae	2599289	S	4176	407	4583	0.00100
Euryarchaeota archaeon UBA136	1915770	S	309	2414	2723	0.00060
Euryarchaeota archaeon UBA488	1915775	S	33	38	71	0.00002
Marine Group IV archaeon HikBin4	2675329	S	3723	122	3845	0.00084
Euryarchaeota archaeon	2026739	S	2635	690	3325	0.00073
Candidatus Pacearchaeota archaeon	2026773	S	104	23	127	0.00003
Candidatus Woesearchaeota archaeon	2026803	S	17	2	19	0.00000
archaeon UBA55	1917433	S	44	35	79	0.00002
archaeon	1906665	S	29	2	31	0.00001
Candidatus Heimdallarchaeota archaeon	2026747	S	52	1	53	0.00001
