name	taxonomy_id	taxonomy_lvl	kraken_assigned_reads	added_reads	new_est_reads	fraction_total_reads
Alteromonas macleodii	28108	S	133091	287985	421076	0.03670
Alteromonas sp. RKMC-009	2267264	S	12557	2568	15125	0.00132
Alteromonas sp. IB21	2779369	S	3902	4094	7996	0.00070
Alteromonas sp. KUL42	2480797	S	502	78	580	0.00005
Alteromonas sp. BL110	1714845	S	300	472	772	0.00007
Alteromonas sp. KUL106	2480799	S	214	89	303	0.00003
Alteromonas sp. KUL49	2480798	S	189	12	201	0.00002
Alteromonas sp. V450	1912139	S	72	53	125	0.00001
Alteromonas sp. 38	2653129	S	58	64	122	0.00001
Alteromonas sp. KC3	2795688	S	51	15	66	0.00001
Alteromonas sp. ALT199	1298865	S	45	57	102	0.00001
Alteromonas australica	589873	S	11802	5716	17518	0.00153
Alteromonas alba	2079529	S	6958	52749	59707	0.00520
Alteromonas oceani	2071609	S	5430	21047	26477	0.00231
Alteromonas abrolhosensis	1892904	S	5254	7167	12421	0.00108
Alteromonas marina	203795	S	4112	8404	12516	0.00109
Alteromonas mediterranea	314275	S	3270	4556	7826	0.00068
Alteromonas antoniana	2803813	S	1416	1157	2573	0.00022
Alteromonas portus	2565549	S	1203	1315	2518	0.00022
Alteromonas profundi	2696062	S	1180	722	1902	0.00017
Alteromonas naphthalenivorans	715451	S	248	447	695	0.00006
Alteromonas gracilis	1479524	S	245	182	427	0.00004
Alteromonas genovensis	471225	S	228	201	429	0.00004
Alteromonas oceanisediminis	2836180	S	221	48	269	0.00002
Alteromonas pelagimontana	1858656	S	113	17	130	0.00001
Alteromonas confluentis	1656094	S	68	9	77	0.00001
Alteromonas lipolytica	1856405	S	45	7	52	0.00000
Alteromonas aestuariivivens	1938339	S	34	1	35	0.00000
Alteromonas hispanica	315421	S	31	5	36	0.00000
Alteromonas halophila	516698	S	25	4	29	0.00000
Alteromonas lipotrueiana	2803815	S	15	3	18	0.00000
Salinimonas lutimaris	914153	S	2132	558	2690	0.00023
Salinimonas iocasae	2572577	S	1057	429	1486	0.00013
Salinimonas sediminis	2303538	S	128	95	223	0.00002
Salinimonas profundi	2729140	S	68	52	120	0.00001
Salinimonas chungwhensis	265425	S	61	14	75	0.00001
Salinimonas marina	2785918	S	28	5	33	0.00000
Alteromonadaceae bacterium UBA2620	1951386	S	26800	96703	123503	0.01076
Alteromonadaceae bacterium	1916082	S	4785	2253	7038	0.00061
Marisediminitalea aggregata	634436	S	3057	520	3577	0.00031
Glaciecola sp. UBA1851	1946570	S	172	22	194	0.00002
Glaciecola sp. HTCC2999	455436	S	58	8	66	0.00001
Glaciecola punicea	56804	S	12	0	12	0.00000
Aestuariibacter sp.	1872400	S	76	16	92	0.00001
Aestuariibacter sp. GS-14	2590670	S	52	10	62	0.00001
Aestuariibacter sp. A3R04	2841571	S	13	1	14	0.00000
Aestuariibacter salexigens	226010	S	16	0	16	0.00000
Paraglaciecola chathamensis	368405	S	25	6	31	0.00000
Hydrocarboniclastica marina	2259620	S	12	2	14	0.00000
Neptunicella marina	2125989	S	12	2	14	0.00000
Pseudoalteromonas sp. MEBiC 03607	2563601	S	1981	5172	7153	0.00062
Pseudoalteromonas sp. 0303	2743618	S	289	3066	3355	0.00029
Pseudoalteromonas sp.	53249	S	288	1231	1519	0.00013
Pseudoalteromonas sp. '520P1 No. 423'	1690037	S	205	47	252	0.00002
Pseudoalteromonas sp. XI10	1766621	S	132	1400	1532	0.00013
Pseudoalteromonas sp. NBT06-2	2025950	S	57	4	61	0.00001
Pseudoalteromonas sp. HM-SA03	2029678	S	39	197	236	0.00002
Pseudoalteromonas sp. P1-25	1723758	S	16	24	40	0.00000
Pseudoalteromonas sp. T1lg23B	2077097	S	13	7	20	0.00000
Pseudoalteromonas shioyasakiensis	1190813	S	1699	13781	15480	0.00135
Pseudoalteromonas atlantica	288	S	1652	3412	5064	0.00044
Pseudoalteromonas arabiensis	874454	S	830	728	1558	0.00014
Pseudoalteromonas ruthenica	151081	S	475	110	585	0.00005
Pseudoalteromonas lipolytica	570156	S	272	768	1040	0.00009
Pseudoalteromonas gelatinilytica	1703256	S	235	1122	1357	0.00012
Pseudoalteromonas tetraodonis	43659	S	227	985	1212	0.00011
Pseudoalteromonas undina	43660	S	50	230	280	0.00002
Pseudoalteromonas marina	267375	S	41	66	107	0.00001
Pseudoalteromonas nigrifaciens	28109	S	24	112	136	0.00001
Pseudoalteromonas prydzensis	182141	S	22	29	51	0.00000
Pseudoalteromonas distincta	77608	S	18	138	156	0.00001
Pseudoalteromonas espejiana	28107	S	15	22	37	0.00000
Pseudoalteromonas rhizosphaerae	2518973	S	12	45	57	0.00000
Algicola sp.	1872429	S	27	10	37	0.00000
Idiomarina baltica	190892	S	14446	14624	29070	0.00253
Idiomarina aquatica	1327752	S	1532	598	2130	0.00019
Idiomarina zobellii	86103	S	673	841	1514	0.00013
Idiomarina loihiensis	135577	S	437	221	658	0.00006
Idiomarina sp. MD25a	1889913	S	167	146	313	0.00003
Idiomarina sp. X4	2055892	S	63	75	138	0.00001
Idiomarina abyssalis	86102	S	229	115	344	0.00003
Idiomarina piscisalsi	1096243	S	219	193	412	0.00004
Idiomarina fontislapidosi	263723	S	84	21	105	0.00001
Idiomarinaceae bacterium	1898113	S	1713	1579	3292	0.00029
Pseudidiomarina aquimaris	641841	S	111	64	175	0.00002
Pseudidiomarina tainanensis	502365	S	14	7	21	0.00000
Pseudidiomarina maritima	519453	S	13	13	26	0.00000
Pseudidiomarina atlantica	1517416	S	13	6	19	0.00000
Litorilituus sediminis	718192	S	160	27	187	0.00002
Thalassotalea marina	1673741	S	13	9	22	0.00000
Shewanella fidelis	173509	S	42	14	56	0.00000
Motilimonas pumila	2303987	S	16	7	23	0.00000
Marinobacter salsuginis	418719	S	193336	229530	422866	0.03686
Marinobacter nauticus	2743	S	31653	20689	52342	0.00456
Marinobacter sp.	50741	S	4729	4150	8879	0.00077
Marinobacter sp. B9-2	2137198	S	4334	17685	22019	0.00192
Marinobacter sp. EhC06	1849169	S	1298	2712	4010	0.00035
Marinobacter sp. NP-4(2019)	2488665	S	529	160	689	0.00006
Marinobacter sp. Arc7-DN-1	2304594	S	462	477	939	0.00008
Marinobacter sp. es.042	1761794	S	399	1354	1753	0.00015
Marinobacter sp. BW6	2592624	S	308	284	592	0.00005
Marinobacter sp. LQ44	1749259	S	293	827	1120	0.00010
Marinobacter sp. es.048	1761795	S	101	66	167	0.00001
Marinobacter sp. JH2	2547598	S	57	42	99	0.00001
Marinobacter sp. F3R08	2841559	S	37	12	49	0.00000
Marinobacter sp. AC-23	1879031	S	19	3	22	0.00000
Marinobacter sp. R17	2484250	S	17	8	25	0.00000
Marinobacter sp. HL-58	1479237	S	17	3	20	0.00000
Marinobacter flavimaris	262076	S	4423	81120	85543	0.00746
Marinobacter manganoxydans	1150997	S	3973	70555	74528	0.00650
Marinobacter segnicrescens	430453	S	2298	1196	3494	0.00030
Marinobacter vinifirmus	355591	S	1448	2225	3673	0.00032
Marinobacter adhaerens	1033846	S	1075	9995	11070	0.00096
Marinobacter algicola	236100	S	983	1241	2224	0.00019
Marinobacter fuscus	2109942	S	889	1201	2090	0.00018
Marinobacter santoriniensis	523742	S	513	88	601	0.00005
Marinobacter oulmenensis	643747	S	368	58	426	0.00004
Marinobacter persicus	930118	S	344	315	659	0.00006
Marinobacter salarius	1420917	S	310	650	960	0.00008
Marinobacter litoralis	187981	S	301	70	371	0.00003
Marinobacter maroccanus	2055143	S	241	354	595	0.00005
Marinobacter aromaticivorans	1494078	S	196	66	262	0.00002
Marinobacter lipolyticus	209639	S	187	141	328	0.00003
Marinobacter shengliensis	1389223	S	159	278	437	0.00004
Marinobacter profundi	2666256	S	114	79	193	0.00002
Marinobacter denitrificans	2597703	S	52	60	112	0.00001
Marinobacter pelagius	379482	S	34	22	56	0.00000
Marinobacter excellens	218670	S	29	43	72	0.00001
Marinobacter nitratireducens	1137280	S	28	2	30	0.00000
Marinobacter alexandrii	2570351	S	23	9	32	0.00000
Marinobacter lutaoensis	135739	S	20	6	26	0.00000
Marinobacter sediminum	256323	S	14	7	21	0.00000
Marinobacter antarcticus	564117	S	13	7	20	0.00000
Marinobacter daepoensis	262077	S	13	1	14	0.00000
Marinobacter subterrani	1658765	S	12	4	16	0.00000
Marinobacter nanhaiticus	1305740	S	12	2	14	0.00000
Halopseudomonas gallaeciensis	857227	S	35525	23687	59212	0.00516
Halopseudomonas pachastrellae	254161	S	3027	3343	6370	0.00056
Halopseudomonas aestusnigri	857252	S	3015	2009	5024	0.00044
Halopseudomonas oceani	1708783	S	714	503	1217	0.00011
Halopseudomonas sabulinigri	472181	S	199	37	236	0.00002
Halopseudomonas pelagia	553151	S	37	15	52	0.00000
Halopseudomonas salegens	1434072	S	20	3	23	0.00000
Pseudomonas sp.	306	S	242	896	1138	0.00010
Pseudomonas sp. IC_126	2547400	S	28	14	42	0.00000
Pseudomonas sp. SSM44	2487347	S	17	16	33	0.00000
Pseudomonas sp. SST3	2267882	S	13	21	34	0.00000
Pseudomonas khazarica	2502979	S	81	54	135	0.00001
Pseudomonas mendocina	300	S	38	62	100	0.00001
Pseudomonas furukawaii	1149133	S	14	11	25	0.00000
Pseudomonas chengduensis	489632	S	45	375	420	0.00004
Pseudomonas saliphila	2586906	S	27	9	36	0.00000
Pseudomonas benzenivorans	556533	S	26	26	52	0.00000
Pseudomonas tohonis	2725477	S	12	12	24	0.00000
Stutzerimonas stutzeri	316	S	463	851	1314	0.00011
Stutzerimonas chloritidismutans	203192	S	21	478	499	0.00004
Stutzerimonas kunmingensis	1211807	S	18	292	310	0.00003
Pseudomonadaceae bacterium UBA836	1952795	S	118	105	223	0.00002
Pseudomonadales bacterium	1891229	S	702	166	868	0.00008
Gammaproteobacteria bacterium UBA2168	1948591	S	283	14	297	0.00003
Gammaproteobacteria bacterium	1913989	S	606448	140695	747143	0.06512
Gammaproteobacteria bacterium UBA7310	1948647	S	32872	10832	43704	0.00381
Gammaproteobacteria bacterium REDSEA-S15_B12	1811666	S	7771	5702	13473	0.00117
Gammaproteobacteria bacterium UBA6940	1948640	S	5097	831	5928	0.00052
gamma proteobacterium SCGC AAA007-O20	913327	S	2681	1416	4097	0.00036
gamma proteobacterium SCGC AB-629-P17	1131274	S	770	968	1738	0.00015
Gammaproteobacteria bacterium UBA1119	1948582	S	688	418	1106	0.00010
Gammaproteobacteria bacterium UBA3532	1948611	S	631	354	985	0.00009
Gammaproteobacteria bacterium UBA7803	1948658	S	73	60	133	0.00001
Gammaproteobacteria bacterium UBA3498	1948609	S	45	7	52	0.00000
Gammaproteobacteria bacterium UBA2675	1948596	S	40	175	215	0.00002
Gammaproteobacteria bacterium UBA1961	1948588	S	38	8	46	0.00000
Acidiferrobacteraceae bacterium	2024893	S	420426	256353	676779	0.05899
Cobetia amphilecti	1055104	S	75768	55848	131616	0.01147
Cobetia crustatorum	553385	S	2682	2095	4777	0.00042
Cobetia marina	28258	S	799	549	1348	0.00012
Cobetia sp. L2A1	2686360	S	99	68	167	0.00001
Halomonas piezotolerans	2609667	S	15203	17529	32732	0.00285
Halomonas litopenaei	2109328	S	11522	9778	21300	0.00186
Halomonas meridiana	29570	S	8318	12022	20340	0.00177
Halomonas aquamarina	77097	S	3912	16036	19948	0.00174
Halomonas taeanensis	284577	S	3395	1331	4726	0.00041
Halomonas zincidurans	1178777	S	2596	1363	3959	0.00035
Halomonas salina	42565	S	2114	3462	5576	0.00049
Halomonas sp.	1486246	S	521	265	786	0.00007
Halomonas sp. UBA3074	1946584	S	390	514	904	0.00008
Halomonas sp. A40-4	2785909	S	146	157	303	0.00003
Halomonas sp. 54_146	1635257	S	30	26	56	0.00000
Halomonas sp. FME66	2742615	S	14	19	33	0.00000
Halomonas sp. KAO	2783858	S	14	17	31	0.00000
Halomonas sp. JSM 104105	1562110	S	13	12	25	0.00000
Halomonas lionensis	1144478	S	1086	3495	4581	0.00040
Halomonas salicampi	1449798	S	200	66	266	0.00002
Halomonas hamiltonii	502829	S	126	372	498	0.00004
Halomonas cupida	44933	S	90	10	100	0.00001
Halomonas sulfidaeris	115553	S	66	22	88	0.00001
Halomonas lutescens	1602943	S	64	26	90	0.00001
Halomonas sedimenti	2729618	S	56	95	151	0.00001
Halomonas alkaliantarctica	232346	S	50	67	117	0.00001
Halomonas stevensii	502821	S	26	102	128	0.00001
Halomonas xianhensis	442341	S	26	9	35	0.00000
Halomonas ventosae	229007	S	23	28	51	0.00000
Halomonas campaniensis	213554	S	20	30	50	0.00000
Halomonas maris	2729617	S	13	37	50	0.00000
Halomonas halocynthiae	176290	S	13	2	15	0.00000
Halomonas glaciei	186761	S	12	36	48	0.00000
Chromohalobacter israelensis	141390	S	10046	10514	20560	0.00179
Chromohalobacter japonicus	223900	S	48	98	146	0.00001
Chromohalobacter salexigens	158080	S	46	69	115	0.00001
Chromohalobacter marismortui	42055	S	41	12	53	0.00000
Salinicola salarius	430457	S	1710	1194	2904	0.00025
Salinicola peritrichatus	1267424	S	69	38	107	0.00001
Salinicola sp.	1978524	S	68	130	198	0.00002
Kushneria konosiri	698828	S	988	1055	2043	0.00018
Kushneria marisflavi	157779	S	38	41	79	0.00001
Modicisalibacter sp. 'Wilcox'	2679914	S	237	1253	1490	0.00013
Halomonadaceae bacterium T82-2	1783518	S	125	712	837	0.00007
Carnimonas nigrificans	64323	S	22	3	25	0.00000
Oceanospirillaceae bacterium	1899355	S	47200	11498	58698	0.00512
Thalassolituus sp. UBA1087	1947651	S	9730	1069	10799	0.00094
Thalassolituus sp. UBA674	1947666	S	2589	826	3415	0.00030
Thalassolituus sp. UBA2107	1947659	S	670	1213	1883	0.00016
Thalassolituus sp. C2-1	2597518	S	17	5	22	0.00000
Marinobacterium litorale	404770	S	4023	1154	5177	0.00045
Marinobacterium iners	48076	S	76	8	84	0.00001
Neptuniibacter sp. UBA6509	1946976	S	365	58	423	0.00004
Neptuniibacter marinus	1806670	S	22	10	32	0.00000
Marinomonas piezotolerans	2213058	S	110	54	164	0.00001
Marinomonas fungiae	1137284	S	21	31	52	0.00000
Oleibacter marinus	484498	S	92	107	199	0.00002
Oleibacter sp.	2024845	S	12	3	15	0.00000
Alloalcanivorax venustensis	172371	S	3981	13487	17468	0.00152
Alloalcanivorax profundimaris	2735259	S	3324	3957	7281	0.00063
Alloalcanivorax marinus	1177169	S	565	387	952	0.00008
Alloalcanivorax gelatiniphagus	1194167	S	424	356	780	0.00007
Alloalcanivorax mobilis	2019569	S	46	12	58	0.00001
Alloalcanivorax dieselolei	285091	S	16	14	30	0.00000
Alcanivorax sp.	1872427	S	2035	1608	3643	0.00032
Alcanivorax sp. DSM 26293	1798238	S	2028	2548	4576	0.00040
Alcanivorax sp. UBA4485	1945988	S	378	470	848	0.00007
Alcanivorax sp. DP30	2606217	S	13	4	17	0.00000
Alcanivorax profundi	2338368	S	373	1400	1773	0.00015
Alcanivorax jadensis	64988	S	60	39	99	0.00001
Alcanivorax nanhaiticus	1177154	S	46	52	98	0.00001
Alcanivorax hongdengensis	519051	S	26	13	39	0.00000
Alcanivoracaceae bacterium	2024895	S	209	271	480	0.00004
Ketobacter sp.	2083498	S	50	10	60	0.00001
Ketobacter sp. MCCC 1A13808	2602738	S	29	9	38	0.00000
Ketobacter alkanivorans	1917421	S	40	24	64	0.00001
Isoalcanivorax pacificus	1306787	S	16	14	30	0.00000
Endozoicomonas sp. G2_2	2821092	S	140	114	254	0.00002
Hahellaceae bacterium	2048971	S	43	3	46	0.00000
Oleiphilus sp.	2025907	S	42	3	45	0.00000
Spongiibacter tropicus	454602	S	22228	11820	34048	0.00297
Spongiibacter marinus	354246	S	704	497	1201	0.00010
Spongiibacter sp. IMCC21906	1620392	S	100	48	148	0.00001
Spongiibacter pelagi	2760804	S	14	10	24	0.00000
Spongiibacteraceae bacterium UBA5047	1953081	S	15	10	25	0.00000
Sinobacterium caligoides	933926	S	16	0	16	0.00000
Zhongshania aliphaticivorans	1470434	S	16	5	21	0.00000
Halioglobus japonicus	930805	S	131	6	137	0.00001
Halioglobus sp.	2024834	S	109	33	142	0.00001
Halioglobus pacificus	930806	S	75	6	81	0.00001
Haliea sp.	1932666	S	226	19	245	0.00002
Haliea salexigens	287487	S	20	25	45	0.00000
Halieaceae bacterium UBA5085	1951918	S	31	23	54	0.00000
Halieaceae bacterium	2026743	S	20	4	24	0.00000
Sediminihaliea albiluteola	2758564	S	28	3	31	0.00000
Porticoccus hydrocarbonoclasticus	1073414	S	102	125	227	0.00002
Porticoccus sp.	2024853	S	33	20	53	0.00000
Porticoccaceae bacterium UBA1117	1952748	S	93	6	99	0.00001
SAR92 bacterium BACL16 MAG-120619-bin48	1655625	S	24	9	33	0.00000
uncultured SAR92 cluster bacterium	1118066	S	22	4	26	0.00000
Porticoccaceae bacterium	2026782	S	42	12	54	0.00000
Cellvibrionales bacterium UBA1854	1950784	S	13	4	17	0.00000
Chromatiales bacterium	2026725	S	9304	720	10024	0.00087
Woeseiaceae bacterium	2026806	S	2972	1697	4669	0.00041
uncultured Woeseiaceae bacterium	1983305	S	34	2	36	0.00000
Rheinheimera aquimaris	412437	S	220	65	285	0.00002
Arsukibacterium sp. UBA3155	1946058	S	19	3	22	0.00000
Thiohalocapsa marina	424902	S	17	2	19	0.00000
Oceanococcus atlanticus	1317117	S	47	1	48	0.00000
Ectothiorhodospiraceae bacterium	2026737	S	12	1	13	0.00000
Salinisphaera sp. UBA1666	1947454	S	5070	1536	6606	0.00058
Salinisphaera sp. UBA6602	1947455	S	423	225	648	0.00006
Salinisphaera sp.	1914330	S	205	74	279	0.00002
Salinisphaera shabanensis	180542	S	1251	383	1634	0.00014
Salinisphaera japonica	1304270	S	781	465	1246	0.00011
Salinisphaera hydrothermalis	563188	S	38	4	42	0.00000
Salinisphaera halophila	1304158	S	19	32	51	0.00000
Salinisphaera orenii	856731	S	14	21	35	0.00000
Abyssibacter profundi	2182787	S	269	48	317	0.00003
uncultured SAR86 cluster bacterium	648174	S	3812	884	4696	0.00041
SAR86 cluster bacterium REDSEA-S09_B4	1811643	S	365	17	382	0.00003
SAR86 cluster bacterium SAR86A	1123866	S	64	47	111	0.00001
Candidatus Thioglobus sp. MED-G25	1986229	S	1871	676	2547	0.00022
Candidatus Thioglobus sp.	2026721	S	143	102	245	0.00002
uncultured Candidatus Thioglobus sp.	655186	S	51	62	113	0.00001
Candidatus Thioglobus perditus	2058498	S	45	4	49	0.00000
Candidatus Thioglobus autotrophicus	1705394	S	20	3	23	0.00000
K189A clade bacterium	2315472	S	21	8	29	0.00000
marine gamma proteobacterium HTCC2089	247632	S	17	0	17	0.00000
uncultured OM182 clade bacterium	1128416	S	20	2	22	0.00000
Vibrio campbellii	680	S	985	1839	2824	0.00025
Vibrio mytili	50718	S	48	65	113	0.00001
Vibrio sp. AND4	314289	S	19	7	26	0.00000
Vibrio harveyi	669	S	14	23	37	0.00000
Vibrio chagasii	170679	S	64	353	417	0.00004
Vibrio sp. HI00D65	1822216	S	49	221	270	0.00002
Vibrio caribbeanicus	701175	S	20	2	22	0.00000
Vibrio penaeicida	104609	S	19	5	24	0.00000
Photobacterium angustum	661	S	171	832	1003	0.00009
Photobacterium leiognathi	553611	S	120	452	572	0.00005
Photobacterium sp. GB-56	2022106	S	27	111	138	0.00001
Enterovibrio pacificus	1080227	S	108	15	123	0.00001
Paraphotobacterium marinum	1755811	S	108	30	138	0.00001
Veronia nyctiphanis	1278244	S	22	3	25	0.00000
Psychrobacter submarinus	154108	S	1415	1281	2696	0.00023
Psychrobacter sp. bablab_jr014	2755139	S	69	32	101	0.00001
Psychrobacter sp.	56811	S	18	1	19	0.00000
Psychrobacter pacificensis	112002	S	65	221	286	0.00002
Psychrobacter celer	306572	S	57	51	108	0.00001
Acinetobacter venetianus	52133	S	1176	1060	2236	0.00019
Acinetobacter junii	40215	S	15	47	62	0.00001
Acinetobacter ihumii	2483802	S	15	24	39	0.00000
Acinetobacter ursingii	108980	S	12	32	44	0.00000
Methylophaga sp.	2024840	S	2316	679	2995	0.00026
Methylophaga sp. UBA2689	1946878	S	12	19	31	0.00000
Methylophaga aminisulfidivorans	230105	S	68	62	130	0.00001
Cycloclasticus sp.	2024830	S	46	12	58	0.00001
uncultured Francisellaceae bacterium	393692	S	239	2	241	0.00002
Thiotrichales bacterium	2026796	S	115	14	129	0.00001
Thiotrichaceae bacterium	2030882	S	13	1	14	0.00000
uncultured Thiothrix sp.	223185	S	13	0	13	0.00000
Xanthomonadales bacterium	2006849	S	3344	484	3828	0.00033
Legionellales bacterium	2026754	S	1071	125	1196	0.00010
Legionella sp.	459	S	913	50	963	0.00008
Legionella rowbothamii	96229	S	26	5	31	0.00000
Coxiellaceae bacterium	2026727	S	34	3	37	0.00000
uncultured Gammaproteobacteria bacterium	86473	S	1687	310	1997	0.00017
Methylococcales bacterium OPU3_GD_OMZ	1920888	S	946	130	1076	0.00009
Methylococcaceae bacterium UBA1147	1952219	S	151	21	172	0.00001
Escherichia coli	562	S	12	149	161	0.00001
Providencia huaxiensis	2027290	S	44	28	72	0.00001
Providencia rettgeri	587	S	37	24	61	0.00001
Polycyclovorans sp.	2024852	S	18	24	42	0.00000
Oceanisphaera marina	2017550	S	13	1	14	0.00000
Pelagibacteraceae bacterium	2026775	S	127487	113680	241167	0.02102
alpha proteobacterium SCGC AAA288-G21	939324	S	4590	10480	15070	0.00131
alpha proteobacterium SCGC AAA288-E13	939316	S	1322	6142	7464	0.00065
Pelagibacteraceae bacterium AG-464-P07	2162008	S	1288	1837	3125	0.00027
alpha proteobacterium SCGC AAA240-E13	939306	S	872	2748	3620	0.00032
alpha proteobacterium SCGC AAA288-N07	939346	S	367	710	1077	0.00009
Pelagibacteraceae bacterium AG-439-F23	2162002	S	89	157	246	0.00002
Pelagibacteraceae bacterium AG-464-B04	2162007	S	84	48	132	0.00001
Pelagibacteraceae bacterium AG-404-N13	2161987	S	65	123	188	0.00002
Pelagibacteraceae bacterium AG-410-D23	2162050	S	21	36	57	0.00000
Pelagibacteraceae bacterium AG-319-F18	2162057	S	19	228	247	0.00002
Pelagibacteraceae bacterium AG-414-M23	2162016	S	13	22	35	0.00000
Candidatus Pelagibacter sp.	2024849	S	42182	57856	100038	0.00872
uncultured Candidatus Pelagibacter sp.	372654	S	82	63	145	0.00001
Candidatus Pelagibacter ubique	198252	S	23	286	309	0.00003
uncultured Pelagibacteraceae bacterium	1667051	S	27843	96030	123873	0.01080
Pelagibacterales bacterium	2026776	S	576	635	1211	0.00011
Pelagibacterales bacterium SAG-MED01	2760004	S	21	52	73	0.00001
Rhodospirillaceae bacterium	1898112	S	154763	30696	185459	0.01616
Rhodospirillaceae bacterium UBA2165	1952852	S	1807	91	1898	0.00017
Rhodospirillaceae bacterium UBA6608	1952863	S	126	26	152	0.00001
Rhodospirillaceae bacterium UBA3470	1952854	S	46	11	57	0.00000
Rhodospirillaceae bacterium UBA1479	1952849	S	30	4	34	0.00000
Hwanghaeella grinnelliae	2500179	S	63	1	64	0.00001
Rhodospirillales bacterium	2026786	S	3593	733	4326	0.00038
Thalassospira sp. MCCC 1A01148	501834	S	872	1306	2178	0.00019
Thalassospira sp. MCCC 1A01428	1470575	S	62	44	106	0.00001
Thalassospira povalilytica	732237	S	154	109	263	0.00002
Thalassospira xiamenensis	220697	S	34	183	217	0.00002
Thalassospira profundimaris	502049	S	17	37	54	0.00000
Thalassospira lucentensis	168935	S	14	33	47	0.00000
Magnetovibrio sp.	2024836	S	39	5	44	0.00000
Nisaea denitrificans	390877	S	24	17	41	0.00000
Nisaea nitritireducens	568392	S	17	11	28	0.00000
Tistrella mobilis	171437	S	47	10	57	0.00000
Alphaproteobacteria bacterium MarineAlpha5_Bin3	2013078	S	35333	2530	37863	0.00330
Alphaproteobacteria bacterium UBA7887	1948447	S	33068	6919	39987	0.00349
Alphaproteobacteria bacterium MarineAlpha3_Bin6	2013072	S	1620	156	1776	0.00015
Alphaproteobacteria bacterium	1913988	S	903	268	1171	0.00010
Alphaproteobacteria bacterium MarineAlpha9_Bin7	2013102	S	511	50	561	0.00005
Alphaproteobacteria bacterium MarineAlpha3_Bin3	2013069	S	475	151	626	0.00005
Alphaproteobacteria bacterium MarineAlpha3_Bin4	2013070	S	382	16	398	0.00003
Alphaproteobacteria bacterium MarineAlpha3_Bin2	2013068	S	110	11	121	0.00001
Alphaproteobacteria bacterium MarineAlpha9_Bin6	2013101	S	108	1	109	0.00001
Alphaproteobacteria bacterium MarineAlpha3_Bin7	2013073	S	86	4	90	0.00001
Alphaproteobacteria bacterium MarineAlpha6_Bin2	2013089	S	62	3	65	0.00001
Alphaproteobacteria bacterium UBA6544	1948430	S	34	8	42	0.00000
Alphaproteobacteria bacterium UBA3002	1948380	S	33	1	34	0.00000
Alphaproteobacteria bacterium MarineAlpha10_Bin2	2013104	S	33	1	34	0.00000
Alphaproteobacteria bacterium MarineAlpha5_Bin12	2013087	S	30	14	44	0.00000
Alphaproteobacteria bacterium MarineAlpha5_Bin5	2013080	S	23	2	25	0.00000
Alphaproteobacteria bacterium UBA828	1948450	S	18	0	18	0.00000
Alphaproteobacteria bacterium MarineAlpha9_Bin1	2013096	S	18	1	19	0.00000
Alphaproteobacteria bacterium HT1-32	2665153	S	17	0	17	0.00000
Alphaproteobacteria bacterium UBA7314	1948440	S	16	0	16	0.00000
Alphaproteobacteria bacterium MarineAlpha11_Bin1	2013106	S	15	30	45	0.00000
Alphaproteobacteria bacterium MarineAlpha5_Bin7	2013082	S	12	0	12	0.00000
Albimonas donghaensis	356660	S	10759	3270	14029	0.00122
Albimonas pacifica	1114924	S	6308	2741	9049	0.00079
Tritonibacter mobilis	379347	S	4770	3787	8557	0.00075
Tritonibacter scottomollicae	483013	S	54	29	83	0.00001
Tritonibacter horizontis	1768241	S	15	20	35	0.00000
Paracoccaceae bacterium	1904441	S	4820	1505	6325	0.00055
Paracoccus sp. UBA889	1947056	S	917	564	1481	0.00013
Paracoccus sp. R12_2	2821098	S	161	148	309	0.00003
Paracoccus sediminilitoris	2202419	S	18	13	31	0.00000
Thioclava sediminum	1915319	S	19	1024	1043	0.00009
Thioclava atlantica	1317124	S	16	52	68	0.00001
Pseudooceanicola atlanticus	1461694	S	284	597	881	0.00008
Pseudooceanicola lipolyticus	2029104	S	256	527	783	0.00007
Pseudooceanicola nanhaiensis	375761	S	47	74	121	0.00001
Pseudooceanicola marinus	396013	S	16	7	23	0.00000
Vannielia litorea	1217970	S	528	354	882	0.00008
Arenibacterium halophilum	2583821	S	385	148	533	0.00005
Allosediminivita pacifica	1267769	S	360	515	875	0.00008
Marinibacterium profundimaris	1679460	S	341	669	1010	0.00009
Pacificitalea manganoxidans	1411902	S	235	87	322	0.00003
Thalassobium sp.	2030825	S	85	43	128	0.00001
Alterinioella nitratireducens	2735915	S	84	51	135	0.00001
Limimaricola cinnabarinus	1125964	S	62	48	110	0.00001
Cognatiyoonia sediminum	1508389	S	32	3	35	0.00000
Marivivens sp.	1978374	S	19	13	32	0.00000
Rhodovulum sp.	34009	S	13	4	17	0.00000
Maliponia aquimaris	1673631	S	12	6	18	0.00000
Roseovarius mucosus	215743	S	1968	2926	4894	0.00043
Roseovarius atlanticus	1641875	S	338	528	866	0.00008
Roseovarius halotolerans	505353	S	329	551	880	0.00008
Roseovarius sp.	1486281	S	255	214	469	0.00004
Roseovarius sp. MCTG156(2b)	1354722	S	24	31	55	0.00000
Roseovarius indicus	540747	S	308	75	383	0.00003
Roseovarius nubinhibens	314263	S	209	136	345	0.00003
Roseovarius pacificus	337701	S	168	138	306	0.00003
Roseovarius nitratireducens	2044597	S	27	25	52	0.00000
Salipiger profundus	1229727	S	2798	3235	6033	0.00053
Salipiger bermudensis	344736	S	1028	1183	2211	0.00019
Salipiger marinus	555512	S	585	654	1239	0.00011
Salipiger thiooxidans	282683	S	181	236	417	0.00004
Salipiger pallidus	1775170	S	43	35	78	0.00001
Salipiger abyssi	1250539	S	14	20	34	0.00000
Sulfitobacter sp. R18_2	2821105	S	632	1669	2301	0.00020
Sulfitobacter sp. HI0040	1822232	S	252	317	569	0.00005
Sulfitobacter sp. BDSS02	2663018	S	189	356	545	0.00005
Sulfitobacter sp. D7	1968541	S	101	550	651	0.00006
Sulfitobacter sp.	1903071	S	57	142	199	0.00002
Sulfitobacter pontiacus	60137	S	691	1198	1889	0.00016
Sulfitobacter dubius	218673	S	21	38	59	0.00001
Sulfitobacter delicatus	218672	S	20	39	59	0.00001
Sulfitobacter alexandrii	1917485	S	20	9	29	0.00000
Sulfitobacter maritimus	2741719	S	16	13	29	0.00000
Sulfitobacter litoralis	335975	S	13	59	72	0.00001
Actibacterium naphthalenivorans	1614693	S	1245	2423	3668	0.00032
Maritimibacter sp.	2003363	S	914	443	1357	0.00012
Maritimibacter sp. REDSEA-S28_B5	1811547	S	18	29	47	0.00000
Thalassobius sp.	1979401	S	870	333	1203	0.00010
Phaeobacter sp. 22II1-1F12B	1317111	S	449	834	1283	0.00011
Phaeobacter sp. CECT 5382	1712645	S	20	5	25	0.00000
Phaeobacter gallaeciensis	60890	S	274	98	372	0.00003
Roseobacter sp.	1907202	S	406	164	570	0.00005
Roseobacter sp. MED193	314262	S	35	43	78	0.00001
Thiosulfatihalobacter marinus	2792481	S	381	548	929	0.00008
Maribius pelagius	387096	S	98	169	267	0.00002
Sagittula sp. P11	2009329	S	147	74	221	0.00002
Yangia pacifica	311180	S	90	69	159	0.00001
Lutimaribacter saemankumensis	490829	S	103	48	151	0.00001
Celeribacter persicus	1651082	S	42	101	143	0.00001
Roseivivax marinus	1379903	S	51	33	84	0.00001
Tranquillimonas alkanivorans	441119	S	44	10	54	0.00000
Dinoroseobacter sp.	2003366	S	22	0	22	0.00000
Oceanicola sp. 22II-s10i	1317116	S	12	19	31	0.00000
uncultured Tateyamaria sp.	455651	S	15	0	15	0.00000
Erythrobacter sp. A30-3	2785907	S	8829	10171	19000	0.00166
Erythrobacter sp.	1042	S	3143	1880	5023	0.00044
Erythrobacter sp. HI0063	1822240	S	877	864	1741	0.00015
Erythrobacter sp. 3-20A1M	2653850	S	54	38	92	0.00001
Erythrobacter sp. UBA2510	1946470	S	42	70	112	0.00001
Erythrobacter aureus	2182384	S	1489	498	1987	0.00017
Erythrobacter longus	1044	S	40	5	45	0.00000
Erythrobacter litoralis	39960	S	19	17	36	0.00000
Qipengyuania flava	192812	S	2101	622	2723	0.00024
Qipengyuania citrea	225971	S	1012	1028	2040	0.00018
Qipengyuania pelagi	994320	S	114	109	223	0.00002
Qipengyuania vulgaris	291985	S	72	40	112	0.00001
Qipengyuania nanhaisediminis	604088	S	13	16	29	0.00000
Croceicoccus sp.	1927144	S	194	387	581	0.00005
Erythrobacteraceae bacterium	2026738	S	122	10	132	0.00001
Aurantiacibacter zhengii	2307003	S	75	60	135	0.00001
Aurantiacibacter atlanticus	1648404	S	29	6	35	0.00000
Pseudopontixanthobacter vadosimaris	2726450	S	29	16	45	0.00000
Actirhodobacter atriluteus	2744473	S	21	9	30	0.00000
Pelagerythrobacter marinus	538382	S	12	9	21	0.00000
Citromicrobium sp.	2024827	S	3193	1840	5033	0.00044
Citromicrobium sp. UBA3494	1946345	S	126	207	333	0.00003
Citromicrobium sp. JLT1363	517722	S	64	107	171	0.00001
Citromicrobium bathyomarinum	72174	S	173	164	337	0.00003
Sphingomonas sp. SKA58	314266	S	2948	4617	7565	0.00066
Sphingomonas sp.	28214	S	85	29	114	0.00001
Sphingomonas sp. ATCC 31555	194867	S	12	6	18	0.00000
Sphingomonas abaci	237611	S	126	167	293	0.00003
Sphingomonas ginsenosidimutans	862134	S	18	30	48	0.00000
Novosphingopyxis iocasae	2762729	S	3134	1693	4827	0.00042
Novosphingopyxis baekryungensis	279369	S	79	13	92	0.00001
Sphingobium xenophagum	121428	S	822	1670	2492	0.00022
Sphingobium sp. TCM1	453246	S	378	621	999	0.00009
Sphingobium sp.	1912891	S	66	49	115	0.00001
Sphingobium sp. CCH11-B1	1768781	S	23	73	96	0.00001
Sphingobium yanoikuyae	13690	S	109	350	459	0.00004
Sphingobium lactosutens	522773	S	40	186	226	0.00002
Sphingobium algorifonticola	2008318	S	14	10	24	0.00000
Novosphingobium indicum	462949	S	437	288	725	0.00006
Novosphingobium sp. PC22D	1962403	S	12	11	23	0.00000
Novosphingobium sp. SCN 66-18	1660121	S	12	25	37	0.00000
Novosphingobium aquimarinum	2682494	S	30	40	70	0.00001
Novosphingobium silvae	2692619	S	23	39	62	0.00001
Novosphingobium panipatense	428991	S	22	23	45	0.00000
Novosphingobium pentaromativorans	205844	S	22	15	37	0.00000
Novosphingobium barchaimii	1420591	S	19	20	39	0.00000
Novosphingobium marinum	1514948	S	17	13	30	0.00000
Stakelama pacifica	517720	S	209	160	369	0.00003
Sphingopyxis sp.	1908224	S	49	35	84	0.00001
Rhizorhabdus sp.	1968843	S	48	78	126	0.00001
uncultured Parasphingopyxis sp.	1547918	S	43	72	115	0.00001
Sphingomonadaceae bacterium MED-G03	1986231	S	17	7	24	0.00000
Sphingomonadaceae bacterium	1930536	S	13	3	16	0.00000
Sphingosinithalassobacter portus	2676234	S	22	7	29	0.00000
Pacificimonas flava	1234595	S	79	46	125	0.00001
Sphingomonadales bacterium	1978525	S	54	22	76	0.00001
Roseibium aggregatum	187304	S	15911	6131	22042	0.00192
Stappia indica	538381	S	595	613	1208	0.00011
Stappia sp.	1870903	S	479	321	800	0.00007
Stappia sp. BW2	2592622	S	93	79	172	0.00001
Parvibaculum indicum	562969	S	4434	4439	8873	0.00077
Parvibaculum sp.	2024848	S	203	86	289	0.00003
Rhodobiaceae bacterium	2026785	S	5031	1527	6558	0.00057
Rhodobiaceae bacterium UBA7804	1952834	S	295	195	490	0.00004
Ahrensia sp.	1872419	S	3888	2649	6537	0.00057
Hoeflea sp.	1940281	S	1315	935	2250	0.00020
Nitratireductor sp.	1872084	S	683	202	885	0.00008
Nitratireductor aquibiodomus	204799	S	20	9	29	0.00000
Nitratireductor indicus	721133	S	16	15	31	0.00000
Phyllobacteriaceae bacterium	1871068	S	617	194	811	0.00007
Mesorhizobium sediminum	1849104	S	16	13	29	0.00000
Fulvimarina manganoxydans	937218	S	752	57	809	0.00007
Fulvimarina sp.	1969479	S	303	359	662	0.00006
Aurantimonas coralicida	182270	S	160	626	786	0.00007
Aurantimonas manganoxydans	651183	S	13	48	61	0.00001
Martelella mediterranea	293089	S	283	159	442	0.00004
Martelella sp. AD-3	686597	S	94	126	220	0.00002
Jiella pacifica	2696469	S	56	29	85	0.00001
Methylobacterium fujisawaense	107400	S	646	784	1430	0.00012
Methylobacterium dankookense	560405	S	14	19	33	0.00000
Filomicrobium sp.	2024831	S	605	47	652	0.00006
Methyloceanibacter sp.	1965321	S	322	37	359	0.00003
Hyphomicrobiales bacterium	1909294	S	877	259	1136	0.00010
Rhizobiales bacterium CCH10-E5	1768797	S	16	13	29	0.00000
Acuticoccus yangtzensis	1443441	S	93	10	103	0.00001
Acuticoccus sediminis	2184697	S	13	1	14	0.00000
Afipia sp. OHSU_II-C1	1297860	S	22	48	70	0.00001
Bradyrhizobiaceae bacterium PARB1	2015576	S	28	25	53	0.00000
Rhizobiaceae bacterium	1913961	S	46	8	54	0.00000
Rickettsiales bacterium	2026788	S	22766	6180	28946	0.00252
Hyphomonas sp.	87	S	1859	1416	3275	0.00029
Hyphomonas sp. L-53-1-40	1207058	S	984	433	1417	0.00012
Hyphomonas sp. CY54-11-8	1280944	S	181	192	373	0.00003
Hyphomonas sp. UBA5111	1946637	S	71	91	162	0.00001
Hyphomonas adhaerens	81029	S	1644	445	2089	0.00018
Hyphomonas atlantica	1280948	S	698	887	1585	0.00014
Hyphomonas pacifica	1280941	S	426	1030	1456	0.00013
Ponticaulis sp.	2020902	S	2555	629	3184	0.00028
Hyphomonadaceae bacterium TMED5	1986776	S	2484	1537	4021	0.00035
Hyphomonadaceae bacterium UBA1849	1951945	S	22	13	35	0.00000
Hyphomonadaceae bacterium UBA5336	1951953	S	19	10	29	0.00000
Hirschia sp.	2024835	S	1608	210	1818	0.00016
Henriciella sp.	1968823	S	1190	538	1728	0.00015
Henriciella algicola	1608422	S	28	8	36	0.00000
Henriciella aquimarina	545261	S	17	21	38	0.00000
Oceanicaulis sp. HTCC2633	314254	S	12119	5845	17964	0.00157
Oceanicaulis sp. PT13A	2135616	S	288	82	370	0.00003
Maricaulis sp.	1486257	S	280	78	358	0.00003
Maricaulis maris	74318	S	111	32	143	0.00001
Maricaulis alexandrii	2570354	S	45	18	63	0.00001
Euryhalocaulis caribicus	1161401	S	12	1	13	0.00000
uncultured Alphaproteobacteria bacterium	91750	S	8975	3551	12526	0.00109
Parvularcula sp.	1979207	S	1202	585	1787	0.00016
Marinicaulis flavus	2058213	S	28	3	31	0.00000
uncultured SAR116 cluster alpha proteobacterium	281031	S	272	182	454	0.00004
SAR116 cluster bacterium	2024888	S	41	36	77	0.00001
SAR116 cluster bacterium AG-447-C21	2162583	S	14	28	42	0.00000
OCS116 cluster bacterium AG-435-F03	2162589	S	16	88	104	0.00001
Magnetococcales bacterium	2026759	S	248	3	251	0.00002
Caulobacteraceae bacterium UBA3198	1951537	S	102	30	132	0.00001
Kordiimonas sp.	1970157	S	24	14	38	0.00000
Luteithermobacter gelatinilyticus	2582913	S	16	1	17	0.00000
Pseudomonadota bacterium	1977087	S	38389	11253	49642	0.00433
Proteobacteria bacterium UBA5680	1948185	S	31440	5332	36772	0.00321
Proteobacteria bacterium UBA1148	1948131	S	1487	242	1729	0.00015
Proteobacteria bacterium UBA2133	1948144	S	1461	42	1503	0.00013
Proteobacteria bacterium UBA2996	1948156	S	223	132	355	0.00003
Proteobacteria bacterium UBA6503	1948193	S	112	14	126	0.00001
Proteobacteria bacterium UBA1673	1948137	S	18	0	18	0.00000
Limnobacter sp. SAORIC-580	2732163	S	2409	4667	7076	0.00062
Limnobacter sp. MED105	391597	S	170	200	370	0.00003
Limnobacter sp. CACIAM 66H1	1813033	S	60	96	156	0.00001
Cupriavidus pauculus	82633	S	2895	1871	4766	0.00042
Cupriavidus campinensis	151783	S	150	79	229	0.00002
Cupriavidus sp. 2SB	2502199	S	14	5	19	0.00000
Cupriavidus necator	106590	S	12	18	30	0.00000
Variovorax paradoxus	34073	S	244	654	898	0.00008
Delftia acidovorans	80866	S	19	89	108	0.00001
Curvibacter sp.	1888168	S	31	34	65	0.00001
Comamonadaceae bacterium ALPHA2B	2502232	S	24	156	180	0.00002
Pusillimonas sp. UBA3987	1947369	S	88	65	153	0.00001
Pusillimonas maritima	2026239	S	27	53	80	0.00001
Pelistega indica	1414851	S	12	3	15	0.00000
Herbaspirillum huttiense	863372	S	16	44	60	0.00001
uncultured Burkholderiales bacterium	208544	S	26	11	37	0.00000
Burkholderiales bacterium	1891238	S	24	16	40	0.00000
Nitrosomonadaceae bacterium	2026767	S	32	4	36	0.00000
Methylophilus sp.	29541	S	23	12	35	0.00000
Methyloversatilis discipulorum	1119528	S	27	18	45	0.00000
Candidatus Lambdaproteobacteria bacterium	2035771	S	360	32	392	0.00003
uncultured proteobacterium	153809	S	19	3	22	0.00000
Candidatus Marinimicrobia bacterium	2026760	S	1357863	224487	1582350	0.13792
Candidatus Marinimicrobia bacterium UBA7300	1953254	S	344320	209616	553936	0.04828
Candidatus Marinimicrobia bacterium UBA6531	1953244	S	271047	177308	448355	0.03908
Candidatus Marinimicrobia bacterium UBA2125	1953217	S	128232	205950	334182	0.02913
Candidatus Marinimicrobia bacterium UBA7303	1953256	S	20793	7966	28759	0.00251
Candidatus Marinimicrobia bacterium UBA7301	1953255	S	9581	1938	11519	0.00100
Candidatus Marinimicrobia bacterium UBA1611	1953216	S	5221	2890	8111	0.00071
Candidatus Marinimicrobia bacterium 408169	1958814	S	2609	354	2963	0.00026
Candidatus Marinimicrobia bacterium UBA7308	1953257	S	1294	102	1396	0.00012
uncultured Candidatus Marinimicrobia bacterium	195045	S	313	123	436	0.00004
Candidatus Marinimicrobia bacterium UBA6931	1953249	S	284	21	305	0.00003
Candidatus Marinimicrobia bacterium UBA1134	1953213	S	249	71	320	0.00003
Marinimicrobia bacterium TCS55	1781246	S	166	23	189	0.00002
Candidatus Marinimicrobia bacterium REDSEA-S14_B6	1811603	S	138	21	159	0.00001
Marinimicrobia bacterium SCGC AAA003-L08	939844	S	83	0	83	0.00001
Candidatus Marinimicrobia bacterium UBA2980	1953230	S	35	8	43	0.00000
Candidatus Marinimicrobia bacterium UBA2986	1953231	S	34	2	36	0.00000
Zunongwangia profunda	398743	S	13571	15597	29168	0.00254
Zunongwangia mangrovi	1334022	S	13142	8931	22073	0.00192
Zunongwangia atlantica	1502297	S	1983	1571	3554	0.00031
Flavobacteriaceae bacterium	1871037	S	37900	9207	47107	0.00411
Flavobacteriaceae bacterium UBA4166	1951841	S	748	14	762	0.00007
Flavobacteriaceae bacterium UBA3611	1951834	S	29	9	38	0.00000
Muricauda sediminis	2696468	S	2288	1787	4075	0.00036
Muricauda oceanensis	2499163	S	2057	1467	3524	0.00031
Muricauda ruestringensis	111501	S	1224	865	2089	0.00018
Muricauda sp. ARW1Y1	2663843	S	542	132	674	0.00006
Muricauda sp.	192149	S	267	198	465	0.00004
Muricauda sp. MAR_2010_75	1250232	S	51	29	80	0.00001
Muricauda sp. TMED12	1986608	S	21	15	36	0.00000
Muricauda sp. CP2A	1848189	S	17	10	27	0.00000
Muricauda hadalis	2597517	S	239	143	382	0.00003
Muricauda lutaonensis	516051	S	154	19	173	0.00002
Muricauda maritima	2306998	S	98	143	241	0.00002
Muricauda aequoris	2306997	S	82	66	148	0.00001
Muricauda zhangzhouensis	1073328	S	23	4	27	0.00000
Muricauda amoyensis	2169401	S	21	6	27	0.00000
Muricauda oceani	2698672	S	13	12	25	0.00000
Muricauda brasiliensis	2162892	S	12	3	15	0.00000
Winogradskyella sp.	1883156	S	6966	1656	8622	0.00075
Leeuwenhoekiella palythoae	573501	S	2319	760	3079	0.00027
Leeuwenhoekiella blandensis	360293	S	1941	976	2917	0.00025
Leeuwenhoekiella sp.	1977054	S	297	95	392	0.00003
Leeuwenhoekiella nanhaiensis	1655491	S	27	14	41	0.00000
Salegentibacter mishustinae	270918	S	986	1641	2627	0.00023
Salegentibacter sp. Hel_I_6	1250278	S	109	124	233	0.00002
Salegentibacter sp.	1903072	S	82	29	111	0.00001
Salegentibacter sp. R32	1486285	S	41	16	57	0.00000
Salegentibacter sp. 24	2183986	S	21	18	39	0.00000
Salegentibacter agarivorans	345907	S	88	98	186	0.00002
Salegentibacter maritimus	2794347	S	27	4	31	0.00000
Salegentibacter salarius	435906	S	18	20	38	0.00000
Mesonia oceanica	2687242	S	1448	422	1870	0.00016
Mesonia mobilis	369791	S	401	636	1037	0.00009
Mesonia sp.	1960830	S	49	64	113	0.00001
Mesonia aquimarina	1504967	S	16	6	22	0.00000
Joostella marina	453852	S	638	339	977	0.00009
Croceibacter atlanticus	313588	S	249	27	276	0.00002
Aquimarina sp.	1872586	S	223	38	261	0.00002
Aquimarina longa	1080221	S	13	1	14	0.00000
Aequorivita sp.	1872390	S	79	81	160	0.00001
Aequorivita sp. UBA3180	1947773	S	18	18	36	0.00000
Aequorivita aquimaris	1548749	S	18	34	52	0.00000
Maribacter cobaltidurans	1178778	S	148	95	243	0.00002
Maribacter dokdonensis	320912	S	26	5	31	0.00000
Mesoflavibacter zeaxanthinifaciens	393060	S	114	54	168	0.00001
Christiangramia forsetii	411153	S	29	11	40	0.00000
Christiangramia flava	1486245	S	27	14	41	0.00000
Christiangramia bathymodioli	2541727	S	14	7	21	0.00000
Euzebyella marina	1761453	S	90	65	155	0.00001
Arenibacter algicola	616991	S	24	23	47	0.00000
Marinirhabdus gelatinilytica	1703343	S	35	10	45	0.00000
Tenacibaculum sp. SG-28	754426	S	23	2	25	0.00000
Candidatus Ulvibacter alkanivorans	2267620	S	27	8	35	0.00000
Altibacter sp.	2024823	S	18	2	20	0.00000
Flavobacteriales bacterium UBA7878	1951087	S	5518	1444	6962	0.00061
Flavobacteriales bacterium	2021391	S	4584	568	5152	0.00045
Flavobacteriales bacterium UBA5081	1951031	S	91	7	98	0.00001
Flavobacteriales bacterium UBA852	1951088	S	35	1	36	0.00000
Flavobacteriales bacterium UBA6770	1951056	S	18	0	18	0.00000
Owenweeksia sp.	2024847	S	1023	29	1052	0.00009
Acidiluteibacter ferrifornacis	2692424	S	680	61	741	0.00006
Cryomorphaceae bacterium	1898111	S	14	3	17	0.00000
Crocinitomicaceae bacterium	2026728	S	161	23	184	0.00002
uncultured Flavobacteriales bacterium	213322	S	35	4	39	0.00000
Bacteroidota bacterium	1898104	S	23792	2026	25818	0.00225
Bacteroidetes bacterium MED-G21	1986267	S	51	0	51	0.00000
Roseivirga spongicola	333140	S	200	15	215	0.00002
Roseivirga seohaensis	1914963	S	97	10	107	0.00001
Roseivirga pacifica	1267423	S	59	2	61	0.00001
Cyclobacterium marinum	104	S	233	47	280	0.00002
Algoriphagus iocasae	1836499	S	19	22	41	0.00000
Cytophagaceae bacterium	2026729	S	256	53	309	0.00003
Flammeovirgaceae bacterium UBA7330	1951792	S	68	12	80	0.00001
Flammeovirgaceae bacterium	2026740	S	65	17	82	0.00001
uncultured Marinoscillum sp.	932004	S	115	13	128	0.00001
Marivirga atlantica	1548457	S	36	6	42	0.00000
Marivirga lumbricoides	1046115	S	32	10	42	0.00000
Cytophagia bacterium	2026730	S	23	14	37	0.00000
uncultured Bacteroidetes bacterium	152509	S	1301	269	1570	0.00014
Bacteroidales bacterium	2030927	S	814	77	891	0.00008
Lentimicrobiaceae bacterium	2026756	S	151	9	160	0.00001
Phaeodactylibacter xiamenensis	1524460	S	120	8	128	0.00001
Saprospirales bacterium	2026790	S	81	4	85	0.00001
Balneolaceae bacterium UBA7797	1951519	S	2581	258	2839	0.00025
Balneolaceae bacterium UBA3186	1951498	S	306	63	369	0.00003
Balneola sp.	2024824	S	68	67	135	0.00001
Ignavibacteriota bacterium	2026749	S	1466	41	1507	0.00013
Rubrivirga sp. SAORIC476	1961794	S	248	109	357	0.00003
Rhodothermales bacterium	2306054	S	30	1	31	0.00000
Rhodothermia bacterium	2497633	S	28	2	30	0.00000
Rhodothermaeota bacterium MED-G19	1986240	S	189	11	200	0.00002
Gemmatimonadota bacterium	2026742	S	53079	10158	63237	0.00551
Gemmatimonadaceae bacterium	2026741	S	22129	6514	28643	0.00250
Gemmatimonadales bacterium UBA7889	1951131	S	3353	10674	14027	0.00122
Gemmatimonadales bacterium UBA1120	1951099	S	1006	5886	6892	0.00060
Gemmatimonadales bacterium UBA1142	1951102	S	133	45	178	0.00002
Gemmatimonadales bacterium UBA2988	1951110	S	118	1	119	0.00001
Gemmatimonadales bacterium UBA2982	1951109	S	42	0	42	0.00000
Gemmatimonadales bacterium UBA2989	1951111	S	21	9	30	0.00000
Gemmatimonadales bacterium UBA2975	1951107	S	20	32	52	0.00000
Candidatus Latescibacteria bacterium	2053570	S	2018	170	2188	0.00019
Latescibacteria bacterium UBA6620	1948115	S	62	0	62	0.00001
Candidatus Hydrogenedentes bacterium	2030809	S	49	2	51	0.00000
Candidatus Microthrix sp. UBA2131	1946167	S	183710	189237	372947	0.03251
Candidatus Microthrix sp. UBA3125	1946176	S	90759	123932	214691	0.01871
Candidatus Microthrix sp. UBA4542	1946188	S	2923	1600	4523	0.00039
Candidatus Microthrix sp. UBA7884	1946214	S	2141	5221	7362	0.00064
Candidatus Microthrix sp. UBA672	1946197	S	82	63	145	0.00001
Candidatus Microthrix sp. UBA814	1946218	S	74	21	95	0.00001
Candidatus Microthrix sp. UBA2110	1946164	S	60	240	300	0.00003
Candidatus Microthrix sp. UBA825	1946219	S	26	3	29	0.00000
Candidatus Microthrix sp. UBA7388	1946207	S	17	0	17	0.00000
Candidatus Microthrix sp. UBA2974	1946174	S	16	1	17	0.00000
Candidatus Microthrix sp. UBA881	1946223	S	15	16	31	0.00000
Candidatus Microthrix sp. UBA2983	1946175	S	13	7	20	0.00000
Acidimicrobiaceae bacterium	2024894	S	15917	4739	20656	0.00180
Acidimicrobiales bacterium	2201156	S	754	321	1075	0.00009
Acidimicrobiales bacterium AG-410-I20	2162614	S	39	9	48	0.00000
Acidimicrobiales bacterium AG-414-N20	2162616	S	21	10	31	0.00000
Ilumatobacteraceae bacterium	2497619	S	259	213	472	0.00004
Acidimicrobiia bacterium	2080302	S	474	221	695	0.00006
Actinomycetia bacterium	1883427	S	102027	32148	134175	0.01169
OCS155 cluster bacterium AG-333-G23	2162605	S	69	44	113	0.00001
marine actinobacterium MedAcidi-G2B	1550401	S	18	2	20	0.00000
Microbacterium sp. UBA1097	1946941	S	3159	2936	6095	0.00053
Microbacterium sp.	51671	S	31	10	41	0.00000
Microbacterium sp. 67-17	1895782	S	20	15	35	0.00000
Microbacterium luteum	2782167	S	168	208	376	0.00003
Microbacterium ginsengisoli	400772	S	20	9	29	0.00000
Microbacteriaceae bacterium UBA1487	1952239	S	1468	860	2328	0.00020
Marinisubtilis pacificus	2591847	S	342	293	635	0.00006
Chryseoglobus indicus	2750620	S	313	274	587	0.00005
Brevibacterium sp. W7.2	2823518	S	170	505	675	0.00006
Brevibacterium casei	33889	S	26	51	77	0.00001
Ornithinimicrobium sp. CNJ-824	1904966	S	416	165	581	0.00005
Serinicoccus chungangensis	767452	S	41	45	86	0.00001
Brachybacterium paraconglomeratum	173362	S	182	310	492	0.00004
Kocuria palustris	71999	S	34	36	70	0.00001
Micrococcus luteus	1270	S	34	54	88	0.00001
Dermacoccus nishinomiyaensis	1274	S	53	20	73	0.00001
Micrococcales bacterium	2026762	S	20	5	25	0.00000
Demequina sp. NBRC 110052	1570341	S	18	5	23	0.00000
Kytococcus sedentarius	1276	S	12	5	17	0.00000
Mycolicibacterium poriferae	39694	S	1144	2390	3534	0.00031
Mycolicibacterium hippocampi	659824	S	109	68	177	0.00002
Mycolicibacterium flavescens	1776	S	12	24	36	0.00000
Mycobacterium sp. PO1	1882219	S	76	155	231	0.00002
Gordonia sp. (in: high G+C Gram-positive bacteria)	84139	S	526	211	737	0.00006
Dietzia maris	37915	S	22	21	43	0.00000
Nocardioides sp.	35761	S	2487	661	3148	0.00027
Nocardioides sp. REDSEA-S33_B3	1811554	S	41	25	66	0.00001
Pimelobacter sp.	51662	S	24	27	51	0.00000
Cutibacterium acnes	1747	S	60	89	149	0.00001
uncultured Candidatus Actinomarina sp.	1985113	S	1902	893	2795	0.00024
Candidatus Actinomarinales bacterium	2510331	S	25	37	62	0.00001
Pseudonocardia alni	33907	S	16	29	45	0.00000
Euzebya pacifica	1608957	S	25	17	42	0.00000
Dehalococcoidia bacterium UBA2158	1948480	S	60403	26117	86520	0.00754
Dehalococcoidia bacterium UBA1122	1948466	S	18166	1184	19350	0.00169
Dehalococcoidia bacterium UBA2162	1948482	S	17541	1010	18551	0.00162
Dehalococcoidia bacterium UBA6495	1948511	S	15604	16245	31849	0.00278
Dehalococcoidia bacterium UBA7891	1948532	S	11060	5469	16529	0.00144
Dehalococcoidia bacterium	2026734	S	7570	866	8436	0.00074
Dehalococcoidia bacterium UBA7894	1948533	S	2336	1463	3799	0.00033
Dehalococcoidia bacterium UBA2160	1948481	S	627	93	720	0.00006
Dehalococcoidia bacterium UBA1152	1948471	S	341	115	456	0.00004
Dehalococcoidia bacterium UBA1332	1948476	S	278	233	511	0.00004
Dehalococcoidia bacterium UBA1151	1948470	S	247	22	269	0.00002
Dehalococcoidia bacterium UBA1123	1948467	S	224	238	462	0.00004
Dehalococcoidia bacterium UBA1141	1948469	S	106	17	123	0.00001
Dehalococcoidia bacterium UBA1127	1948468	S	54	1	55	0.00000
Dehalococcoidia bacterium UBA1328	1948475	S	19	5	24	0.00000
Dehalococcoidales bacterium	2026733	S	25548	2171	27719	0.00242
uncultured Dehalococcoidales bacterium	2006128	S	89	13	102	0.00001
Chloroflexota bacterium	2026724	S	71792	8358	80150	0.00699
Chloroflexi bacterium UBA6622	1947840	S	162	453	615	0.00005
SAR202 cluster bacterium	2030829	S	6941	3857	10798	0.00094
SAR202 cluster bacterium AC-647-N09_OGT_505m	2587833	S	273	10	283	0.00002
SAR202 cluster bacterium AC-409-J13_OGT_754m	2587834	S	186	2	188	0.00002
SAR202 cluster bacterium AG-426-M11	2162586	S	23	14	37	0.00000
SAR202 cluster bacterium AD-804-J14_MRT_500m	2587836	S	20	0	20	0.00000
SAR202 cluster bacterium AC-647-P02_OGT_505m	2587832	S	20	7	27	0.00000
Anaerolineales bacterium UBA1136	1950187	S	1567	262	1829	0.00016
Anaerolineales bacterium UBA832	1950226	S	92	80	172	0.00001
Anaerolineales bacterium UBA3499	1950205	S	21	104	125	0.00001
Anaerolineales bacterium UBA3001	1950202	S	20	114	134	0.00001
Anaerolineaceae bacterium	2024896	S	521	45	566	0.00005
Prochlorococcus sp. AG-402-O21	2162099	S	48	1277	1325	0.00012
Prochlorococcus sp. MIT 0701	1499502	S	16	173	189	0.00002
Prochlorococcus marinus	1219	S	37	1520	1557	0.00014
uncultured Prochlorococcus sp.	159733	S	22	2087	2109	0.00018
Cyanobium sp. ARS6	2024869	S	705	1128	1833	0.00016
Synechococcus sp. MIT S9220	166309	S	74	391	465	0.00004
Synechococcus sp. BIOS-E4-1	1400864	S	43	87	130	0.00001
Synechococcus sp. CPC35	2024880	S	20	27	47	0.00000
Synechococcus sp. AG-679-A04	2161965	S	14	43	57	0.00000
Aulosira sp. FACHB-615	2692777	S	13	6	19	0.00000
Candidatus Margulisbacteria bacterium	2053573	S	26	2	28	0.00000
Candidatus Saganbacteria bacterium	2575572	S	31	0	31	0.00000
Marinococcus halotolerans	301092	S	53	159	212	0.00002
Marinococcus halophilus	1371	S	22	37	59	0.00001
Pseudalkalibacillus hwajinpoensis	208199	S	20	26	46	0.00000
Salinicoccus roseus	45670	S	63	48	111	0.00001
Staphylococcus hominis	1290	S	20	20	40	0.00000
Staphylococcus epidermidis	1282	S	12	45	57	0.00000
Jeotgalibacillus alimentarius	135826	S	16	14	30	0.00000
Jeotgalibacillus malaysiensis	1508404	S	13	13	26	0.00000
Marinilactibacillus piezotolerans	258723	S	29	17	46	0.00000
Oscillospiraceae bacterium	2485925	S	12	6	18	0.00000
Mycoplasmatales bacterium	2023991	S	37	2	39	0.00000
SAR324 cluster bacterium SAR324-CTD7B	1795556	S	40939	231100	272039	0.02371
uncultured SAR324 cluster bacterium	179114	S	27861	45540	73401	0.00640
SAR324 cluster bacterium REDSEA-S27_B3	1811637	S	1234	115	1349	0.00012
SAR324 cluster bacterium	2024889	S	770	38	808	0.00007
SAR324 cluster bacterium lautmerah10	1764262	S	188	62	250	0.00002
Deltaproteobacteria bacterium	2026735	S	303983	28360	332343	0.02897
Acidobacteriota bacterium	1978231	S	303380	28155	331535	0.02890
Acidobacteria bacterium UBA823	1953113	S	1593	1285	2878	0.00025
Acidobacteria bacterium UBA2161	1953103	S	287	672	959	0.00008
Acidobacteria bacterium UBA2999	1953107	S	112	10	122	0.00001
Acidobacteria bacterium UBA2994	1953106	S	13	23	36	0.00000
Acidobacteria bacterium UBA2990	1953105	S	13	7	20	0.00000
Kocuria sp. cx-455	2771377	S	24	21	45	0.00000
Candidatus Scalindua arabica	1127984	S	26754	14910	41664	0.00363
Candidatus Scalindua rubra	1872076	S	1011	245	1256	0.00011
Candidatus Scalindua sediminis	2798304	S	332	49	381	0.00003
Candidatus Scalindua sp.	2268189	S	117	87	204	0.00002
Candidatus Brocadiaceae bacterium S225	2528033	S	52	138	190	0.00002
Phycisphaerales bacterium	2052180	S	24448	5670	30118	0.00263
Phycisphaerales bacterium UBA7812	1951207	S	630	134	764	0.00007
Phycisphaerales bacterium UBA1910	1951186	S	360	47	407	0.00004
Phycisphaerales bacterium UBA854	1951209	S	15	23	38	0.00000
Phycisphaeraceae bacterium	2026777	S	77	24	101	0.00001
Phycisphaerae bacterium	2026778	S	8551	6383	14934	0.00130
Planctomycetaceae bacterium	2026779	S	30322	9701	40023	0.00349
Planctomycetaceae bacterium UBA2972	1952733	S	95	5	100	0.00001
Planctomycetaceae bacterium UBA7805	1952745	S	32	27	59	0.00001
Planctomycetaceae bacterium TMED10	1986833	S	31	6	37	0.00000
Rubinisphaera brasiliensis	119	S	348	27	375	0.00003
Gimesia panareensis	2527978	S	140	44	184	0.00002
Gimesia benthica	2608982	S	16	57	73	0.00001
Fuerstiella sp.	1936112	S	31	0	31	0.00000
Planctomyces sp.	37635	S	13	1	14	0.00000
Blastopirellula marina	124	S	633	28	661	0.00006
Rhodopirellula sp.	2024855	S	448	152	600	0.00005
Mariniblastus sp.	2005381	S	40	2	42	0.00000
Pirellulales bacterium	2715253	S	23	4	27	0.00000
Planctomycetota bacterium	2026780	S	16685	10067	26752	0.00233
Planctomycetes bacterium UBA7888	1948130	S	5874	239	6113	0.00053
Planctomycetes bacterium UBA1662	1948126	S	215	526	741	0.00006
Planctomycetes bacterium RIFCSPLOWO2_12_FULL_40_19	1801983	S	137	39	176	0.00002
Planctomycetes bacterium UBA1135	1948124	S	34	10	44	0.00000
Akkermansiaceae bacterium UBA7890	1951374	S	48924	26953	75877	0.00661
Akkermansiaceae bacterium UBA4145	1951361	S	22	43	65	0.00001
Akkermansiaceae bacterium UBA1506	1951351	S	12	4	16	0.00000
Verrucomicrobiales bacterium	2026801	S	6557	3260	9817	0.00086
Roseibacillus sp.	2024856	S	405	110	515	0.00004
Verrucomicrobia subdivision 3 bacterium	2052186	S	60	9	69	0.00001
uncultured Verrucomicrobiales bacterium	100234	S	27	6	33	0.00000
Verrucomicrobiae bacterium	2499141	S	18	5	23	0.00000
Verrucomicrobiota bacterium	2026799	S	10762	4789	15551	0.00136
Verrucomicrobia bacterium UBA673	1948281	S	135	833	968	0.00008
Verrucomicrobia bacterium UBA6775	1948282	S	47	405	452	0.00004
Verrucomicrobia bacterium Opi.OSU.00C	2067063	S	12	0	12	0.00000
Opitutae bacterium	2026771	S	562	237	799	0.00007
Opitutae bacterium UBA1116	1948703	S	46	0	46	0.00000
Opitutae bacterium UBA7876	1948743	S	35	1	36	0.00000
Opitutae bacterium UBA3534	1948719	S	16	0	16	0.00000
Puniceicoccaceae bacterium	2026784	S	658	118	776	0.00007
uncultured Opitutales bacterium	592834	S	150	26	176	0.00002
Opitutaceae bacterium	2006848	S	82	13	95	0.00001
Opitutales bacterium	2026772	S	27	10	37	0.00000
uncultured Verrucomicrobiota bacterium	156588	S	263	152	415	0.00004
Chlamydiia bacterium	2052156	S	42	0	42	0.00000
Candidatus Poribacteria bacterium	2026781	S	63310	2221	65531	0.00571
Parcubacteria group bacterium	2026774	S	25085	1845	26930	0.00235
Candidatus Uhrbacteria bacterium	2053634	S	1152	71	1223	0.00011
Candidatus Magasanikbacteria bacterium	2026717	S	1094	27	1121	0.00010
Candidatus Kaiserbacteria bacterium	2030810	S	25	1	26	0.00000
Patescibacteria group bacterium UBA6532	1948854	S	3024	21	3045	0.00027
Patescibacteria group bacterium UBA2163	1948796	S	1303	23	1326	0.00012
Patescibacteria group bacterium	2052139	S	569	35	604	0.00005
Patescibacteria group bacterium UBA2135	1948793	S	176	0	176	0.00002
Patescibacteria group bacterium UBA3466	1948809	S	114	1	115	0.00001
Candidatus Woesebacteria bacterium	2026804	S	79	1	80	0.00001
Candidatus Saccharibacteria bacterium	2026720	S	5556	287	5843	0.00051
Candidatus Saccharibacteria bacterium UBA4215	1953341	S	4489	226	4715	0.00041
Candidatus Saccharibacteria bacterium UBA2112	1953324	S	91	0	91	0.00001
Candidatus Aminicenantes bacterium	2052149	S	763	27	790	0.00007
Candidatus Peribacter sp. UBA2144	1961372	S	527	588	1115	0.00010
Candidatus Peribacter sp. UBA6535	1961374	S	118	7	125	0.00001
Candidatus Peregrinibacteria bacterium	2030811	S	12	1	13	0.00000
Candidatus Dadabacteria bacterium UBA1144	1953208	S	106	8	114	0.00001
Candidatus Binatota bacterium	2528255	S	19	15	34	0.00000
Candidatus Aerophobetes bacterium Ae_b3a	2012485	S	17	13	30	0.00000
candidate division NC10 bacterium SPGG6	1842517	S	15	0	15	0.00000
Nitrospinota bacterium	2026769	S	46036	3675	49711	0.00433
Candidatus Nitromaritima sp. SCGC AAA288-L16	913337	S	5843	1392	7235	0.00063
Nitrospinaceae bacterium UBA7883	1953054	S	2873	99	2972	0.00026
Nitrospinaceae bacterium	2358456	S	450	89	539	0.00005
Nitrospina sp.	2024844	S	2387	562	2949	0.00026
uncultured Nitrospinaceae bacterium	407034	S	50	31	81	0.00001
Desulfobacteraceae bacterium UBA2156	1961529	S	24682	13097	37779	0.00329
Candidatus Desulfobacula maris	2841694	S	251	158	409	0.00004
Desulfobacterales bacterium	2044940	S	172	48	220	0.00002
Halobacteriovoraceae bacterium	2026745	S	14579	387	14966	0.00130
Bacteriovoracaceae bacterium	2081706	S	92	15	107	0.00001
Bacteriovoracaceae bacterium UBA7317	1961497	S	12	0	12	0.00000
Micavibrio sp.	2024841	S	7057	1207	8264	0.00072
Micavibrio sp. TMED2	1986633	S	3591	3053	6644	0.00058
Micavibrio sp. UBA2638	1946917	S	618	176	794	0.00007
Micavibrio sp. TMED27	1986607	S	123	94	217	0.00002
Micavibrio sp. UBA1850	1946909	S	66	8	74	0.00001
Micavibrio sp. UBA2137	1946913	S	46	9	55	0.00000
Micavibrio sp. UBA1672	1946908	S	36	4	40	0.00000
Bdellovibrionaceae bacterium UBA6502	1961516	S	860	18	878	0.00008
Pseudobdellovibrionaceae bacterium	2026715	S	100	2	102	0.00001
Nitrospiraceae bacterium	2026770	S	21034	530	21564	0.00188
Nitrospiraceae bacterium UBA2166	1952976	S	1114	538	1652	0.00014
Nitrospira sp.	70125	S	51	2	53	0.00000
Nitrospirales bacterium	2358460	S	997	32	1029	0.00009
Spirochaetales bacterium	2026792	S	4427	177	4604	0.00040
Spirochaetaceae bacterium	1898206	S	799	33	832	0.00007
Spirochaeta sp. UBA1101	1947540	S	15	0	15	0.00000
Sandaracinus sp.	2024858	S	735	59	794	0.00007
Myxococcales bacterium	2026763	S	343	14	357	0.00003
Myxococcales bacterium UBA1660	1961462	S	35	3	38	0.00000
bacterium	1869227	S	874	884	1758	0.00015
bacterium TMED217	1986780	S	25	0	25	0.00000
Sulfurimonas sp.	2022749	S	542	55	597	0.00005
Fusobacteriia bacterium UBA1095	1948575	S	180	2	182	0.00002
uncultured PS1 clade bacterium	1118065	S	48	76	124	0.00001
uncultured bacterium	77133	S	27	48	75	0.00001
Marine Group I thaumarchaeote	2511932	S	35699	242491	278190	0.02425
Thaumarchaeota archaeon SCGC AAA007-O23	913333	S	10699	128785	139484	0.01216
uncultured marine group I thaumarchaeote	360837	S	891	2422	3313	0.00029
Marine Group I thaumarchaeote SCGC AAA799-O18	1502294	S	194	124	318	0.00003
Candidatus Nitrosopelagicus sp.	2026808	S	9045	55504	64549	0.00563
Candidatus Nitrosopelagicus brevis	1410606	S	15	25	40	0.00000
Thaumarchaeota archaeon UBA141	1915753	S	9189	8179	17368	0.00151
Nitrososphaerota archaeon	2026795	S	3313	5462	8775	0.00076
Candidatus Bathyarchaeota archaeon	2026714	S	18446	1072	19518	0.00170
Candidatus Methanosuratincola sp.	2495426	S	52	11	63	0.00001
Euryarchaeota archaeon UBA136	1915770	S	45122	37230	82352	0.00718
Euryarchaeota archaeon UBA488	1915775	S	749	493	1242	0.00011
Marine Group III euryarchaeote CG-Bathy1	1889001	S	106	12	118	0.00001
Euryarchaeota archaeon UBA528	1915914	S	12888	4683	17571	0.00153
Candidatus Poseidoniales archaeon	2163009	S	1004	262	1266	0.00011
Euryarchaeota archaeon UBA623	1915969	S	354	49	403	0.00004
Euryarchaeota archaeon UBA111	1915792	S	112	4	116	0.00001
Euryarchaeota archaeon UBA19	1915829	S	95	36	131	0.00001
Euryarchaeota archaeon UBA439	1915887	S	56	75	131	0.00001
Euryarchaeota archaeon UBA121	1915796	S	37	4	41	0.00000
Euryarchaeota archaeon UBA86	1915978	S	33	10	43	0.00000
Euryarchaeota archaeon UBA438	1915886	S	32	6	38	0.00000
Euryarchaeota archaeon UBA128	1915803	S	28	3	31	0.00000
Euryarchaeota archaeon UBA443	1915890	S	22	5	27	0.00000
Euryarchaeota archaeon UBA28	1915871	S	20	2	22	0.00000
Euryarchaeota archaeon UBA39	1915881	S	19	2	21	0.00000
Euryarchaeota archaeon UBA126	1915801	S	18	23	41	0.00000
Euryarchaeota archaeon UBA58	1915943	S	17	5	22	0.00000
Euryarchaeota archaeon UBA250	1915859	S	17	12	29	0.00000
Euryarchaeota archaeon UBA220	1915845	S	16	1	17	0.00000
Marine Group II euryarchaeote MED-G34	2007295	S	16	2	18	0.00000
Euryarchaeota archaeon UBA23	1915854	S	15	3	18	0.00000
Marine Group II euryarchaeote MED-G33	2007294	S	14	0	14	0.00000
Euryarchaeota archaeon UBA602	1915954	S	14	3	17	0.00000
Euryarchaeota archaeon UBA82	1915974	S	13	4	17	0.00000
Candidatus Thalassarchaeaceae archaeon	2670411	S	292	172	464	0.00004
Candidatus Thalassoarchaea betae	2599289	S	89	40	129	0.00001
uncultured Candidatus Poseidoniales archaeon	274854	S	72	32	104	0.00001
Candidatus Poseidoniaceae archaeon	2666346	S	35	17	52	0.00000
Euryarchaeota archaeon	2026739	S	69787	11097	80884	0.00705
Marine Group IV archaeon HikBin4	2675329	S	98	2	100	0.00001
Candidatus Pacearchaeota archaeon	2026773	S	35935	1651	37586	0.00328
Candidatus Woesearchaeota archaeon	2026803	S	1869	53	1922	0.00017
Candidatus Woesearchaeota archaeon UBA489	1916024	S	1344	8	1352	0.00012
Nanoarchaeota archaeon	2026764	S	525	21	546	0.00005
archaeon	1906665	S	15555	878	16433	0.00143
