name	taxonomy_id	taxonomy_lvl	kraken_assigned_reads	added_reads	new_est_reads	fraction_total_reads
Erythrobacter sp. A30-3	2785907	S	660241	467045	1127286	0.02853
Erythrobacter sp.	1042	S	115954	46719	162673	0.00412
Erythrobacter sp. 3-20A1M	2653850	S	63811	27840	91651	0.00232
Erythrobacter sp. HI0063	1822240	S	20377	14734	35111	0.00089
Erythrobacter sp. YJ-T3-07	2793063	S	380	158	538	0.00001
Erythrobacter sp. UBA1916	1946469	S	95	75	170	0.00000
Erythrobacter sp. UBA2510	1946470	S	82	91	173	0.00000
Erythrobacter sp. AP23	499656	S	29	12	41	0.00000
Erythrobacter sp. SG61-1L	1603897	S	19	4	23	0.00000
Erythrobacter sp. SD-21	161528	S	13	3	16	0.00000
Erythrobacter litoralis	39960	S	846	602	1448	0.00004
Erythrobacter aureus	2182384	S	634	148	782	0.00002
Erythrobacter longus	1044	S	95	6	101	0.00000
Porphyrobacter sp. YT40	2547601	S	47	15	62	0.00000
Croceicoccus sp.	1927144	S	515262	783517	1298779	0.03287
Croceicoccus sp. YJ47	2798724	S	252	88	340	0.00001
Croceicoccus sediminis	2571150	S	1149	196	1345	0.00003
Croceicoccus marinus	450378	S	721	309	1030	0.00003
Croceicoccus mobilis	1703339	S	497	308	805	0.00002
Croceicoccus naphthovorans	1348774	S	50	42	92	0.00000
Croceicoccus gelatinilyticus	2835536	S	35	17	52	0.00000
Croceicoccus pelagius	1703341	S	26	13	39	0.00000
Croceicoccus bisphenolivorans	1783232	S	13	5	18	0.00000
Qipengyuania pelagi	994320	S	31738	18647	50385	0.00128
Qipengyuania citrea	225971	S	23414	16618	40032	0.00101
Qipengyuania flava	192812	S	21224	4777	26001	0.00066
Qipengyuania vulgaris	291985	S	1459	492	1951	0.00005
Qipengyuania oceanensis	1463597	S	54	28	82	0.00000
Qipengyuania nanhaisediminis	604088	S	41	40	81	0.00000
Qipengyuania seohaensis	266951	S	22	10	32	0.00000
Aurantiacibacter zhengii	2307003	S	1440	737	2177	0.00006
Aurantiacibacter atlanticus	1648404	S	1363	181	1544	0.00004
Aurantiacibacter spongiae	2488860	S	45	8	53	0.00000
Aurantiacibacter xanthus	1784712	S	42	38	80	0.00000
Pelagerythrobacter aerophilus	2306995	S	868	328	1196	0.00003
Pelagerythrobacter marinus	538382	S	814	396	1210	0.00003
Pelagerythrobacter marensis	543877	S	99	10	109	0.00000
Pseudopontixanthobacter vadosimaris	2726450	S	1030	360	1390	0.00004
Altericroceibacterium spongiae	2320269	S	710	219	929	0.00002
Altericroceibacterium indicum	374177	S	159	19	178	0.00000
Altericroceibacterium endophyticum	1808508	S	13	0	13	0.00000
Tsuneonella suprasediminis	2306996	S	303	169	472	0.00001
Tsuneonella aeria	1837929	S	59	9	68	0.00000
Actirhodobacter atriluteus	2744473	S	347	88	435	0.00001
Altererythrobacter sp. B11	2060312	S	308	134	442	0.00001
Altererythrobacter sp. TH136	2067415	S	14	2	16	0.00000
Croceibacterium salegens	1737568	S	61	6	67	0.00000
Croceibacterium atlanticum	1267766	S	56	23	79	0.00000
Parapontixanthobacter aurantiacus	1463599	S	98	46	144	0.00000
Alteriqipengyuania lutimaris	1538146	S	78	11	89	0.00000
Pontixanthobacter rizhaonensis	2730337	S	28	0	28	0.00000
Erythrobacteraceae bacterium	2026738	S	12	0	12	0.00000
Alteripontixanthobacter muriae	2705546	S	12	0	12	0.00000
Citromicrobium sp.	2024827	S	169907	72497	242404	0.00614
Citromicrobium sp. UBA3494	1946345	S	1835	1893	3728	0.00009
Citromicrobium sp. JLT1363	517722	S	942	1035	1977	0.00005
Citromicrobium bathyomarinum	72174	S	21995	15218	37213	0.00094
Sphingomonas sp. SKA58	314266	S	65679	136823	202502	0.00513
Sphingomonas sp.	28214	S	644	199	843	0.00002
Sphingomonas sp. EC-HK361	2038397	S	393	528	921	0.00002
Sphingomonas sp. IC081	304378	S	128	114	242	0.00001
Sphingomonas sp. FARSPH	2219696	S	67	25	92	0.00000
Sphingomonas sp. Ant H11	1564113	S	44	103	147	0.00000
Sphingomonas sp. 1F27F7B	2502186	S	33	58	91	0.00000
Sphingomonas sp. CCH9-E2	1768776	S	24	34	58	0.00000
Sphingomonas sp. Ag1	1642949	S	23	30	53	0.00000
Sphingomonas sp. Y57	334801	S	17	26	43	0.00000
Sphingomonas sp. 3P27F8	2502213	S	14	38	52	0.00000
Sphingomonas sp. CCH10-B3	1768757	S	12	34	46	0.00000
Sphingomonas yabuuchiae	172044	S	443	612	1055	0.00003
Sphingomonas abaci	237611	S	179	230	409	0.00001
Sphingomonas ginsenosidimutans	862134	S	157	273	430	0.00001
Sphingomonas ursincola	56361	S	133	186	319	0.00001
Sphingomonas sanxanigenens	397260	S	69	49	118	0.00000
Sphingomonas hankookensis	563996	S	39	39	78	0.00000
Sphingomonas echinoides	59803	S	37	56	93	0.00000
Sphingomonas trueperi	53317	S	35	45	80	0.00000
Sphingomonas montanisoli	2606412	S	22	6	28	0.00000
Sphingomonadaceae bacterium MED-G03	1986231	S	60125	35403	95528	0.00242
Sphingomonadaceae bacterium LXI357	2826939	S	72	30	102	0.00000
Sphingomonadaceae bacterium	1930536	S	58	18	76	0.00000
Novosphingobium indicum	462949	S	2264	4627	6891	0.00017
Novosphingobium marinum	1514948	S	2213	1522	3735	0.00009
Novosphingobium pentaromativorans	205844	S	1496	2153	3649	0.00009
Novosphingobium panipatense	428991	S	935	2723	3658	0.00009
Novosphingobium malaysiense	1348853	S	846	368	1214	0.00003
Novosphingobium silvae	2692619	S	658	2235	2893	0.00007
Novosphingobium aquimarinum	2682494	S	540	826	1366	0.00003
Novosphingobium sp. MD-1	1630648	S	83	173	256	0.00001
Novosphingobium sp. PC22D	1962403	S	77	137	214	0.00001
Novosphingobium sp. SCN 66-18	1660121	S	27	69	96	0.00000
Novosphingobium sp. HII-3	2075565	S	26	25	51	0.00000
Novosphingobium sp. ST904	1684385	S	16	13	29	0.00000
Novosphingobium sp. BW1	2592621	S	12	9	21	0.00000
Novosphingobium profundi	1774954	S	368	295	663	0.00002
Novosphingobium fluoreni	1391222	S	113	29	142	0.00000
Novosphingobium umbonatum	1908524	S	73	35	108	0.00000
Novosphingobium guangzhouense	1850347	S	67	90	157	0.00000
Novosphingobium barchaimii	1420591	S	51	117	168	0.00000
Novosphingobium arvoryzae	1256514	S	32	25	57	0.00000
Novosphingobium capsulatum	13688	S	30	28	58	0.00000
Novosphingobium naphthalenivorans	273168	S	19	33	52	0.00000
Novosphingobium lindaniclasticum	1329895	S	17	23	40	0.00000
Novosphingobium sediminis	707214	S	12	11	23	0.00000
Sphingobium sp. TCM1	453246	S	5375	7893	13268	0.00034
Sphingobium sp.	1912891	S	502	279	781	0.00002
Sphingobium sp. CCH11-B1	1768781	S	250	789	1039	0.00003
Sphingobium sp. CAP-1	2676077	S	214	149	363	0.00001
Sphingobium sp. C100	1207055	S	187	306	493	0.00001
Sphingobium sp. OAE613	2663803	S	109	28	137	0.00000
Sphingobium sp. AP50	1884369	S	70	36	106	0.00000
Sphingobium sp. TKS	1315974	S	20	42	62	0.00000
Sphingobium sp. Ant17	1461752	S	19	41	60	0.00000
Sphingobium sp. D43FB	2017595	S	19	31	50	0.00000
Sphingobium xenophagum	121428	S	1426	2374	3800	0.00010
Sphingobium yanoikuyae	13690	S	724	1967	2691	0.00007
Sphingobium lactosutens	522773	S	681	2686	3367	0.00009
Sphingobium algorifonticola	2008318	S	425	304	729	0.00002
Sphingobium subterraneum	627688	S	316	251	567	0.00001
Sphingobium abikonense	86193	S	185	515	700	0.00002
Sphingobium vermicomposti	529005	S	154	29	183	0.00000
Sphingobium phenoxybenzoativorans	1592790	S	120	243	363	0.00001
Sphingobium scionense	1404341	S	53	126	179	0.00000
Sphingobium limneticum	1007511	S	42	75	117	0.00000
Sphingobium jiangsuense	870476	S	34	41	75	0.00000
Sphingobium cloacae	120107	S	24	42	66	0.00000
Sphingobium fuliginis	336203	S	20	13	33	0.00000
Sphingobium indicum	332055	S	13	20	33	0.00000
Sphingobium baderi	1332080	S	12	24	36	0.00000
Sphingobium fontiphilum	944425	S	12	13	25	0.00000
Stakelama pacifica	517720	S	2969	2161	5130	0.00013
Novosphingopyxis iocasae	2762729	S	965	388	1353	0.00003
Novosphingopyxis baekryungensis	279369	S	72	9	81	0.00000
Sphingopyxis sp.	1908224	S	273	242	515	0.00001
Sphingopyxis sp. H073	1759079	S	94	195	289	0.00001
Sphingopyxis indica	436663	S	216	213	429	0.00001
Sphingopyxis terrae	33052	S	28	39	67	0.00000
Sphingopyxis soli	592051	S	22	50	72	0.00000
Sphingopyxis microcysteis	2484145	S	15	23	38	0.00000
Sphingopyxis macrogoltabida	33050	S	14	21	35	0.00000
uncultured Parasphingopyxis sp.	1547918	S	124	161	285	0.00001
Rhizorhabdus sp.	1968843	S	88	141	229	0.00001
Blastomonas marina	1867408	S	53	40	93	0.00000
Sphingosinithalassobacter portus	2676234	S	16	7	23	0.00000
Pacificimonas flava	1234595	S	21879	9217	31096	0.00079
Pacificimonas sp. WHA3	2827236	S	17	0	17	0.00000
Sphingomonadales bacterium	1978525	S	358	109	467	0.00001
uncultured Pelagibacteraceae bacterium	1667051	S	415336	1197513	1612849	0.04082
Pelagibacteraceae bacterium	2026775	S	76240	52742	128982	0.00326
alpha proteobacterium SCGC AAA288-G21	939324	S	29043	72044	101087	0.00256
Pelagibacteraceae bacterium AG-464-P07	2162008	S	26801	43658	70459	0.00178
alpha proteobacterium SCGC AAA288-N07	939346	S	12411	26554	38965	0.00099
alpha proteobacterium SCGC AAA240-E13	939306	S	8054	30606	38660	0.00098
alpha proteobacterium SCGC AAA288-E13	939316	S	5383	30739	36122	0.00091
Pelagibacteraceae bacterium AG-464-B04	2162007	S	4570	2536	7106	0.00018
Pelagibacteraceae bacterium AG-404-N13	2161987	S	385	565	950	0.00002
Pelagibacteraceae bacterium AG-414-E02	2162014	S	231	235	466	0.00001
Pelagibacteraceae bacterium AG-390-C22	2161986	S	103	376	479	0.00001
Pelagibacteraceae bacterium AG-426-L23	2161997	S	96	213	309	0.00001
Pelagibacteraceae bacterium AG-410-N23	2162012	S	63	225	288	0.00001
Pelagibacteraceae bacterium AG-426-E17	2161995	S	48	221	269	0.00001
Pelagibacteraceae bacterium AG-426-G09	2162053	S	34	130	164	0.00000
Pelagibacteraceae bacterium AG-426-I15	2161996	S	29	53	82	0.00000
SAR11 cluster bacterium PRT-SC02	1527298	S	28	215	243	0.00001
Pelagibacteraceae bacterium TMED259	1986821	S	28	13	41	0.00000
alpha proteobacterium HIMB59	744985	S	26	4	30	0.00000
Pelagibacteraceae bacterium AG-365-D07	2162041	S	23	68	91	0.00000
Pelagibacteraceae bacterium AG-447-E22	2162003	S	21	86	107	0.00000
Pelagibacteraceae bacterium AG-439-F23	2162002	S	21	28	49	0.00000
Pelagibacteraceae bacterium AG-430-I06	2162019	S	18	21	39	0.00000
Pelagibacteraceae bacterium AG-447-N18	2162004	S	18	415	433	0.00001
Pelagibacteraceae bacterium AG-319-F18	2162057	S	16	144	160	0.00000
Pelagibacteraceae bacterium AG-349-L17	2161981	S	15	357	372	0.00001
Pelagibacteraceae bacterium AG-359-E06	2161982	S	15	70	85	0.00000
Pelagibacteraceae bacterium AG-410-D23	2162050	S	14	19	33	0.00000
Pelagibacteraceae bacterium AG-349-O05	2162039	S	13	279	292	0.00001
Pelagibacteraceae bacterium AG-422-N09	2161993	S	13	322	335	0.00001
Pelagibacteraceae bacterium AG-414-M23	2162016	S	12	15	27	0.00000
Pelagibacteraceae bacterium AG-349-L23	2162038	S	12	355	367	0.00001
Candidatus Pelagibacter sp.	2024849	S	27676	57672	85348	0.00216
Candidatus Pelagibacter sp. TMED239	1986816	S	30	227	257	0.00001
Candidatus Pelagibacter sp. TMED197	1986808	S	29	238	267	0.00001
Candidatus Pelagibacter sp. RS40	1977865	S	18	318	336	0.00001
uncultured Candidatus Pelagibacter sp.	372654	S	685	518	1203	0.00003
Candidatus Pelagibacter ubique	198252	S	342	3289	3631	0.00009
Candidatus Pelagibacter giovannonii	2563896	S	21	26	47	0.00000
Pelagibacterales bacterium	2026776	S	19058	39479	58537	0.00148
Pelagibacterales bacterium SAG-MED31	2760033	S	44	50	94	0.00000
Pelagibacterales bacterium SAG-MED30	2760032	S	32	301	333	0.00001
Pelagibacterales bacterium MED-G40	1986248	S	25	57	82	0.00000
Pelagibacterales bacterium SAG-MED29	2760031	S	22	108	130	0.00000
Paracoccus sp. UBA889	1947056	S	523626	220100	743726	0.01882
Paracoccus sp. XHP0099	2841926	S	1106	1303	2409	0.00006
Paracoccus sp. R12_2	2821098	S	762	618	1380	0.00003
Paracoccus sp. M683	2594268	S	314	407	721	0.00002
Paracoccus sp. S1E-3	2756130	S	34	28	62	0.00000
Paracoccus alcaliphilus	34002	S	308	279	587	0.00001
Paracoccus zhejiangensis	1077935	S	294	207	501	0.00001
Paracoccus thiocyanatus	34006	S	244	350	594	0.00002
Paracoccus homiensis	364199	S	159	97	256	0.00001
Paracoccus aurantiacus	2599412	S	135	136	271	0.00001
Paracoccus lichenicola	2665644	S	87	60	147	0.00000
Paracoccus halophilus	376733	S	77	55	132	0.00000
Paracoccus denitrificans	266	S	72	96	168	0.00000
Paracoccus isoporae	591205	S	53	53	106	0.00000
Paracoccus marcusii	59779	S	50	55	105	0.00000
Paracoccus sphaerophysae	690417	S	42	43	85	0.00000
Paracoccus sanguinis	1545044	S	41	43	84	0.00000
Paracoccus limosus	913252	S	38	30	68	0.00000
Paracoccus marinus	288426	S	35	35	70	0.00000
Paracoccus yeei	147645	S	35	251	286	0.00001
Paracoccus aminovorans	34004	S	34	51	85	0.00000
Paracoccus lutimaris	1490030	S	30	52	82	0.00000
Paracoccus haematequi	2491866	S	20	22	42	0.00000
Paracoccus binzhouensis	2796149	S	19	50	69	0.00000
Paracoccus methylovorus	2812658	S	16	18	34	0.00000
Paracoccus caeni	657651	S	14	2	16	0.00000
Paracoccus aeridis	1966466	S	13	12	25	0.00000
Paracoccaceae bacterium	1904441	S	15842	4744	20586	0.00052
Rhodobacteraceae bacterium REDSEA-S34_B6	1811624	S	382	965	1347	0.00003
Rhodobacteraceae bacterium MED-G08	1986242	S	203	533	736	0.00002
Pacificitalea manganoxidans	1411902	S	10296	3330	13626	0.00034
Allosediminivita pacifica	1267769	S	3405	4259	7664	0.00019
Pseudooceanicola nanhaiensis	375761	S	905	1500	2405	0.00006
Pseudooceanicola marinus	396013	S	203	84	287	0.00001
Pseudooceanicola atlanticus	1461694	S	131	299	430	0.00001
Pseudooceanicola antarcticus	1247613	S	50	58	108	0.00000
Pseudooceanicola lipolyticus	2029104	S	26	53	79	0.00000
Pseudooceanicola sp.	1914328	S	25	9	34	0.00000
Pseudooceanicola pacificus	2676438	S	12	23	35	0.00000
Limimaricola cinnabarinus	1125964	S	963	648	1611	0.00004
Limimaricola variabilis	1492771	S	20	11	31	0.00000
Limimaricola soesokkakensis	1343159	S	17	9	26	0.00000
Tritonibacter mobilis	379347	S	989	759	1748	0.00004
Tritonibacter horizontis	1768241	S	31	39	70	0.00000
Tritonibacter scottomollicae	483013	S	13	6	19	0.00000
Marinibacterium sp.	1931201	S	637	109	746	0.00002
Marinibacterium profundimaris	1679460	S	415	758	1173	0.00003
Albimonas pacifica	1114924	S	742	300	1042	0.00003
Albimonas donghaensis	356660	S	105	32	137	0.00000
Paenirhodobacter enshiensis	1105367	S	730	264	994	0.00003
Cognatiyoonia sediminum	1508389	S	420	32	452	0.00001
Rhodovulum sp.	34009	S	205	68	273	0.00001
Rhodovulum adriaticum	35804	S	115	131	246	0.00001
Rhodovulum strictum	58314	S	48	19	67	0.00000
Rhodovulum imhoffii	365340	S	17	2	19	0.00000
Halovulum marinum	2662447	S	357	125	482	0.00001
Histidinibacterium aquaticum	2613962	S	126	24	150	0.00000
Arenibacterium halophilum	2583821	S	101	33	134	0.00000
Alterinioella nitratireducens	2735915	S	83	43	126	0.00000
Gemmobacter caeni	589035	S	22	24	46	0.00000
Gemmobacter caeruleus	2595004	S	17	13	30	0.00000
Pelagivirga sediminicola	2170575	S	53	54	107	0.00000
Cereibacter ovatus	439529	S	45	23	68	0.00000
Thioclava nitratireducens	1915078	S	17	21	38	0.00000
Oceanicella actignis	1189325	S	24	9	33	0.00000
Oceanicella sp. SM1341	1548889	S	14	6	20	0.00000
Haematobacter massiliensis	195105	S	22	22	44	0.00000
Pseudopuniceibacterium sediminis	2211117	S	32	30	62	0.00000
Marivivens sp.	1978374	S	14	9	23	0.00000
Defluviimonas denitrificans	404881	S	30	13	43	0.00000
Rhodosalinus halophilus	2259333	S	28	9	37	0.00000
Vannielia litorea	1217970	S	21	14	35	0.00000
Chachezhania antarctica	2340860	S	19	33	52	0.00000
uncultured Rhodobacteraceae bacterium	157276	S	17	2	19	0.00000
Thalassobium sp.	2030825	S	16	10	26	0.00000
uncultured Pseudophaeobacter sp.	1759421	S	13	4	17	0.00000
Roseitranquillus sediminis	2809051	S	15	5	20	0.00000
Pseudorhodobacter aquimaris	687412	S	12	5	17	0.00000
Salipiger profundus	1229727	S	13798	15732	29530	0.00075
Salipiger thiooxidans	282683	S	11762	14824	26586	0.00067
Salipiger bermudensis	344736	S	4343	4971	9314	0.00024
Salipiger marinus	555512	S	1750	2058	3808	0.00010
Salipiger abyssi	1250539	S	54	81	135	0.00000
Salipiger pallidus	1775170	S	29	25	54	0.00000
Salipiger sp. IMCC34102	2510647	S	17	4	21	0.00000
Salipiger aestuarii	568098	S	15	13	28	0.00000
Sulfitobacter sp. R18_2	2821105	S	453	1044	1497	0.00004
Sulfitobacter sp. HI0040	1822232	S	121	159	280	0.00001
Sulfitobacter sp. D7	1968541	S	53	273	326	0.00001
Sulfitobacter sp.	1903071	S	50	118	168	0.00000
Sulfitobacter sp. BDSS02	2663018	S	43	80	123	0.00000
Sulfitobacter delicatus	218672	S	266	430	696	0.00002
Sulfitobacter pontiacus	60137	S	181	275	456	0.00001
Sulfitobacter maritimus	2741719	S	14	10	24	0.00000
Sulfitobacter dubius	218673	S	12	17	29	0.00000
Roseovarius sp. A-2	1570360	S	1768	848	2616	0.00007
Roseovarius sp.	1486281	S	144	68	212	0.00001
Roseovarius nubinhibens	314263	S	99	59	158	0.00000
Roseovarius indicus	540747	S	62	12	74	0.00000
Roseovarius confluentis	1852027	S	54	18	72	0.00000
Roseovarius mucosus	215743	S	38	36	74	0.00000
Roseovarius spongiae	2320272	S	25	7	32	0.00000
Roseovarius pacificus	337701	S	22	17	39	0.00000
Roseovarius halotolerans	505353	S	19	29	48	0.00000
Tranquillimonas alkanivorans	441119	S	941	226	1167	0.00003
Tranquillimonas rosea	641238	S	79	26	105	0.00000
Maritimibacter sp.	2003363	S	467	230	697	0.00002
Maritimibacter sp. REDSEA-S28_B5	1811547	S	65	111	176	0.00000
Maritimibacter sp. HL-12	1162418	S	14	4	18	0.00000
Maritimibacter harenae	2606218	S	14	9	23	0.00000
Thalassobius sp.	1979401	S	495	192	687	0.00002
Thalassobius autumnalis	2072972	S	22	12	34	0.00000
Thalassobius taeanensis	657014	S	12	11	23	0.00000
Dinoroseobacter sp.	2003366	S	389	13	402	0.00001
Roseivivax sediminis	936889	S	142	62	204	0.00001
Roseivivax marinus	1379903	S	139	88	227	0.00001
Roseivivax halotolerans	93684	S	21	3	24	0.00000
Yangia pacifica	311180	S	179	140	319	0.00001
Celeribacter indicus	1208324	S	145	118	263	0.00001
Celeribacter baekdonensis	875171	S	59	56	115	0.00000
Palleronia rufa	1530186	S	117	57	174	0.00000
Palleronia abyssalis	1501240	S	27	21	48	0.00000
Phaeobacter gallaeciensis	60890	S	79	26	105	0.00000
Phaeobacter sp. 22II1-1F12B	1317111	S	14	25	39	0.00000
Phaeobacter sp. CECT 5382	1712645	S	13	4	17	0.00000
Maribius pelagius	387096	S	37	88	125	0.00000
Sagittula sp. P11	2009329	S	39	19	58	0.00000
Sagittula salina	2820268	S	27	6	33	0.00000
Jannaschia aquimarina	935700	S	16	2	18	0.00000
Jannaschia formosa	2259592	S	16	7	23	0.00000
Tropicimonas isoalkanivorans	441112	S	51	63	114	0.00000
Actibacterium sp.	1872125	S	33	16	49	0.00000
Actibacterium naphthalenivorans	1614693	S	12	23	35	0.00000
Donghicola eburneus	393278	S	34	14	48	0.00000
Roseobacter sp.	1907202	S	33	11	44	0.00000
Profundibacterium mesophilum	1258573	S	35	28	63	0.00000
Leisingera caerulea	506591	S	17	6	23	0.00000
Primorskyibacter flagellatus	1387277	S	25	32	57	0.00000
Ruegeria sp. PrR005	2706882	S	15	8	23	0.00000
Seohaeicola zhoushanensis	1569283	S	24	8	32	0.00000
Roseisalinus antarcticus	254357	S	20	18	38	0.00000
Marinovum sp.	2024839	S	12	5	17	0.00000
Thiosulfatihalobacter marinus	2792481	S	14	21	35	0.00000
Pseudosulfitobacter pseudonitzschiae	1402135	S	13	14	27	0.00000
Rhodobacterales bacterium 32-66-9	1970559	S	13	12	25	0.00000
Alphaproteobacteria bacterium MarineAlpha5_Bin3	2013078	S	100306	4813	105119	0.00266
Alphaproteobacteria bacterium MarineAlpha3_Bin6	2013072	S	93572	8203	101775	0.00258
Alphaproteobacteria bacterium MarineAlpha3_Bin4	2013070	S	34782	1652	36434	0.00092
Alphaproteobacteria bacterium MarineAlpha3_Bin3	2013069	S	29851	5885	35736	0.00090
Alphaproteobacteria bacterium	1913988	S	18346	3573	21919	0.00055
Alphaproteobacteria bacterium MarineAlpha10_Bin2	2013104	S	15269	442	15711	0.00040
Alphaproteobacteria bacterium MarineAlpha9_Bin7	2013102	S	5284	418	5702	0.00014
Alphaproteobacteria bacterium MarineAlpha6_Bin2	2013089	S	2323	106	2429	0.00006
Alphaproteobacteria bacterium MarineAlpha5_Bin5	2013080	S	728	44	772	0.00002
Alphaproteobacteria bacterium MarineAlpha9_Bin1	2013096	S	621	40	661	0.00002
Alphaproteobacteria bacterium MarineAlpha9_Bin6	2013101	S	555	5	560	0.00001
Alphaproteobacteria bacterium MarineAlpha3_Bin7	2013073	S	499	19	518	0.00001
Alphaproteobacteria bacterium MarineAlpha3_Bin2	2013068	S	204	14	218	0.00001
alpha proteobacterium L41A	1229204	S	130	444	574	0.00001
Alphaproteobacteria bacterium UBA7314	1948440	S	104	1	105	0.00000
Alphaproteobacteria bacterium MarineAlpha5_Bin12	2013087	S	101	29	130	0.00000
Alphaproteobacteria bacterium UBA3612	1948389	S	100	29	129	0.00000
Alphaproteobacteria bacterium MarineAlpha12_Bin1	2013107	S	60	1	61	0.00000
Alphaproteobacteria bacterium MarineAlpha6_Bin4	2013091	S	46	6	52	0.00000
Alphaproteobacteria bacterium UBA6544	1948430	S	43	6	49	0.00000
Alphaproteobacteria bacterium MarineAlpha5_Bin7	2013082	S	36	0	36	0.00000
Alphaproteobacteria bacterium UBA2964	1948376	S	34	110	144	0.00000
Alphaproteobacteria bacterium UBA2966	1948377	S	28	9	37	0.00000
Alphaproteobacteria bacterium MarineAlpha10_Bin3	2013105	S	22	1	23	0.00000
alpha proteobacterium SCGC AAA015-N04	939296	S	21	37	58	0.00000
Alphaproteobacteria bacterium HGW-Alphaproteobacteria-14	2013660	S	16	15	31	0.00000
alpha proteobacterium MED-G10	2007300	S	15	0	15	0.00000
Alphaproteobacteria bacterium MarineAlpha5_Bin9	2013084	S	15	3	18	0.00000
Alphaproteobacteria bacterium HGW-Alphaproteobacteria-13	2013659	S	12	16	28	0.00000
Jiella pacifica	2696469	S	44755	14841	59596	0.00151
Martelella mediterranea	293089	S	12055	6954	19009	0.00048
Martelella sp. AD-3	686597	S	4876	6625	11501	0.00029
Martelella sp. NC20	2740298	S	171	68	239	0.00001
Martelella limonii	1647649	S	229	79	308	0.00001
Martelella endophytica	1486262	S	208	130	338	0.00001
Martelella radicis	1397476	S	70	105	175	0.00000
Martelella lutilitoris	2583532	S	54	80	134	0.00000
Fulvimarina sp.	1969479	S	8108	5248	13356	0.00034
Fulvimarina manganoxydans	937218	S	1558	118	1676	0.00004
Aurantimonas coralicida	182270	S	2965	7333	10298	0.00026
Aurantimonas sp. 22II-16-19i	1317114	S	138	44	182	0.00000
Aurantimonas manganoxydans	651183	S	112	289	401	0.00001
Consotaella salsifontis	1365950	S	13	2	15	0.00000
Hoeflea sp.	1940281	S	42978	26847	69825	0.00177
Hoeflea sp. BAL378	1547437	S	36	10	46	0.00000
Nitratireductor sp.	1872084	S	5828	2588	8416	0.00021
Nitratireductor aquibiodomus	204799	S	1238	988	2226	0.00006
Nitratireductor indicus	721133	S	77	86	163	0.00000
Nitratireductor aquimarinus	889300	S	56	19	75	0.00000
Nitratireductor basaltis	472175	S	29	3	32	0.00000
Mesorhizobium sp. Pch-S	2082387	S	176	58	234	0.00001
Mesorhizobium sp.	1871066	S	128	136	264	0.00001
Mesorhizobium sediminum	1849104	S	330	235	565	0.00001
Aquibium oceanicum	1670800	S	677	205	882	0.00002
Phyllobacteriaceae bacterium	1871068	S	89	32	121	0.00000
Pseudaminobacter manganicus	1873176	S	25	18	43	0.00000
Pseudaminobacter salicylatoxidans	93369	S	14	6	20	0.00000
Aquamicrobium lusatiense	89772	S	23	11	34	0.00000
Methylobacterium fujisawaense	107400	S	7203	8005	15208	0.00038
Methylobacterium aquaticum	270351	S	888	1216	2104	0.00005
Methylobacterium sp.	409	S	53	59	112	0.00000
Methylobacterium sp. 13MFTsu3.1M2	1502776	S	32	62	94	0.00000
Methylobacterium sp. CG09_land_8_20_14_0_10_71_15	1975532	S	27	27	54	0.00000
Methylobacterium sp. 2A	2603816	S	20	37	57	0.00000
Methylobacterium sp. UNC378MF	1502748	S	12	13	25	0.00000
Methylobacterium organophilum	410	S	90	202	292	0.00001
Methylobacterium variabile	298794	S	54	92	146	0.00000
Methylobacterium dankookense	560405	S	46	57	103	0.00000
Methylobacterium brachiatum	269660	S	44	48	92	0.00000
Methylobacterium oxalidis	944322	S	33	18	51	0.00000
Methylobacterium ajmalii	2738439	S	13	32	45	0.00000
Methylorubrum zatmanii	29429	S	74	200	274	0.00001
Methylorubrum rhodesianum	29427	S	23	63	86	0.00000
Hyphomicrobiales bacterium	1909294	S	10508	5407	15915	0.00040
Rhizobiales bacterium UBA3584	1951220	S	98	56	154	0.00000
Rhizobiales bacterium 32-66-11	1970549	S	54	55	109	0.00000
Rhizobiales bacterium CCH10-E5	1768797	S	22	32	54	0.00000
Rhizobiales bacterium 2SD	2502200	S	15	17	32	0.00000
Rhodobiaceae bacterium	2026785	S	8481	2694	11175	0.00028
[Ochrobactrum] teleogrylli	2479765	S	2956	2688	5644	0.00014
Brucella anthropi	529	S	63	309	372	0.00001
Brucella haematophila	419474	S	61	120	181	0.00000
Brucella pituitosa	571256	S	41	83	124	0.00000
Brucella pseudogrignonensis	419475	S	24	110	134	0.00000
Brucella tritici	94626	S	14	30	44	0.00000
Ochrobactrum sp. CGA5	2583453	S	87	102	189	0.00000
Ochrobactrum sp. Q0168	2793241	S	12	25	37	0.00000
Paenochrobactrum gallinarii	643673	S	12	1	13	0.00000
Devosia indica	2079253	S	2206	1872	4078	0.00010
Devosia sediminis	2798801	S	46	44	90	0.00000
Devosia pacifica	1335967	S	38	11	49	0.00000
Devosia marina	2683198	S	28	31	59	0.00000
Devosia subaequoris	395930	S	21	11	32	0.00000
Pelagibacterium sp.	1967288	S	1039	957	1996	0.00005
Bradyrhizobium sp. MOS002	2133947	S	517	666	1183	0.00003
Bradyrhizobium sp. BTAi1	288000	S	375	357	732	0.00002
Bradyrhizobium sp. CCH5-F6	1768753	S	171	245	416	0.00001
Bradyrhizobium sp. PSBB068	2715960	S	95	190	285	0.00001
Bradyrhizobium sp. SK17	2057741	S	20	19	39	0.00000
Bradyrhizobium japonicum	375	S	47	64	111	0.00000
Bradyrhizobium campsiandrae	1729892	S	39	47	86	0.00000
Bradyrhizobiaceae bacterium PARB1	2015576	S	484	488	972	0.00002
Bradyrhizobiaceae bacterium	2072420	S	31	39	70	0.00000
Afipia sp. OHSU_II-C1	1297860	S	25	39	64	0.00000
Afipia sp.	1871052	S	13	12	25	0.00000
Rhodopseudomonas palustris	1076	S	50	20	70	0.00000
Roseibium aggregatum	187304	S	1671	504	2175	0.00006
Roseibium sp. TrichSKD4	744980	S	17	3	20	0.00000
Stappia sp.	1870903	S	356	288	644	0.00002
Stappia sp. BW2	2592622	S	16	11	27	0.00000
Stappia indica	538381	S	317	310	627	0.00002
Parvibaculum sp.	2024848	S	1362	518	1880	0.00005
Parvibaculum indicum	562969	S	35	31	66	0.00000
Acuticoccus sediminis	2184697	S	1122	157	1279	0.00003
Acuticoccus yangtzensis	1443441	S	105	14	119	0.00000
Amorphus coralli	340680	S	54	6	60	0.00000
Rhizobium pusense	648995	S	306	290	596	0.00002
Rhizobium subbaraonis	908946	S	212	320	532	0.00001
Rhizobium sp. Root1212	1736429	S	12	6	18	0.00000
Agrobacterium tumefaciens	358	S	43	49	92	0.00000
Agrobacterium fabrum	1176649	S	12	20	32	0.00000
Agrobacterium cavarae	2528239	S	19	5	24	0.00000
Pseudorhizobium pelagicum	1509405	S	26	8	34	0.00000
Rhizobiaceae bacterium	1913961	S	46	10	56	0.00000
Endobacterium cereale	2663029	S	20	13	33	0.00000
Ahrensia sp.	1872419	S	764	519	1283	0.00003
Ahrensia marina	1514904	S	39	0	39	0.00000
Bosea lupini	1036779	S	218	321	539	0.00001
Bosea sp. TND4EK4	1907408	S	53	35	88	0.00000
Azorhizobium caulinodans	7	S	221	68	289	0.00001
Starkeya novella	921	S	43	20	63	0.00000
Pseudolabrys sp.	1960880	S	12	4	16	0.00000
uncultured Tepidamorphus sp.	1137119	S	144	20	164	0.00000
Breoghania sp. L-A4	2304600	S	69	8	77	0.00000
Methylocystaceae bacterium	2052174	S	38	4	42	0.00000
Camelimonas lactis	659006	S	21	9	30	0.00000
Pseudochelatococcus contaminans	1538103	S	14	20	34	0.00000
Beijerinckiaceae bacterium RH AL1	2572036	S	13	2	15	0.00000
Rhodospirillaceae bacterium	1898112	S	91319	13723	105042	0.00266
Rhodospirillaceae bacterium UBA3470	1952854	S	393	106	499	0.00001
Rhodospirillaceae bacterium UBA6608	1952863	S	176	24	200	0.00001
Rhodospirillaceae bacterium UBA2165	1952852	S	60	1	61	0.00000
Rhodospirillaceae bacterium TMED167	1986863	S	29	28	57	0.00000
Roseospira marina	140057	S	18	0	18	0.00000
Thalassospira povalilytica	732237	S	1866	1486	3352	0.00008
Thalassospira sp. MCCC 1A01148	501834	S	175	279	454	0.00001
Thalassospira sp. MCCC 1A01428	1470575	S	18	14	32	0.00000
Thalassospira tepidiphila	393657	S	41	402	443	0.00001
Thalassospira profundimaris	502049	S	39	142	181	0.00000
Magnetovibrio sp.	2024836	S	808	87	895	0.00002
Tistrella mobilis	171437	S	2506	378	2884	0.00007
Rhodospirillales bacterium	2026786	S	2221	319	2540	0.00006
Roseomonas mucosa	207340	S	155	166	321	0.00001
Roseomonas gilardii	257708	S	71	51	122	0.00000
Roseomonas aeriglobus	2267537	S	23	48	71	0.00000
Roseomonas aestuarii	568898	S	16	11	27	0.00000
Endobacter medicaginis	1181271	S	60	26	86	0.00000
Azospirillum sp. SYSU D00513	2812561	S	24	12	36	0.00000
Indioceanicola profundi	2220096	S	14	1	15	0.00000
uncultured Rhodospirillales bacterium	296830	S	17	2	19	0.00000
Henriciella sp.	1968823	S	54101	13566	67667	0.00171
Henriciella litoralis	568102	S	64	19	83	0.00000
Henriciella aquimarina	545261	S	61	44	105	0.00000
Henriciella algicola	1608422	S	37	4	41	0.00000
Ponticaulis sp.	2020902	S	16082	2472	18554	0.00047
Hyphomonas atlantica	1280948	S	6459	4037	10496	0.00027
Hyphomonas sp. UBA5111	1946637	S	3040	1774	4814	0.00012
Hyphomonas sp.	87	S	1713	742	2455	0.00006
Hyphomonas sp. CY54-11-8	1280944	S	121	66	187	0.00000
Hyphomonas sp. L-53-1-40	1207058	S	34	8	42	0.00000
Hyphomonas pacifica	1280941	S	745	1033	1778	0.00004
Hyphomonas adhaerens	81029	S	20	1	21	0.00000
Hirschia sp.	2024835	S	1390	133	1523	0.00004
Hyphomonadaceae bacterium UBA1849	1951945	S	43	13	56	0.00000
Hyphomonadaceae bacterium TMED5	1986776	S	19	7	26	0.00000
uncultured Alphaproteobacteria bacterium	91750	S	67481	19183	86664	0.00219
Rickettsiales bacterium	2026788	S	55977	13579	69556	0.00176
Rickettsiales bacterium TMED211	1986869	S	51	27	78	0.00000
uncultured Rickettsiaceae bacterium	194194	S	70	0	70	0.00000
uncultured Candidatus Midichloriaceae bacterium	1806454	S	12	1	13	0.00000
uncultured SAR116 cluster alpha proteobacterium	281031	S	6860	2238	9098	0.00023
SAR116 cluster bacterium AG-426-B08	2162580	S	147	212	359	0.00001
SAR116 cluster bacterium AG-426-I14	2162581	S	113	109	222	0.00001
SAR116 cluster bacterium AG-447-C21	2162583	S	67	11	78	0.00000
SAR116 cluster bacterium	2024888	S	59	32	91	0.00000
SAR116 cluster bacterium AG-447-A06	2162582	S	49	8	57	0.00000
OCS116 cluster bacterium AG-435-F03	2162589	S	430	2222	2652	0.00007
OCS116 cluster bacterium AG-390-A19	2162591	S	186	183	369	0.00001
uncultured OCS116 cluster bacterium	648187	S	178	77	255	0.00001
OCS116 cluster bacterium AG-430-B22	2162588	S	110	385	495	0.00001
Oceanicaulis sp. HTCC2633	314254	S	6907	2371	9278	0.00023
Oceanicaulis sp. PT13A	2135616	S	222	62	284	0.00001
Oceanicaulis alexandrii	153233	S	16	3	19	0.00000
Maricaulis sp.	1486257	S	499	79	578	0.00001
Euryhalocaulis caribicus	1161401	S	115	12	127	0.00000
Glycocaulis albus	1382801	S	75	11	86	0.00000
Hellea sp.	2715692	S	478	63	541	0.00001
Caulobacter sp. 602-1	2492472	S	1487	1365	2852	0.00007
Caulobacter sp. RHG1	2545762	S	74	68	142	0.00000
Caulobacter sp. CCH9-E1	1768768	S	33	83	116	0.00000
Caulobacter sp. FWC26	69665	S	28	40	68	0.00000
Caulobacter vibrioides	155892	S	333	389	722	0.00002
Brevundimonas sp. A19_0	2821087	S	465	238	703	0.00002
Brevundimonas sp. UBA7534	1946138	S	201	509	710	0.00002
Brevundimonas sp.	1871086	S	54	49	103	0.00000
Brevundimonas aurantiaca	74316	S	249	574	823	0.00002
Brevundimonas fluminis	2487274	S	26	11	37	0.00000
Phenylobacterium sp.	1871053	S	105	68	173	0.00000
Phenylobacterium sp. CCH9-H3	1768774	S	12	21	33	0.00000
Caulobacteraceae bacterium UBA3198	1951537	S	20	7	27	0.00000
Parvularcula sp.	1979207	S	1658	525	2183	0.00006
Parvularcula oceani	1247963	S	419	28	447	0.00001
Parvularcula dongshanensis	1173995	S	36	3	39	0.00000
Parvularcula bermudensis	208216	S	13	3	16	0.00000
Marinicaulis flavus	2058213	S	106	9	115	0.00000
Alteromonas australica	589873	S	1289480	688169	1977649	0.05005
Alteromonas macleodii	28108	S	259353	486290	745643	0.01887
Alteromonas abrolhosensis	1892904	S	40968	49846	90814	0.00230
Alteromonas mediterranea	314275	S	10144	16162	26306	0.00067
Alteromonas marina	203795	S	9201	15591	24792	0.00063
Alteromonas sp. IB21	2779369	S	3275	3785	7060	0.00018
Alteromonas sp. RKMC-009	2267264	S	1123	277	1400	0.00004
Alteromonas sp. KUL106	2480799	S	821	381	1202	0.00003
Alteromonas sp. KC3	2795688	S	560	188	748	0.00002
Alteromonas sp. 38	2653129	S	324	339	663	0.00002
Alteromonas sp. BL110	1714845	S	229	505	734	0.00002
Alteromonas sp. LOR	1537994	S	224	151	375	0.00001
Alteromonas sp. V450	1912139	S	166	115	281	0.00001
Alteromonas sp. KUL49	2480798	S	135	10	145	0.00000
Alteromonas sp. ALT199	1298865	S	111	211	322	0.00001
Alteromonas sp. KUL42	2480797	S	90	16	106	0.00000
Alteromonas sp. MMG017	2822692	S	54	53	107	0.00000
Alteromonas sp. 5E99-2	2817683	S	42	2	44	0.00000
Alteromonas sp. C1M14	2841567	S	23	2	25	0.00000
Alteromonas profundi	2696062	S	8472	5912	14384	0.00036
Alteromonas oceani	2071609	S	5544	29455	34999	0.00089
Alteromonas antoniana	2803813	S	2948	3803	6751	0.00017
Alteromonas alba	2079529	S	2747	26608	29355	0.00074
Alteromonas portus	2565549	S	1734	1710	3444	0.00009
Alteromonas naphthalenivorans	715451	S	1307	2478	3785	0.00010
Alteromonas oceanisediminis	2836180	S	893	254	1147	0.00003
Alteromonas hispanica	315421	S	487	79	566	0.00001
Alteromonas gracilis	1479524	S	380	249	629	0.00002
Alteromonas pelagimontana	1858656	S	377	87	464	0.00001
Alteromonas lipotrueiana	2803815	S	180	57	237	0.00001
Alteromonas genovensis	471225	S	157	119	276	0.00001
Alteromonas lipolytica	1856405	S	138	27	165	0.00000
Alteromonas sediminis	2259342	S	90	3	93	0.00000
Alteromonas stellipolaris	233316	S	81	85	166	0.00000
Alteromonas halophila	516698	S	68	16	84	0.00000
Alteromonas flava	2048003	S	39	2	41	0.00000
Alteromonas confluentis	1656094	S	38	5	43	0.00000
Salinimonas iocasae	2572577	S	1289	484	1773	0.00004
Salinimonas chungwhensis	265425	S	228	50	278	0.00001
Salinimonas sediminis	2303538	S	179	172	351	0.00001
Salinimonas profundi	2729140	S	169	145	314	0.00001
Salinimonas lutimaris	914153	S	105	36	141	0.00000
Marisediminitalea aggregata	634436	S	149765	28264	178029	0.00451
Alteromonadaceae bacterium UBA2620	1951386	S	12057	58559	70616	0.00179
Alteromonadaceae bacterium	1916082	S	2562	1747	4309	0.00011
Alteromonadaceae bacterium XY-R5	1737567	S	24	1	25	0.00000
Aestuariibacter sp.	1872400	S	1017	377	1394	0.00004
Aestuariibacter sp. GS-14	2590670	S	131	41	172	0.00000
Aestuariibacter sp. A3R04	2841571	S	41	9	50	0.00000
Glaciecola sp. XM2	1914931	S	224	9	233	0.00001
Glaciecola sp. UBA1851	1946570	S	70	11	81	0.00000
Glaciecola sp. HTCC2999	455436	S	14	2	16	0.00000
Aliiglaciecola lipolytica	477689	S	168	31	199	0.00001
Ningiella ruwaisensis	2364274	S	132	76	208	0.00001
Bowmanella dokdonensis	751969	S	101	7	108	0.00000
Paraglaciecola chathamensis	368405	S	64	13	77	0.00000
Neptunicella marina	2125989	S	37	9	46	0.00000
Saccharobesus litoralis	2172099	S	17	1	18	0.00000
Idiomarina baltica	190892	S	32165	40619	72784	0.00184
Idiomarina aquatica	1327752	S	5860	3190	9050	0.00023
Idiomarina zobellii	86103	S	3339	5403	8742	0.00022
Idiomarina sp. MD25a	1889913	S	1152	1151	2303	0.00006
Idiomarina sp. X4	2055892	S	99	149	248	0.00001
Idiomarina fontislapidosi	263723	S	984	340	1324	0.00003
Idiomarina piscisalsi	1096243	S	984	1044	2028	0.00005
Idiomarina loihiensis	135577	S	82	51	133	0.00000
Idiomarina abyssalis	86102	S	66	48	114	0.00000
Idiomarina seosinensis	281739	S	30	11	41	0.00000
Idiomarinaceae bacterium	1898113	S	47349	50250	97599	0.00247
Pseudidiomarina aquimaris	641841	S	147	159	306	0.00001
Pseudidiomarina maritima	519453	S	39	71	110	0.00000
Aliidiomarina maris	531312	S	76	37	113	0.00000
Aliidiomarina celeris	2249428	S	17	4	21	0.00000
Pseudoalteromonas lipolytica	570156	S	5217	6658	11875	0.00030
Pseudoalteromonas sp. MEBiC 03607	2563601	S	2859	4181	7040	0.00018
Pseudoalteromonas sp. NBT06-2	2025950	S	345	17	362	0.00001
Pseudoalteromonas sp. 0303	2743618	S	277	1207	1484	0.00004
Pseudoalteromonas sp. '520P1 No. 423'	1690037	S	81	14	95	0.00000
Pseudoalteromonas sp.	53249	S	41	69	110	0.00000
Pseudoalteromonas sp. T1lg23B	2077097	S	27	6	33	0.00000
Pseudoalteromonas sp. XI10	1766621	S	13	49	62	0.00000
Pseudoalteromonas arabiensis	874454	S	866	303	1169	0.00003
Pseudoalteromonas ruthenica	151081	S	362	73	435	0.00001
Pseudoalteromonas shioyasakiensis	1190813	S	248	864	1112	0.00003
Pseudoalteromonas gelatinilytica	1703256	S	45	80	125	0.00000
Pseudoalteromonas marina	267375	S	20	16	36	0.00000
Pseudoalteromonas atlantica	288	S	18	16	34	0.00000
Pseudoalteromonas prydzensis	182141	S	15	9	24	0.00000
Pseudoalteromonas phenolica	161398	S	15	2	17	0.00000
Litorilituus lipolyticus	2491017	S	641	32	673	0.00002
Litorilituus sediminis	718192	S	567	71	638	0.00002
Thalassotalea profundi	2036687	S	52	33	85	0.00000
Shewanella sp. 10N.286.51.B7	1880836	S	53	70	123	0.00000
Shewanella psychrophila	225848	S	57	33	90	0.00000
Shewanella algidipiscicola	614070	S	27	18	45	0.00000
Shewanella hanedai	25	S	19	2	21	0.00000
Shewanella algae	38313	S	13	47	60	0.00000
Moritella viscosa	80854	S	84	113	197	0.00000
Moritella sp. 5	2746231	S	21	55	76	0.00000
Gammaproteobacteria bacterium	1913989	S	903422	355773	1259195	0.03187
gamma proteobacterium SCGC AAA007-O20	913327	S	124730	126737	251467	0.00636
gamma proteobacterium SCGC AB-629-P17	1131274	S	33952	69703	103655	0.00262
Gammaproteobacteria bacterium UBA1119	1948582	S	14782	22666	37448	0.00095
Gammaproteobacteria bacterium REDSEA-S15_B12	1811666	S	10672	15112	25784	0.00065
Gammaproteobacteria bacterium UBA3532	1948611	S	3388	3783	7171	0.00018
Gammaproteobacteria bacterium UBA1961	1948588	S	581	194	775	0.00002
gamma proteobacterium SCGC AAA168-P09	1009426	S	163	128	291	0.00001
Gammaproteobacteria bacterium UBA3498	1948609	S	100	26	126	0.00000
Gammaproteobacteria bacterium UBA6940	1948640	S	29	7	36	0.00000
Gammaproteobacteria bacterium UBA2675	1948596	S	23	289	312	0.00001
Gammaproteobacteria bacterium UBA7803	1948658	S	21	40	61	0.00000
Gammaproteobacteria bacterium UBA7310	1948647	S	20	12	32	0.00000
Gammaproteobacteria bacterium TMED104	1986732	S	20	265	285	0.00001
Gammaproteobacteria bacterium TMED139	1986737	S	20	6	26	0.00000
Candidatus Thioglobus sp. MED-G25	1986229	S	347481	233775	581256	0.01471
Candidatus Thioglobus sp. NP1	2508687	S	468	105	573	0.00001
Candidatus Thioglobus sp. REDSEA-S12_B1	1811594	S	145	82	227	0.00001
Candidatus Thioglobus sp.	2026721	S	96	110	206	0.00001
uncultured Candidatus Thioglobus sp.	655186	S	6125	8358	14483	0.00037
Candidatus Thioglobus autotrophicus	1705394	S	125	29	154	0.00000
uncultured SAR86 cluster bacterium	648174	S	87001	25704	112705	0.00285
SAR86 cluster bacterium REDSEA-S09_B4	1811643	S	39114	3325	42439	0.00107
SAR86 cluster bacterium AG-447-A08	2162557	S	1802	379	2181	0.00006
SAR86 cluster bacterium SAR86A	1123866	S	654	581	1235	0.00003
SAR86 cluster bacterium AG-422-O05	2162561	S	374	89	463	0.00001
SAR86 cluster bacterium AG-359-O04	2162564	S	34	18	52	0.00000
SAR86 cluster bacterium SAR86B	1123867	S	20	14	34	0.00000
SAR86 cluster bacterium	2030880	S	16	8	24	0.00000
uncultured Pseudohongiella sp.	1772216	S	224	310	534	0.00001
Candidatus Pseudothioglobus singularis	1427364	S	136	54	190	0.00000
Candidatus Pseudothioglobus aerophilus	2841689	S	17	9	26	0.00000
OM182 bacterium MED-G28	1986256	S	60	11	71	0.00000
uncultured OM182 clade bacterium	1128416	S	35	8	43	0.00000
K189A clade bacterium	2315472	S	28	18	46	0.00000
Halomonas aquamarina	77097	S	13155	56455	69610	0.00176
Halomonas meridiana	29570	S	12040	17287	29327	0.00074
Halomonas salina	42565	S	9940	17254	27194	0.00069
Halomonas piezotolerans	2609667	S	4004	4711	8715	0.00022
Halomonas litopenaei	2109328	S	2737	2806	5543	0.00014
Halomonas lionensis	1144478	S	2334	7547	9881	0.00025
Halomonas sp. JSM 104105	1562110	S	659	629	1288	0.00003
Halomonas sp.	1486246	S	561	358	919	0.00002
Halomonas sp. UBA3074	1946584	S	298	402	700	0.00002
Halomonas sp. KAO	2783858	S	82	104	186	0.00000
Halomonas sp. 54_146	1635257	S	79	97	176	0.00000
Halomonas sp. GFAJ-1	1118153	S	34	21	55	0.00000
Halomonas sp. HAL1	550984	S	21	51	72	0.00000
Halomonas sp. EAR18	2518972	S	15	7	22	0.00000
Halomonas sp. TD01	999141	S	14	18	32	0.00000
Halomonas sp. A40-4	2785909	S	13	14	27	0.00000
Halomonas salicampi	1449798	S	671	216	887	0.00002
Halomonas xianhensis	442341	S	242	121	363	0.00001
Halomonas glaciei	186761	S	242	735	977	0.00002
Halomonas sedimenti	2729618	S	208	338	546	0.00001
Halomonas hamiltonii	502829	S	193	549	742	0.00002
Halomonas sulfidaeris	115553	S	173	59	232	0.00001
Halomonas lutescens	1602943	S	111	43	154	0.00000
Halomonas stevensii	502821	S	86	342	428	0.00001
Halomonas maris	2729617	S	54	155	209	0.00001
Halomonas alkaliantarctica	232346	S	44	57	101	0.00000
Halomonas zincidurans	1178777	S	39	22	61	0.00000
Halomonas shengliensis	419597	S	38	49	87	0.00000
Halomonas coralii	2304602	S	33	21	54	0.00000
Halomonas taeanensis	284577	S	29	11	40	0.00000
Halomonas venusta	44935	S	26	12	38	0.00000
Halomonas subterranea	416874	S	21	15	36	0.00000
Halomonas titanicae	664683	S	21	50	71	0.00000
Halomonas ventosae	229007	S	20	25	45	0.00000
Halomonas azerica	2732867	S	20	5	25	0.00000
Halomonas alkaliphila	272774	S	17	21	38	0.00000
Halomonas salipaludis	2032625	S	14	19	33	0.00000
Halomonas nigrificans	2042704	S	12	6	18	0.00000
Salinicola sp.	1978524	S	18274	33582	51856	0.00131
Salinicola salarius	430457	S	4393	3262	7655	0.00019
Salinicola corii	2606937	S	155	193	348	0.00001
Salinicola peritrichatus	1267424	S	110	63	173	0.00000
Salinicola halophyticus	1808881	S	62	22	84	0.00000
Salinicola socius	404433	S	50	13	63	0.00000
Salinicola rhizosphaerae	1443141	S	15	2	17	0.00000
Chromohalobacter israelensis	141390	S	6099	6985	13084	0.00033
Chromohalobacter salexigens	158080	S	32	50	82	0.00000
Chromohalobacter japonicus	223900	S	20	42	62	0.00000
Chromohalobacter canadensis	141389	S	14	14	28	0.00000
Cobetia amphilecti	1055104	S	42	36	78	0.00000
Pistricoccus aurantiacus	1883414	S	24	3	27	0.00000
Alloalcanivorax venustensis	172371	S	8077	28088	36165	0.00092
Alloalcanivorax profundimaris	2735259	S	336	413	749	0.00002
Alloalcanivorax marinus	1177169	S	267	181	448	0.00001
Alloalcanivorax xenomutans	1094342	S	81	114	195	0.00000
Alloalcanivorax mobilis	2019569	S	41	11	52	0.00000
Alloalcanivorax gelatiniphagus	1194167	S	37	31	68	0.00000
Alcanivorax sp.	1872427	S	804	731	1535	0.00004
Alcanivorax sp. UBA4485	1945988	S	300	391	691	0.00002
Alcanivorax sp. DSM 26293	1798238	S	186	284	470	0.00001
Alcanivorax sp. DG881	236097	S	23	26	49	0.00000
Alcanivorax sp. 24	2545266	S	20	20	40	0.00000
Alcanivorax nanhaiticus	1177154	S	131	211	342	0.00001
Alcanivorax profundi	2338368	S	81	317	398	0.00001
Alcanivorax jadensis	64988	S	62	41	103	0.00000
Alcanivorax borkumensis	59754	S	26	10	36	0.00000
Alcanivorax hongdengensis	519051	S	15	9	24	0.00000
Alcanivoracaceae bacterium	2024895	S	383	506	889	0.00002
Ketobacter sp.	2083498	S	81	24	105	0.00000
Thalassolituus sp. UBA674	1947666	S	11421	5372	16793	0.00043
Thalassolituus sp. UBA2107	1947659	S	4356	6415	10771	0.00027
Thalassolituus sp. UBA1087	1947651	S	43	6	49	0.00000
Oceanospirillaceae bacterium	1899355	S	9753	3087	12840	0.00032
Neptuniibacter sp. UBA6509	1946976	S	812	198	1010	0.00003
Oleibacter marinus	484498	S	576	607	1183	0.00003
Oleibacter sp.	2024845	S	33	16	49	0.00000
Oceanobacter sp.	2030817	S	451	213	664	0.00002
Marinomonas communis	28254	S	196	109	305	0.00001
Marinomonas profundimaris	1208321	S	15	26	41	0.00000
Bacterioplanes sanyensis	1249553	S	131	7	138	0.00000
Maribrevibacterium harenarium	2589817	S	36	40	76	0.00000
Marinobacterium iners	48076	S	21	3	24	0.00000
Oleiphilus sp.	2025907	S	531	56	587	0.00001
Endozoicomonas sp. G2_2	2821092	S	449	716	1165	0.00003
uncultured Endozoicomonas sp.	432652	S	16	12	28	0.00000
Salinibius halmophilus	1853216	S	13	0	13	0.00000
uncultured Gammaproteobacteria bacterium	86473	S	74073	22899	96972	0.00245
Acidiferrobacteraceae bacterium	2024893	S	70744	73040	143784	0.00364
Acidiferrobacter sp.	1872107	S	626	1653	2279	0.00006
Woeseiaceae bacterium	2026806	S	30820	16764	47584	0.00120
uncultured Woeseiaceae bacterium	1983305	S	139	12	151	0.00000
Woeseia sp.	1980636	S	69	7	76	0.00000
Oceanococcus atlanticus	1317117	S	1538	100	1638	0.00004
Candidatus Macondimonas diazotrophica	2305248	S	15	37	52	0.00000
Chromatiales bacterium	2026725	S	213	27	240	0.00001
Rheinheimera aquimaris	412437	S	40	22	62	0.00000
Rheinheimera nanhaiensis	1163621	S	19	11	30	0.00000
Allochromatium humboldtianum	504901	S	39	17	56	0.00000
Arsukibacterium sp. UBA3155	1946058	S	25	3	28	0.00000
Marinobacter nauticus	2743	S	9727	7011	16738	0.00042
Marinobacter vinifirmus	355591	S	1493	2821	4314	0.00011
Marinobacter sp. LQ44	1749259	S	222	625	847	0.00002
Marinobacter sp. B9-2	2137198	S	185	706	891	0.00002
Marinobacter sp.	50741	S	101	91	192	0.00000
Marinobacter sp. Arc7-DN-1	2304594	S	64	91	155	0.00000
Marinobacter sp. EhC06	1849169	S	13	25	38	0.00000
Marinobacter sp. 1-4A	2582919	S	12	10	22	0.00000
Marinobacter sp. R17	2484250	S	12	6	18	0.00000
Marinobacter persicus	930118	S	538	700	1238	0.00003
Marinobacter fuscus	2109942	S	383	671	1054	0.00003
Marinobacter shengliensis	1389223	S	266	403	669	0.00002
Marinobacter manganoxydans	1150997	S	189	2965	3154	0.00008
Marinobacter salsuginis	418719	S	74	95	169	0.00000
Marinobacter segnicrescens	430453	S	68	43	111	0.00000
Marinobacter oulmenensis	643747	S	59	10	69	0.00000
Marinobacter lipolyticus	209639	S	57	46	103	0.00000
Marinobacter flavimaris	262076	S	47	736	783	0.00002
Marinobacter litoralis	187981	S	29	6	35	0.00000
Marinobacter adhaerens	1033846	S	24	184	208	0.00001
Marinobacter profundi	2666256	S	14	10	24	0.00000
Marinobacter aromaticivorans	1494078	S	13	4	17	0.00000
Marinobacter salarius	1420917	S	12	24	36	0.00000
Marinobacter santoriniensis	523742	S	12	2	14	0.00000
Halopseudomonas pachastrellae	254161	S	939	1482	2421	0.00006
Halopseudomonas gallaeciensis	857227	S	236	261	497	0.00001
Halopseudomonas aestusnigri	857252	S	142	157	299	0.00001
Halopseudomonas oceani	1708783	S	45	51	96	0.00000
Halopseudomonas sabulinigri	472181	S	39	10	49	0.00000
Pseudomonas anguilliseptica	53406	S	307	578	885	0.00002
Pseudomonas nitroreducens	46680	S	93	330	423	0.00001
Pseudomonas aeruginosa	287	S	38	61	99	0.00000
Pseudomonas putida	303	S	41	148	189	0.00000
Pseudomonas saliphila	2586906	S	55	37	92	0.00000
Pseudomonas luteola	47886	S	41	10	51	0.00000
Pseudomonas juntendi	2666183	S	31	114	145	0.00000
Pseudomonas khazarica	2502979	S	22	41	63	0.00000
Stutzerimonas stutzeri	316	S	350	680	1030	0.00003
Stutzerimonas balearica	74829	S	67	168	235	0.00001
Pseudomonadaceae bacterium UBA836	1952795	S	62	70	132	0.00000
Pseudomonadaceae bacterium SI-3	2079806	S	31	55	86	0.00000
Pseudomonadales bacterium	1891229	S	712	295	1007	0.00003
Klebsiella pneumoniae	573	S	916	4862	5778	0.00015
Klebsiella quasipneumoniae	1463165	S	513	1616	2129	0.00005
Klebsiella variicola	244366	S	62	230	292	0.00001
Klebsiella michiganensis	1134687	S	34	109	143	0.00000
Klebsiella oxytoca	571	S	18	31	49	0.00000
Klebsiella huaxiensis	2153354	S	18	52	70	0.00000
Raoultella planticola	575	S	1253	6183	7436	0.00019
Raoultella ornithinolytica	54291	S	85	177	262	0.00001
uncultured Raoultella sp.	263767	S	65	1488	1553	0.00004
Enterobacter kobei	208224	S	104	525	629	0.00002
Enterobacter cloacae	550	S	98	392	490	0.00001
Enterobacter roggenkampii	1812935	S	30	270	300	0.00001
Enterobacter sichuanensis	2071710	S	27	127	154	0.00000
Escherichia coli	562	S	23	288	311	0.00001
Phytobacter diazotrophicus	395631	S	86	111	197	0.00000
Phytobacter ursingii	1972431	S	74	122	196	0.00000
Citrobacter amalonaticus	35703	S	22	37	59	0.00000
Atlantibacter hermannii	565	S	16	31	47	0.00000
Pluralibacter gergoviae	61647	S	12	16	28	0.00000
Pantoea dispersa	59814	S	1152	1266	2418	0.00006
Pantoea sp. PSNIH6	2080494	S	47	163	210	0.00001
Pantoea septica	472695	S	23	51	74	0.00000
Mixta calida	665913	S	168	196	364	0.00001
[Pantoea] beijingensis	1324864	S	33	9	42	0.00000
Kalamiella piersonii	2364647	S	29	50	79	0.00000
Providencia huaxiensis	2027290	S	1342	1192	2534	0.00006
Salinisphaera shabanensis	180542	S	11913	6521	18434	0.00047
Salinisphaera sp. UBA6602	1947455	S	1027	989	2016	0.00005
Salinisphaera sp. UBA1666	1947454	S	653	362	1015	0.00003
Salinisphaera sp.	1914330	S	175	117	292	0.00001
Salinisphaera japonica	1304270	S	172	199	371	0.00001
Salinisphaera hydrothermalis	563188	S	110	26	136	0.00000
Salinisphaera halophila	1304158	S	54	161	215	0.00001
Abyssibacter profundi	2182787	S	1552	376	1928	0.00005
Salinisphaeraceae bacterium	2026789	S	27	1	28	0.00000
Methylophaga sp.	2024840	S	6281	1595	7876	0.00020
Methylophaga aminisulfidivorans	230105	S	35	30	65	0.00000
Cycloclasticus sp.	2024830	S	48	22	70	0.00000
Piscirickettsiaceae bacterium	2030828	S	16	2	18	0.00000
Thiotrichales bacterium	2026796	S	6201	1102	7303	0.00018
uncultured Francisellaceae bacterium	393692	S	569	7	576	0.00001
Francisella sp.	2047875	S	21	7	28	0.00000
Francisella adeliensis	2007306	S	13	3	16	0.00000
Francisella salimarina	2599927	S	13	32	45	0.00000
uncultured Thiothrix sp.	223185	S	364	49	413	0.00001
Thiotrichaceae bacterium	2030882	S	113	16	129	0.00000
Acinetobacter baylyi	202950	S	2693	962	3655	0.00009
Acinetobacter ursingii	108980	S	1219	1751	2970	0.00008
Acinetobacter baumannii	470	S	433	727	1160	0.00003
Acinetobacter pittii	48296	S	39	164	203	0.00001
Acinetobacter nosocomialis	106654	S	26	59	85	0.00000
Acinetobacter seifertii	1530123	S	22	65	87	0.00000
Acinetobacter gerneri	202952	S	530	328	858	0.00002
Acinetobacter brisouii	396323	S	256	233	489	0.00001
Acinetobacter radioresistens	40216	S	183	101	284	0.00001
Acinetobacter junii	40215	S	174	336	510	0.00001
Acinetobacter sp. UBA801	1945958	S	18	28	46	0.00000
Acinetobacter sp. WCHA45	2004644	S	17	46	63	0.00000
Acinetobacter sp. ANC 4204	1977884	S	12	9	21	0.00000
Acinetobacter bereziniae	106648	S	64	92	156	0.00000
Acinetobacter venetianus	52133	S	33	18	51	0.00000
Acinetobacter indicus	756892	S	29	48	77	0.00000
Acinetobacter geminorum	2730922	S	21	61	82	0.00000
Acinetobacter parvus	134533	S	16	29	45	0.00000
Acinetobacter schindleri	108981	S	13	17	30	0.00000
Acinetobacter johnsonii	40214	S	13	24	37	0.00000
Psychrobacter submarinus	154108	S	852	934	1786	0.00005
Psychrobacter celer	306572	S	776	879	1655	0.00004
Psychrobacter sp. bablab_jr014	2755139	S	117	69	186	0.00000
Psychrobacter sp.	56811	S	31	2	33	0.00000
Psychrobacter pacificensis	112002	S	127	563	690	0.00002
Psychrobacter piscatorii	554343	S	29	72	101	0.00000
Moraxella osloensis	34062	S	50	88	138	0.00000
Moraxella atlantae	34059	S	32	5	37	0.00000
Moraxellaceae bacterium REDSEA-S32_B1	1811612	S	64	20	84	0.00000
Alkanindiges illinoisensis	197183	S	28	15	43	0.00000
Xanthomonadaceae bacterium	1926873	S	2245	2405	4650	0.00012
Stenotrophomonas maltophilia	40324	S	91	363	454	0.00001
[Pseudomonas] hibiscicola	86189	S	78	471	549	0.00001
Stenotrophomonas rhizophila	216778	S	136	594	730	0.00002
Pseudoxanthomonas japonensis	69284	S	30	67	97	0.00000
Pseudoxanthomonas mexicana	128785	S	24	73	97	0.00000
Lysobacter spongiicola	435289	S	16	17	33	0.00000
Xanthomonadales bacterium	2006849	S	3331	1404	4735	0.00012
Oleiagrimonas sp. C23AA	2719047	S	21	4	25	0.00000
Rudaea sp. 3F27F6	2502208	S	20	3	23	0.00000
Halioglobus pacificus	930806	S	1006	139	1145	0.00003
Halioglobus japonicus	930805	S	894	60	954	0.00002
Halioglobus sp.	2024834	S	70	38	108	0.00000
Halieaceae bacterium	2026743	S	367	98	465	0.00001
Sediminihaliea albiluteola	2758564	S	26	3	29	0.00000
Haliea sp.	1932666	S	17	2	19	0.00000
Spongiibacter tropicus	454602	S	615	501	1116	0.00003
Spongiibacter marinus	354246	S	161	135	296	0.00001
Spongiibacter sp. IMCC21906	1620392	S	32	19	51	0.00000
Sinobacterium caligoides	933926	S	143	2	145	0.00000
Porticoccaceae bacterium UBA1117	1952748	S	349	29	378	0.00001
Porticoccaceae bacterium	2026782	S	253	107	360	0.00001
SAR92 clade bacterium	2315479	S	52	22	74	0.00000
uncultured SAR92 cluster bacterium	1118066	S	51	11	62	0.00000
Cellvibrio mixtus	39650	S	206	3	209	0.00001
Cellvibrionales bacterium UBA1969	1950786	S	44	16	60	0.00000
Vibrio sagamiensis	512650	S	366	228	594	0.00002
Vibrio azureus	512649	S	63	54	117	0.00000
Vibrio alginolyticus	663	S	52	73	125	0.00000
Vibrio campbellii	680	S	49	62	111	0.00000
Vibrio sp. AND4	314289	S	18	5	23	0.00000
Vibrio owensii	696485	S	14	17	31	0.00000
Vibrio sp. HI00D65	1822216	S	191	468	659	0.00002
Vibrio chagasii	170679	S	91	267	358	0.00001
Vibrio caribbeanicus	701175	S	51	4	55	0.00000
Vibrio hibernica	2587465	S	37	32	69	0.00000
Vibrio hepatarius	171383	S	30	24	54	0.00000
Vibrio fluvialis	676	S	21	12	33	0.00000
Vibrio fortis	212667	S	14	4	18	0.00000
Vibrio pectenicida	62763	S	12	8	20	0.00000
Photobacterium kishitanii	318456	S	465	338	803	0.00002
Photobacterium sp. SKA34	121723	S	99	192	291	0.00001
Photobacterium angustum	661	S	97	224	321	0.00001
Paraphotobacterium marinum	1755811	S	200	65	265	0.00001
Legionellales bacterium	2026754	S	3338	676	4014	0.00010
Methylococcaceae bacterium UBA1147	1952219	S	532	92	624	0.00002
Methylococcales bacterium OPU3_GD_OMZ	1920888	S	434	80	514	0.00001
Mannheimia sp. USDA-ARS-USMARC-1261	1432056	S	81	44	125	0.00000
Tolumonas sp.	1978237	S	22	8	30	0.00000
Sinimarinibacterium flocculans	985250	S	31	22	53	0.00000
Proteobacteria bacterium UBA1148	1948131	S	17357	2805	20162	0.00051
Pseudomonadota bacterium	1977087	S	10713	3824	14537	0.00037
Proteobacteria bacterium UBA6503	1948193	S	1164	144	1308	0.00003
Proteobacteria bacterium TMED61	1986601	S	211	521	732	0.00002
Proteobacteria bacterium UBA2996	1948156	S	191	215	406	0.00001
Proteobacteria bacterium UBA6522	1948196	S	97	41	138	0.00000
Proteobacteria bacterium UBA2133	1948144	S	50	2	52	0.00000
Proteobacteria bacterium SG_bin5	1827382	S	38	20	58	0.00000
Proteobacteria bacterium UBA7447	1948216	S	36	50	86	0.00000
Curvibacter sp.	1888168	S	224	172	396	0.00001
Ottowia sp.	1898956	S	181	190	371	0.00001
Acidovorax sp. JMULE5	2518343	S	16	45	61	0.00000
Acidovorax temperans	80878	S	36	137	173	0.00000
Acidovorax delafieldii	47920	S	13	42	55	0.00000
Delftia tsuruhatensis	180282	S	27	82	109	0.00000
Comamonas testosteroni	285	S	17	43	60	0.00000
Comamonadaceae bacterium UBA7244	1951613	S	23	26	49	0.00000
Cupriavidus metallidurans	119219	S	139	290	429	0.00001
Cupriavidus pauculus	82633	S	72	65	137	0.00000
Cupriavidus campinensis	151783	S	35	26	61	0.00000
Pandoraea sputorum	93222	S	50	142	192	0.00000
Ralstonia pickettii	329	S	69	177	246	0.00001
Paraburkholderia azotifigens	2057004	S	17	12	29	0.00000
Limnobacter sp. SAORIC-580	2732163	S	12	32	44	0.00000
Lautropia mirabilis	47671	S	12	3	15	0.00000
Achromobacter anxifer	1287737	S	43	240	283	0.00001
Pusillimonas sp. (ex Stolz et al. 2005)	1979962	S	34	10	44	0.00000
Alcaligenes faecalis	511	S	14	12	26	0.00000
Oligella urethralis	90245	S	13	5	18	0.00000
uncultured Burkholderiales bacterium	208544	S	356	152	508	0.00001
Herbaspirillum huttiense	863372	S	57	165	222	0.00001
Burkholderiales bacterium	1891238	S	112	78	190	0.00000
Burkholderiales bacterium Ga0077547	1752207	S	16	4	20	0.00000
Nitrosomonadaceae bacterium	2026767	S	2417	361	2778	0.00007
Nitrosomonadales bacterium	2026761	S	73	15	88	0.00000
uncultured Methylophilaceae bacterium	239732	S	17	3	20	0.00000
Rugosibacter aromaticivorans	1565605	S	27	41	68	0.00000
Dechloromonas sp.	1917218	S	13	13	26	0.00000
uncultured beta proteobacterium	86027	S	15	5	20	0.00000
Candidatus Lambdaproteobacteria bacterium	2035771	S	1947	174	2121	0.00005
uncultured proteobacterium	153809	S	762	152	914	0.00002
zeta proteobacterium SCGC AB-137-C09	1131284	S	31	16	47	0.00000
Zunongwangia profunda	398743	S	763200	525284	1288484	0.03261
Zunongwangia atlantica	1502297	S	6152	2008	8160	0.00021
Zunongwangia mangrovi	1334022	S	836	237	1073	0.00003
Mesonia oceanica	2687242	S	256743	32526	289269	0.00732
Mesonia mobilis	369791	S	16912	21200	38112	0.00096
Mesonia sp.	1960830	S	1679	1891	3570	0.00009
Mesonia sp. HuA40	2602761	S	19	1	20	0.00000
Mesonia aquimarina	1504967	S	526	118	644	0.00002
Mesonia phycicola	579105	S	83	7	90	0.00000
Flavobacteriaceae bacterium	1871037	S	197730	35223	232953	0.00590
Flavobacteriaceae bacterium UBA5534	1951857	S	116	21	137	0.00000
Flavobacteriaceae bacterium UBA3356	1951828	S	104	43	147	0.00000
Flavobacteriaceae bacterium PRS1	2483459	S	32	5	37	0.00000
Flavobacteriaceae bacterium UBA3611	1951834	S	32	4	36	0.00000
Flavobacteriaceae bacterium UBA3591	1951832	S	14	0	14	0.00000
Leeuwenhoekiella blandensis	360293	S	147053	36876	183929	0.00466
Leeuwenhoekiella palythoae	573501	S	16557	3550	20107	0.00051
Leeuwenhoekiella nanhaiensis	1655491	S	930	399	1329	0.00003
Leeuwenhoekiella sp.	1977054	S	131	21	152	0.00000
Leeuwenhoekiella sp. MAR_2009_132	1392489	S	12	2	14	0.00000
Leeuwenhoekiella marinoflava	988	S	136	65	201	0.00001
Leeuwenhoekiella polynyae	1550906	S	79	147	226	0.00001
Leeuwenhoekiella aequorea	283736	S	74	21	95	0.00000
Leeuwenhoekiella aestuarii	2249426	S	29	47	76	0.00000
Christiangramia flava	1486245	S	71694	6766	78460	0.00199
Christiangramia bathymodioli	2541727	S	206	29	235	0.00001
Gramella sp. Hel_I_59	1249978	S	33	1	34	0.00000
Gramella sp. MAR_2010_147	1250205	S	23	1	24	0.00000
Christiangramia portivictoriae	326069	S	55	2	57	0.00000
Christiangramia forsetii	411153	S	38	2	40	0.00000
Muricauda ruestringensis	111501	S	35932	17085	53017	0.00134
Muricauda oceanensis	2499163	S	9787	4098	13885	0.00035
Muricauda sp.	192149	S	741	534	1275	0.00003
Muricauda sp. CP2A	1848189	S	79	41	120	0.00000
Muricauda sp. ARW1Y1	2663843	S	57	10	67	0.00000
Muricauda sp. MAR_2010_75	1250232	S	46	22	68	0.00000
Muricauda sp. TMED12	1986608	S	27	13	40	0.00000
Muricauda brasiliensis	2162892	S	168	38	206	0.00001
Muricauda aequoris	2306997	S	75	39	114	0.00000
Muricauda hadalis	2597517	S	57	20	77	0.00000
Muricauda oceani	2698672	S	50	33	83	0.00000
Muricauda sediminis	2696468	S	42	22	64	0.00000
Muricauda lutimaris	475082	S	21	9	30	0.00000
Muricauda lutaonensis	516051	S	17	1	18	0.00000
Muricauda zhangzhouensis	1073328	S	14	1	15	0.00000
Muricauda amoyensis	2169401	S	12	2	14	0.00000
Euzebyella marina	1761453	S	38742	12813	51555	0.00130
Euzebyella saccharophila	679664	S	19	7	26	0.00000
Aequorivita sp.	1872390	S	8025	3496	11521	0.00029
Aequorivita sp. UBA3180	1947773	S	3296	1499	4795	0.00012
Aequorivita vladivostokensis	171194	S	184	92	276	0.00001
Aequorivita aquimaris	1548749	S	77	60	137	0.00000
Aequorivita iocasae	2803865	S	26	16	42	0.00000
Aequorivita echinoideorum	1549647	S	17	0	17	0.00000
Aequorivita sinensis	1382458	S	12	0	12	0.00000
Salegentibacter sp. R32	1486285	S	2917	482	3399	0.00009
Salegentibacter sp. Hel_I_6	1250278	S	455	386	841	0.00002
Salegentibacter sp.	1903072	S	182	36	218	0.00001
Salegentibacter mishustinae	270918	S	1771	2532	4303	0.00011
Salegentibacter agarivorans	345907	S	169	170	339	0.00001
Salegentibacter salarius	435906	S	103	110	213	0.00001
Salegentibacter maritimus	2794347	S	28	4	32	0.00000
Salegentibacter echinorum	1073325	S	27	2	29	0.00000
Flavobacterium suaedae	1767027	S	2746	150	2896	0.00007
Flavobacterium sp.	239	S	1990	726	2716	0.00007
Flavobacterium psychrophilum	96345	S	15	10	25	0.00000
Maribacter litoralis	2059726	S	2067	1050	3117	0.00008
Maribacter dokdonensis	320912	S	1113	311	1424	0.00004
Maribacter cobaltidurans	1178778	S	328	132	460	0.00001
Maribacter sp.	1897614	S	38	4	42	0.00000
Maribacter sp. 4G9	1889777	S	27	11	38	0.00000
Maribacter caenipelagi	1447781	S	14	6	20	0.00000
Winogradskyella sp.	1883156	S	4009	560	4569	0.00012
Winogradskyella endarachnes	2681965	S	80	13	93	0.00000
Winogradskyella algicola	2575815	S	57	56	113	0.00000
Winogradskyella epiphytica	262005	S	27	4	31	0.00000
Flavimarina sp. Hel_I_48	1392488	S	956	123	1079	0.00003
Mesoflavibacter zeaxanthinifaciens	393060	S	548	203	751	0.00002
Mesoflavibacter profundi	2708110	S	13	4	17	0.00000
Candidatus Ulvibacter alkanivorans	2267620	S	521	74	595	0.00002
Aquimarina sp.	1872586	S	268	25	293	0.00001
Joostella marina	453852	S	201	44	245	0.00001
Aureitalea marina	930804	S	169	5	174	0.00000
Xanthomarina gelatinilytica	1137281	S	88	5	93	0.00000
uncultured Flavobacteriaceae bacterium	165436	S	88	15	103	0.00000
Tenacibaculum sp. SG-28	754426	S	33	7	40	0.00000
Tenacibaculum sp. SZ-18	754423	S	14	14	28	0.00000
Salinimicrobium marinum	680283	S	68	1	69	0.00000
Salinimicrobium nanhaiense	2722701	S	12	0	12	0.00000
Luteirhabdus pelagi	2792783	S	79	7	86	0.00000
Nonlabens tegetincola	323273	S	25	4	29	0.00000
Nonlabens spongiae	331648	S	16	2	18	0.00000
Pricia antarctica	641691	S	58	0	58	0.00000
Antarcticibacterium flavum	2058175	S	32	4	36	0.00000
Altibacter sp.	2024823	S	25	0	25	0.00000
Altibacter lentus	1223410	S	13	1	14	0.00000
Mangrovimonas yunxiaonensis	1197477	S	36	4	40	0.00000
Marixanthomonas ophiurae	387659	S	19	7	26	0.00000
Croceibacter atlanticus	313588	S	31	2	33	0.00000
Cellulophaga sp. Hel_I_12	1249972	S	22	2	24	0.00000
Meridianimaribacter flavus	571115	S	29	3	32	0.00000
Gilvibacter sp.	2729997	S	21	9	30	0.00000
Sinomicrobium oceani	1150368	S	27	3	30	0.00000
Psychroflexus aestuariivivens	1795040	S	17	3	20	0.00000
Polaribacter sp. Hel1_33_78	1336804	S	16	1	17	0.00000
Lutibacter sp. B1	2725996	S	21	3	24	0.00000
Confluentibacter sediminis	2219045	S	20	3	23	0.00000
Aureicoccus marinus	754435	S	21	0	21	0.00000
Oceanihabitans sp. IOP_32	2529032	S	12	1	13	0.00000
Kordia sp.	1965332	S	16	3	19	0.00000
Haloflavibacter putidus	2576776	S	15	0	15	0.00000
Dokdonia pacifica	1627892	S	14	0	14	0.00000
Owenweeksia sp.	2024847	S	78527	2422	80949	0.00205
Owenweeksia hongkongensis	253245	S	18	1	19	0.00000
Flavobacteriales bacterium	2021391	S	16750	2206	18956	0.00048
Flavobacteriales bacterium UBA5081	1951031	S	251	18	269	0.00001
Flavobacteriales bacterium UBA7878	1951087	S	143	53	196	0.00000
Flavobacteriales bacterium UBA6770	1951056	S	126	7	133	0.00000
Flavobacteriales bacterium TMED123	1986721	S	43	89	132	0.00000
Flavobacteriales bacterium TMED113	1986662	S	36	2	38	0.00000
Flavobacteriales bacterium TMED191	1986723	S	35	1	36	0.00000
Flavobacteriales bacterium UBA7519	1951079	S	33	191	224	0.00001
Flavobacteriales bacterium 32-35-8	1970509	S	22	15	37	0.00000
Crocinitomicaceae bacterium	2026728	S	6781	934	7715	0.00020
Elizabethkingia bruuniana	1756149	S	1262	2920	4182	0.00011
Elizabethkingia anophelis	1117645	S	15	17	32	0.00000
Epilithonimonas bovis	421530	S	675	602	1277	0.00003
Epilithonimonas vandammei	2487072	S	89	481	570	0.00001
Epilithonimonas hominis	420404	S	50	267	317	0.00001
Epilithonimonas hispanica	358687	S	15	24	39	0.00000
Chryseobacterium sp. 36-9	1895905	S	43	27	70	0.00000
Chryseobacterium sp.	1871047	S	31	19	50	0.00000
Chryseobacterium indologenes	253	S	55	88	143	0.00000
Chryseobacterium geocarposphaerae	1416776	S	31	17	48	0.00000
Chryseobacterium shandongense	1493872	S	27	45	72	0.00000
Empedobacter falsenii	343874	S	69	89	158	0.00000
Candidatus Ornithobacterium hominis	2497989	S	13	2	15	0.00000
Cryomorphaceae bacterium	1898111	S	230	57	287	0.00001
Cryomorphaceae bacterium MED-G11	1986259	S	18	13	31	0.00000
uncultured Flavobacteriales bacterium	213322	S	152	24	176	0.00000
Salibacter halophilus	1803916	S	12	0	12	0.00000
Cytophagaceae bacterium	2026729	S	20760	3443	24203	0.00061
Cytophaga sp. FL35	1904456	S	389	205	594	0.00002
Roseivirga spongicola	333140	S	4592	271	4863	0.00012
Roseivirga pacifica	1267423	S	1168	57	1225	0.00003
Roseivirga thermotolerans	1758176	S	244	4	248	0.00001
Roseivirga seohaensis	1914963	S	74	16	90	0.00000
Algoriphagus iocasae	1836499	S	774	347	1121	0.00003
Algoriphagus algorifonticola	2593007	S	186	290	476	0.00001
Algoriphagus ornithinivorans	226506	S	175	227	402	0.00001
Cyclobacterium marinum	104	S	22	6	28	0.00000
Litoribacter ruber	702568	S	20	0	20	0.00000
Echinicola vietnamensis	390884	S	16	1	17	0.00000
Flammeovirgaceae bacterium	2026740	S	1542	304	1846	0.00005
uncultured Marinoscillum sp.	932004	S	1238	118	1356	0.00003
Marivirga lumbricoides	1046115	S	642	171	813	0.00002
Fulvivirga lutea	2810512	S	64	0	64	0.00000
Pontibacter actiniarum	323450	S	22	10	32	0.00000
Pseudopedobacter saltans	151895	S	14368	1905	16273	0.00041
Sphingobacterium multivorum	28454	S	38	47	85	0.00000
Sphingobacterium siyangense	459529	S	19	15	34	0.00000
Sphingobacteriales bacterium	2044944	S	92	4	96	0.00000
Sphingobacteriales bacterium 50-39	1895841	S	23	0	23	0.00000
uncultured Bacteroidetes bacterium	152509	S	14236	1685	15921	0.00040
Bacteroidota bacterium	1898104	S	8884	511	9395	0.00024
Bacteroidetes bacterium MED-G21	1986267	S	37	0	37	0.00000
Bacteroidetes bacterium SCGC AAA795-G10	2175803	S	20	24	44	0.00000
Bacteroidales bacterium	2030927	S	630	135	765	0.00002
Prevotella sp.	59823	S	28	16	44	0.00000
Prevotella disiens	28130	S	17	54	71	0.00000
Prevotellaceae bacterium UBA7017	1952525	S	23	15	38	0.00000
Hoylesella timonensis	386414	S	21	16	37	0.00000
Porphyromonas somerae	322095	S	16	33	49	0.00000
Paludibacter sp. UBA5753	1947025	S	20	1	21	0.00000
Paludibacteraceae bacterium	2748031	S	14	5	19	0.00000
uncultured Bacteroidales bacterium	194843	S	33	17	50	0.00000
uncultured Flavihumibacter sp.	1145287	S	214	52	266	0.00001
Chitinophagaceae bacterium	1869212	S	158	12	170	0.00000
Agriterribacter soli	2171976	S	19	4	23	0.00000
Sediminibacterium sp.	1917865	S	15	5	20	0.00000
Saprospiraceae bacterium UBA7328	1952882	S	30	0	30	0.00000
Saprospiraceae bacterium	2202734	S	20	13	33	0.00000
Rubrivirga sp. SAORIC476	1961794	S	50213	18072	68285	0.00173
Rubrivirga sp.	1885344	S	408	356	764	0.00002
Rubrivirga marina	1196024	S	388	186	574	0.00001
Rubricoccus marinus	716817	S	102	3	105	0.00000
Rhodothermaeota bacterium MED-G19	1986240	S	84	2	86	0.00000
Balneola sp.	2024824	S	135	20	155	0.00000
Balneolaceae bacterium	2053516	S	22	0	22	0.00000
Rhodohalobacter mucosus	2079485	S	24	0	24	0.00000
Gracilimonas amylolytica	1749045	S	13	2	15	0.00000
Candidatus Marinimicrobia bacterium	2026760	S	1774814	349376	2124190	0.05376
Candidatus Marinimicrobia bacterium UBA1611	1953216	S	127442	71508	198950	0.00504
Candidatus Marinimicrobia bacterium UBA7303	1953256	S	35360	14290	49650	0.00126
Candidatus Marinimicrobia bacterium UBA2125	1953217	S	5596	8714	14310	0.00036
Marinimicrobia bacterium SCGC AAA003-L08	939844	S	2596	19	2615	0.00007
uncultured Candidatus Marinimicrobia bacterium	195045	S	1796	758	2554	0.00006
Candidatus Marinimicrobia bacterium UBA7301	1953255	S	807	158	965	0.00002
Candidatus Marinimicrobia bacterium UBA6931	1953249	S	690	52	742	0.00002
Candidatus Marinimicrobia bacterium UBA1134	1953213	S	646	181	827	0.00002
Marinimicrobia bacterium TCS55	1781246	S	577	78	655	0.00002
Candidatus Marinimicrobia bacterium UBA6531	1953244	S	543	345	888	0.00002
Candidatus Marinimicrobia bacterium UBA7308	1953257	S	293	22	315	0.00001
Candidatus Marinimicrobia bacterium UBA2986	1953231	S	276	17	293	0.00001
Candidatus Marinimicrobia bacterium REDSEA-S14_B6	1811603	S	271	40	311	0.00001
Marinimicrobia bacterium SCGC AAA298-D23	939857	S	147	214	361	0.00001
Candidatus Marinimicrobia bacterium UBA7300	1953254	S	105	62	167	0.00000
Candidatus Marinimicrobia bacterium 408169	1958814	S	94	12	106	0.00000
Candidatus Marinimicrobia bacterium UBA2980	1953230	S	81	18	99	0.00000
Marinimicrobia bacterium SCGC AAA160-I06	1007123	S	16	10	26	0.00000
Gemmatimonadota bacterium	2026742	S	267355	64086	331441	0.00839
Gemmatimonadales bacterium UBA1120	1951099	S	22686	190966	213652	0.00541
Gemmatimonadales bacterium UBA7889	1951131	S	21117	97155	118272	0.00299
Gemmatimonadales bacterium UBA2988	1951110	S	3268	74	3342	0.00008
Gemmatimonadales bacterium UBA2989	1951111	S	810	350	1160	0.00003
Gemmatimonadales bacterium UBA1142	1951102	S	786	358	1144	0.00003
Gemmatimonadales bacterium UBA2982	1951109	S	728	10	738	0.00002
Gemmatimonadales bacterium UBA7835	1951129	S	362	523	885	0.00002
Gemmatimonadales bacterium UBA2960	1951105	S	116	386	502	0.00001
Gemmatimonadales bacterium UBA2975	1951107	S	14	33	47	0.00000
Gemmatimonadaceae bacterium	2026741	S	278	106	384	0.00001
Candidatus Latescibacteria bacterium	2053570	S	6025	712	6737	0.00017
Latescibacteria bacterium UBA6620	1948115	S	612	4	616	0.00002
Candidatus Hydrogenedentes bacterium	2030809	S	20	1	21	0.00000
SAR202 cluster bacterium	2030829	S	773318	349052	1122370	0.02841
SAR202 cluster bacterium AC-647-P02_OGT_505m	2587832	S	23088	6333	29421	0.00074
SAR202 cluster bacterium AC-647-N09_OGT_505m	2587833	S	5731	170	5901	0.00015
SAR202 cluster bacterium AC-409-J13_OGT_754m	2587834	S	2204	23	2227	0.00006
SAR202 cluster bacterium AD-804-J14_MRT_500m	2587836	S	1159	2	1161	0.00003
SAR202 cluster bacterium AG-426-M11	2162586	S	577	417	994	0.00003
SAR202 cluster bacterium Io17-Chloro-G6	1926615	S	123	2	125	0.00000
uncultured SAR202 cluster bacterium	648178	S	87	57	144	0.00000
SAR202 cluster bacterium Io17-Chloro-G4	1926613	S	44	0	44	0.00000
Chloroflexota bacterium	2026724	S	543410	54493	597903	0.01513
Chloroflexi bacterium UBA6622	1947840	S	1522	3929	5451	0.00014
Chloroflexi bacterium TMED70	1986676	S	62	116	178	0.00000
Chloroflexi bacterium TSY	2834438	S	14	23	37	0.00000
Dehalococcoidia bacterium	2026734	S	235222	24029	259251	0.00656
Dehalococcoidia bacterium UBA6495	1948511	S	54285	59196	113481	0.00287
Dehalococcoidia bacterium UBA1122	1948466	S	22094	1367	23461	0.00059
Dehalococcoidia bacterium UBA7891	1948532	S	17753	8103	25856	0.00065
Dehalococcoidia bacterium UBA1123	1948467	S	9377	7973	17350	0.00044
Dehalococcoidia bacterium UBA2158	1948480	S	3989	1594	5583	0.00014
Dehalococcoidia bacterium UBA1141	1948469	S	2976	469	3445	0.00009
Dehalococcoidia bacterium UBA1151	1948470	S	1711	145	1856	0.00005
Dehalococcoidia bacterium UBA1152	1948471	S	1278	414	1692	0.00004
Dehalococcoidia bacterium UBA1127	1948468	S	352	10	362	0.00001
Dehalococcoidia bacterium UBA6952	1948522	S	254	565	819	0.00002
Dehalococcoidia bacterium UBA7894	1948533	S	249	141	390	0.00001
Dehalococcoidia bacterium UBA1332	1948476	S	235	182	417	0.00001
Dehalococcoidia bacterium UBA6926	1948518	S	114	9	123	0.00000
Dehalococcoidia bacterium UBA2160	1948481	S	65	7	72	0.00000
Dehalococcoidia bacterium UBA2979	1948492	S	37	72	109	0.00000
Dehalococcoidia bacterium UBA6627	1948514	S	28	6	34	0.00000
uncultured Dehalococcoidales bacterium	2006128	S	374	45	419	0.00001
Dehalococcoidales bacterium	2026733	S	126	12	138	0.00000
Anaerolineales bacterium UBA1136	1950187	S	1641	199	1840	0.00005
Anaerolineales bacterium UBA3001	1950202	S	1257	2844	4101	0.00010
Anaerolineales bacterium UBA832	1950226	S	812	641	1453	0.00004
Anaerolineales bacterium UBA3499	1950205	S	376	702	1078	0.00003
Anaerolineaceae bacterium	2024896	S	21	3	24	0.00000
Microbacterium luteum	2782167	S	533899	814271	1348170	0.03412
Microbacterium sp. UBA1097	1946941	S	163645	194179	357824	0.00906
Microbacterium sp.	51671	S	57542	28083	85625	0.00217
Microbacterium sp. 67-17	1895782	S	1524	1554	3078	0.00008
Microbacterium sp. 5K110	2578104	S	571	557	1128	0.00003
Microbacterium sp. 10M-3C3	2483401	S	292	126	418	0.00001
Microbacterium sp. H83	1827324	S	52	43	95	0.00000
Microbacterium sp. CSI-V	1933777	S	49	27	76	0.00000
Microbacterium sp. AK009	2723068	S	46	11	57	0.00000
Microbacterium sp. TNHR37B	1775956	S	34	17	51	0.00000
Microbacterium sp. LCT-H2	1914306	S	25	58	83	0.00000
Microbacterium sp. BR1	1070896	S	23	28	51	0.00000
Microbacterium sp. PF5	2305435	S	15	8	23	0.00000
Microbacterium sp. NIBRBAC000506063	2734618	S	15	3	18	0.00000
Microbacterium schleiferi	69362	S	3219	2162	5381	0.00014
Microbacterium atlanticum	2782168	S	1156	377	1533	0.00004
Microbacterium ginsengisoli	400772	S	368	277	645	0.00002
Microbacterium profundi	450380	S	344	205	549	0.00001
Microbacterium chocolatum	84292	S	128	71	199	0.00001
Microbacterium aurum	36805	S	126	118	244	0.00001
Microbacterium helvum	2773713	S	92	35	127	0.00000
Microbacterium marinum	421115	S	83	75	158	0.00000
Microbacterium esteraromaticum	57043	S	82	34	116	0.00000
Microbacterium ihumii	2736605	S	63	69	132	0.00000
Microbacterium telephonicum	1714841	S	62	25	87	0.00000
Microbacterium lacticum	33885	S	39	55	94	0.00000
Microbacterium oleivorans	273677	S	34	13	47	0.00000
Microbacterium enclense	993073	S	23	11	34	0.00000
Microbacterium imperiale	33884	S	22	10	32	0.00000
Microbacterium paraoxydans	199592	S	22	36	58	0.00000
Microbacterium pumilum	344165	S	13	2	15	0.00000
Microbacterium paulum	2707006	S	12	12	24	0.00000
Leucobacter sp. wl10	2304677	S	10556	5522	16078	0.00041
Leucobacter sp. UBA1945	1946755	S	57	6	63	0.00000
Leucobacter sp. Ag1	1642040	S	13	3	16	0.00000
Leucobacter triazinivorans	1784719	S	529	120	649	0.00002
Leucobacter exalbidus	662960	S	53	5	58	0.00000
Chryseoglobus indicus	2750620	S	1278	2484	3762	0.00010
Gulosibacter massiliensis	2479839	S	655	551	1206	0.00003
Microbacteriaceae bacterium UBA1487	1952239	S	559	573	1132	0.00003
Cnuibacter physcomitrellae	1619308	S	321	70	391	0.00001
Marinisubtilis pacificus	2591847	S	250	477	727	0.00002
Agrococcus sp. KRD186	2729730	S	48	32	80	0.00000
Yonghaparkia alkaliphila	355930	S	21	10	31	0.00000
uncultured Schumannella sp.	1195956	S	17	10	27	0.00000
Brevibacterium sp. W7.2	2823518	S	16584	35800	52384	0.00133
Brevibacterium sp. XM4083	2583238	S	859	2090	2949	0.00007
Brevibacterium sp. CS2	2575923	S	49	75	124	0.00000
Brevibacterium sp. HMSC07C04	1581130	S	33	14	47	0.00000
Brevibacterium casei	33889	S	3420	3933	7353	0.00019
Brevibacterium ihuae	1631743	S	82	89	171	0.00000
Brevibacterium mcbrellneri	53363	S	32	17	49	0.00000
Brevibacterium paucivorans	170994	S	27	15	42	0.00000
Sediminivirga luteola	1774748	S	2216	1636	3852	0.00010
Kocuria palustris	71999	S	2363	1816	4179	0.00011
Kocuria polaris	136273	S	257	252	509	0.00001
Kocuria marina	223184	S	91	96	187	0.00000
Kocuria rhizophila	72000	S	80	74	154	0.00000
Kocuria flava	446860	S	62	59	121	0.00000
Kocuria turfanensis	388357	S	49	36	85	0.00000
Kocuria rosea	1275	S	47	65	112	0.00000
Micrococcus luteus	1270	S	190	300	490	0.00001
Micrococcus endophyticus	455343	S	137	194	331	0.00001
Micrococcus flavus	384602	S	18	13	31	0.00000
Micrococcus terreus	574650	S	16	9	25	0.00000
Rothia kristinae	37923	S	64	35	99	0.00000
Rothia dentocariosa	2047	S	41	16	57	0.00000
Rothia aeria	172042	S	21	7	28	0.00000
Rothia mucilaginosa	43675	S	12	43	55	0.00000
Haematomicrobium sanguinis	479106	S	30	8	38	0.00000
Tersicoccus solisilvae	1882339	S	13	14	27	0.00000
Pseudoglutamicibacter albus	98671	S	14	6	20	0.00000
Neomicrococcus lactis	732241	S	12	4	16	0.00000
Ornithinimicrobium sp. CNJ-824	1904966	S	864	403	1267	0.00003
Ornithinimicrobium flavum	1288636	S	23	14	37	0.00000
Serinicoccus chungangensis	767452	S	426	278	704	0.00002
Serinicoccus marinus	247333	S	216	172	388	0.00001
Serinicoccus sediminis	2306021	S	33	20	53	0.00000
Serinicoccus hydrothermalis	1758689	S	17	12	29	0.00000
Brachybacterium paraconglomeratum	173362	S	738	1064	1802	0.00005
Brachybacterium muris	219301	S	42	169	211	0.00001
Brachybacterium timonense	2050896	S	23	13	36	0.00000
Brachybacterium epidermidis	2781983	S	17	34	51	0.00000
Brachybacterium squillarum	661979	S	17	12	29	0.00000
Brachybacterium massiliense	1755098	S	14	20	34	0.00000
Janibacter indicus	857417	S	182	110	292	0.00001
Janibacter melonis	262209	S	83	26	109	0.00000
Janibacter limosus	53458	S	19	7	26	0.00000
Tetrasphaera australiensis	99480	S	126	51	177	0.00000
Knoellia remsis	407159	S	108	66	174	0.00000
Phycicoccus elongatus	101689	S	55	15	70	0.00000
Marihabitans asiaticum	415218	S	40	14	54	0.00000
Kytococcus sedentarius	1276	S	476	349	825	0.00002
Micrococcales bacterium	2026762	S	268	103	371	0.00001
Micrococcales bacterium 72-143	1895790	S	169	136	305	0.00001
Micrococcales bacterium 32-70-13	1970540	S	29	135	164	0.00000
Micrococcales bacterium UBA3913	1951170	S	18	1	19	0.00000
Demequina sp. NBRC 110052	1570341	S	292	151	443	0.00001
Demequina activiva	1582364	S	18	8	26	0.00000
Demequina iriomotensis	1536641	S	14	24	38	0.00000
Calidifontibacter indicus	419650	S	28	12	40	0.00000
Calidifontibacter sp. DB2511S	2732509	S	13	9	22	0.00000
Dermacoccus nishinomiyaensis	1274	S	24	12	36	0.00000
Georgenia muralis	154117	S	53	12	65	0.00000
Cellulomonas hominis	156981	S	22	21	43	0.00000
Piscicoccus intestinalis	746033	S	34	10	44	0.00000
Mycobacterium sp. PO1	1882219	S	12791	31050	43841	0.00111
Mycobacterium sp. shizuoka-1	2039281	S	65	92	157	0.00000
Mycobacterium sp. MS1601	1936029	S	27	6	33	0.00000
Mycobacterium sp. ST-F2	1490484	S	14	42	56	0.00000
Mycobacterium frederiksbergense	117567	S	24	39	63	0.00000
Mycobacterium gordonae	1778	S	18	10	28	0.00000
Mycobacterium palauense	2034511	S	16	5	21	0.00000
Mycolicibacterium poriferae	39694	S	4058	9654	13712	0.00035
Mycolicibacterium chlorophenolicum	37916	S	572	1644	2216	0.00006
Mycolicibacterium flavescens	1776	S	502	1067	1569	0.00004
Mycolicibacterium hippocampi	659824	S	280	175	455	0.00001
Mycolicibacterium vinylchloridicum	2736928	S	178	316	494	0.00001
Mycolicibacterium wolinskyi	59750	S	175	62	237	0.00001
Mycolicibacterium obuense	1807	S	151	67	218	0.00001
Mycolicibacterium novocastrense	59813	S	125	430	555	0.00001
Mycolicibacterium phocaicum	319706	S	110	341	451	0.00001
Mycolicibacterium gilvum	1804	S	77	137	214	0.00001
Mycolicibacterium neoaurum	1795	S	47	14	61	0.00000
Mycolicibacterium sp. TY81	2759662	S	29	114	143	0.00000
Mycolicibacterium rufum	318424	S	38	41	79	0.00000
Mycolicibacterium smegmatis	1772	S	30	22	52	0.00000
Mycolicibacterium duvalii	39688	S	21	14	35	0.00000
Mycolicibacterium iranicum	912594	S	16	9	25	0.00000
Mycolicibacterium agri	36811	S	16	5	21	0.00000
Mycolicibacterium vanbaalenii	110539	S	15	11	26	0.00000
Mycolicibacterium peregrinum	43304	S	15	17	32	0.00000
Williamsia muralis	85044	S	1429	4008	5437	0.00014
Williamsia marianensis	322609	S	57	81	138	0.00000
Rhodococcus kroppenstedtii	293050	S	402	208	610	0.00002
Rhodococcus fascians	1828	S	377	363	740	0.00002
Rhodococcus sp. SBT000017	1803385	S	38	130	168	0.00000
Rhodococcus qingshengii	334542	S	29	32	61	0.00000
Rhodococcus pyridinivorans	103816	S	13	19	32	0.00000
Gordonia sp. (in: high G+C Gram-positive bacteria)	84139	S	3660	1432	5092	0.00013
Gordonia terrae	2055	S	107	43	150	0.00000
Gordonia bronchialis	2054	S	24	7	31	0.00000
Gordonia polyisoprenivorans	84595	S	21	6	27	0.00000
Gordonia aichiensis	36820	S	16	3	19	0.00000
Gordonia sputi	36823	S	12	3	15	0.00000
Skermania sp. ID1734	2597516	S	37	9	46	0.00000
Corynebacterium tuberculostearicum	38304	S	312	743	1055	0.00003
Corynebacterium kefirresidentii	1979527	S	177	637	814	0.00002
Corynebacterium sp. Marseille-P3884	2495409	S	19	13	32	0.00000
Corynebacterium sp. HMSC078H07	1739379	S	19	73	92	0.00000
Corynebacterium gottingense	2041036	S	52	26	78	0.00000
Corynebacterium jeikeium	38289	S	48	102	150	0.00000
Corynebacterium singulare	161899	S	46	61	107	0.00000
Corynebacterium accolens	38284	S	43	67	110	0.00000
Corynebacterium kroppenstedtii	161879	S	41	3	44	0.00000
Corynebacterium appendicis	163202	S	32	30	62	0.00000
Corynebacterium tuscaniense	302449	S	31	30	61	0.00000
Corynebacterium genitalium	38288	S	28	36	64	0.00000
Corynebacterium mucifaciens	57171	S	26	17	43	0.00000
Corynebacterium pyruviciproducens	598660	S	25	9	34	0.00000
Corynebacterium amycolatum	43765	S	23	24	47	0.00000
Corynebacterium minutissimum	38301	S	23	49	72	0.00000
Corynebacterium afermentans	38286	S	20	31	51	0.00000
Corynebacterium otitidis	29321	S	18	3	21	0.00000
Corynebacterium haemomassiliense	2754726	S	17	53	70	0.00000
Corynebacterium aurimucosum	169292	S	15	30	45	0.00000
Corynebacterium durum	61592	S	12	0	12	0.00000
Corynebacterium matruchotii	43768	S	12	0	12	0.00000
Corynebacterium coyleae	53374	S	12	9	21	0.00000
Dietzia maris	37915	S	147	150	297	0.00001
Dietzia cinnamea	321318	S	29	27	56	0.00000
Dietzia cercidiphylli	498199	S	16	26	42	0.00000
Dietzia natronolimnaea	161920	S	15	26	41	0.00000
Lawsonella clevelandensis	1528099	S	369	145	514	0.00001
Tsukamurella pulmonis	47312	S	13	54	67	0.00000
Corynebacteriales bacterium	1957017	S	59	60	119	0.00000
Cutibacterium acnes	1747	S	6481	8923	15404	0.00039
Cutibacterium namnetense	1574624	S	462	128	590	0.00001
Cutibacterium granulosum	33011	S	429	96	525	0.00001
Cutibacterium modestum	2559073	S	80	20	100	0.00000
Cutibacterium avidum	33010	S	58	10	68	0.00000
Tessaracoccus flavus	1610493	S	135	63	198	0.00001
Nocardioides sp.	35761	S	1534	1026	2560	0.00006
Nocardioides sp. REDSEA-S33_B3	1811554	S	470	635	1105	0.00003
Nocardioides sp. Root140	1736460	S	105	87	192	0.00000
Nocardioides marinus	374514	S	1292	1513	2805	0.00007
Nocardioides salarius	374513	S	145	164	309	0.00001
Nocardioides currus	2133958	S	43	24	67	0.00000
Nocardioides soli	1036020	S	18	13	31	0.00000
Pimelobacter sp.	51662	S	457	606	1063	0.00003
Micropruina sp.	2737536	S	139	35	174	0.00000
Marmoricola caldifontis	2588938	S	14	4	18	0.00000
uncultured Candidatus Actinomarina sp.	1985113	S	5564	5826	11390	0.00029
Candidatus Actinomarinales bacterium	2510331	S	22	151	173	0.00000
Actinomycetia bacterium	1883427	S	3925	1260	5185	0.00013
OCS155 cluster bacterium AG-333-G23	2162605	S	599	1220	1819	0.00005
OCS155 cluster bacterium AG-422-J23	2162608	S	165	1140	1305	0.00003
OCS155 cluster bacterium AG-426-D23	2162610	S	156	210	366	0.00001
OCS155 cluster bacterium AG-349-E07	2162613	S	151	416	567	0.00001
marine actinobacterium MedAcidi-G1	1550399	S	88	27	115	0.00000
actinobacterium SCGC AAA015-D07	939195	S	31	280	311	0.00001
Blastococcus sp. DSM 46838	1798228	S	78	99	177	0.00000
Blastococcus sp. TML/M2B	2798727	S	77	187	264	0.00001
Streptomyces sp. P3	2135430	S	23	20	43	0.00000
Streptomyces sp. SirexAA-E	862751	S	18	13	31	0.00000
Streptomyces cinereus	1955	S	24	68	92	0.00000
Streptomyces mutabilis	67332	S	17	30	47	0.00000
Kitasatospora arboriphila	258052	S	117	278	395	0.00001
Actinomyces oris	544580	S	38	106	144	0.00000
Varibaculum prostatecancerukia	2811781	S	31	38	69	0.00000
Actinomycetales bacterium	1911520	S	75	14	89	0.00000
Nakamurella multipartita	53461	S	296	41	337	0.00001
Nakamurella aerolata	1656892	S	15	1	16	0.00000
Epidermidibacterium keratini	1891644	S	71	23	94	0.00000
Sphaerisporangium cinnabarinum	47482	S	15	48	63	0.00000
Actinomadura cremea	1991	S	27	15	42	0.00000
Acidimicrobiaceae bacterium	2024894	S	242472	77939	320411	0.00811
Acidimicrobiales bacterium	2201156	S	55307	24947	80254	0.00203
Acidimicrobiales bacterium AG-410-I20	2162614	S	146	33	179	0.00000
Acidimicrobiales bacterium AG-414-N20	2162616	S	59	36	95	0.00000
Candidatus Microthrix sp. UBA2110	1946164	S	23136	59810	82946	0.00210
Candidatus Microthrix sp. UBA4542	1946188	S	20474	11913	32387	0.00082
Candidatus Microthrix sp. UBA7388	1946207	S	1813	76	1889	0.00005
Candidatus Microthrix sp. UBA814	1946218	S	794	236	1030	0.00003
Candidatus Microthrix sp. UBA3125	1946176	S	425	669	1094	0.00003
Candidatus Microthrix sp. UBA881	1946223	S	287	255	542	0.00001
Candidatus Microthrix sp. UBA672	1946197	S	282	284	566	0.00001
Candidatus Microthrix sp. UBA2131	1946167	S	277	332	609	0.00002
Candidatus Microthrix sp. UBA2974	1946174	S	152	15	167	0.00000
Candidatus Microthrix sp. UBA825	1946219	S	40	8	48	0.00000
Candidatus Microthrix sp. UBA2983	1946175	S	30	18	48	0.00000
Candidatus Microthrix sp. UBA7884	1946214	S	16	36	52	0.00000
Candidatus Microthrix sp. UBA6944	1946199	S	14	8	22	0.00000
Ilumatobacteraceae bacterium	2497619	S	3302	2064	5366	0.00014
Acidimicrobiia bacterium	2080302	S	6765	2217	8982	0.00023
Eggerthellaceae bacterium	1972561	S	132	20	152	0.00000
Synechococcus sp. M16.1	1442553	S	1968	25997	27965	0.00071
Synechococcus sp. CC9605	110662	S	1184	7563	8747	0.00022
Synechococcus sp. ARS1019	2024878	S	570	532	1102	0.00003
Synechococcus sp.	1131	S	517	2036	2553	0.00006
Synechococcus sp. WH 8020	32052	S	501	1745	2246	0.00006
Synechococcus sp. A18-25c	1866938	S	329	549	878	0.00002
Synechococcus sp. KORDI-52	585425	S	265	1123	1388	0.00004
Synechococcus sp. RS9916	221359	S	212	414	626	0.00002
Synechococcus sp. AG-670-F04	2161942	S	172	67	239	0.00001
Synechococcus sp. KORDI-100	1280380	S	158	209	367	0.00001
Synechococcus sp. CO36386bin_37	2698759	S	124	82	206	0.00001
Synechococcus sp. AG-670-B23	2161940	S	108	174	282	0.00001
Synechococcus sp. AG-679-C18	2161967	S	81	44	125	0.00000
Synechococcus sp. WH 8109	166314	S	75	716	791	0.00002
Synechococcus sp. CC9616	110663	S	72	87	159	0.00000
Synechococcus sp. UW69	368493	S	54	270	324	0.00001
Synechococcus sp. NOUM97013	1442555	S	46	100	146	0.00000
Synechococcus sp. PROS-U-1	1400866	S	43	268	311	0.00001
Synechococcus sp. MIT S9220	166309	S	40	365	405	0.00001
Synechococcus sp. KORDI-49	585423	S	30	82	112	0.00000
Synechococcus sp. RCC307	316278	S	28	66	94	0.00000
Synechococcus sp. CO36386bin_29	2698758	S	27	90	117	0.00000
Synechococcus sp. CPC35	2024880	S	27	63	90	0.00000
Synechococcus sp. UW105	337067	S	25	244	269	0.00001
Synechococcus sp. TMED19	1986596	S	22	44	66	0.00000
Synechococcus sp. BS301-5m-G53	2781763	S	21	242	263	0.00001
Synechococcus sp. AG-670-A05	2161938	S	17	21	38	0.00000
Synechococcus sp. PL34863bin_39	2698761	S	15	57	72	0.00000
Synechococcus sp. BIOS-E4-1	1400864	S	14	47	61	0.00000
Synechococcus sp. LTW-R	2751170	S	13	91	104	0.00000
uncultured Synechococcaceae cyanobacterium	1665021	S	54	7453	7507	0.00019
Prochlorococcus sp. AG-418-C09	2162504	S	434	357	791	0.00002
Prochlorococcus sp. AG-418-J17	2162282	S	36	6105	6141	0.00016
Prochlorococcus sp. AG-418-M08	2162287	S	28	202	230	0.00001
Prochlorococcus sp. AG-686-P16	2162219	S	22	213	235	0.00001
Prochlorococcus sp. AG-402-O21	2162099	S	17	77	94	0.00000
Prochlorococcus sp. AG-412-I05	2162496	S	14	63	77	0.00000
Prochlorococcus sp. AG-442-M23	2162323	S	12	115	127	0.00000
Prochlorococcus sp. AG-402-M15	2162092	S	12	473	485	0.00001
Prochlorococcus sp. AG-409-L21	2162492	S	12	7	19	0.00000
uncultured Prochlorococcus sp.	159733	S	394	27102	27496	0.00070
Prochlorococcus marinus	1219	S	181	7786	7967	0.00020
Cyanobium sp. NAT70	2024872	S	284	274	558	0.00001
Cyanobium sp. ARS6	2024869	S	40	114	154	0.00000
cyanobiont of Ornithocercus magnificus	2496102	S	28	12	40	0.00000
Anabaena sp. FACHB-1237	2692769	S	150	43	193	0.00000
Aulosira sp. FACHB-615	2692777	S	95	23	118	0.00000
Trichodesmium erythraeum	1206	S	19	14	33	0.00000
Candidatus Atelocyanobacterium thalassa	713887	S	23	33	56	0.00000
Candidatus Melainabacteria bacterium	2052166	S	188	44	232	0.00001
Candidatus Margulisbacteria bacterium	2053573	S	70	5	75	0.00000
Candidatus Marinamargulisbacteria bacterium SCGC AG-343-D04	2184343	S	45	1	46	0.00000
Candidatus Saganbacteria bacterium	2575572	S	53	1	54	0.00000
Staphylococcus epidermidis	1282	S	1497	2231	3728	0.00009
Staphylococcus hominis	1290	S	1326	586	1912	0.00005
Staphylococcus aureus	1280	S	1181	2628	3809	0.00010
Staphylococcus capitis	29388	S	531	196	727	0.00002
Staphylococcus saprophyticus	29385	S	427	332	759	0.00002
Staphylococcus haemolyticus	1283	S	380	791	1171	0.00003
Staphylococcus saccharolyticus	33028	S	302	75	377	0.00001
Staphylococcus arlettae	29378	S	245	82	327	0.00001
Staphylococcus warneri	1292	S	202	266	468	0.00001
Staphylococcus cohnii	29382	S	120	138	258	0.00001
Staphylococcus equorum	246432	S	45	32	77	0.00000
Staphylococcus sp. M0911	2025492	S	38	47	85	0.00000
Staphylococcus ureilyticus	94138	S	35	35	70	0.00000
Staphylococcus auricularis	29379	S	32	4	36	0.00000
Staphylococcus argenteus	985002	S	30	30	60	0.00000
Staphylococcus borealis	2742203	S	26	13	39	0.00000
Staphylococcus massiliensis	555791	S	17	2	19	0.00000
Staphylococcus schweitzeri	1654388	S	16	16	32	0.00000
Salinicoccus roseus	45670	S	2720	891	3611	0.00009
Salinicoccus luteus	367840	S	143	36	179	0.00000
Salinicoccus cyprini	2493691	S	45	6	51	0.00000
Salinicoccus qingdaonensis	576118	S	17	7	24	0.00000
Salinicoccus sediminis	1432562	S	17	9	26	0.00000
Jeotgalicoccus marinus	516700	S	57	8	65	0.00000
Jeotgalicoccus aerolatus	709510	S	41	12	53	0.00000
Abyssicoccus albus	1817405	S	51	12	63	0.00000
Macrococcus caseolyticus	69966	S	22	9	31	0.00000
Mammaliicoccus sciuri	1296	S	12	1	13	0.00000
Marinococcus halotolerans	301092	S	220	583	803	0.00002
Marinococcus halophilus	1371	S	95	142	237	0.00001
Marinococcus luteus	1122204	S	16	35	51	0.00000
Metabacillus litoralis	152268	S	107	174	281	0.00001
Virgibacillus profundi	2024555	S	66	5	71	0.00000
Bacillus sp. AFS040349	2033502	S	29	80	109	0.00000
Salimicrobium halophilum	86666	S	24	13	37	0.00000
Halobacillus aidingensis	240303	S	15	11	26	0.00000
Jeotgalibacillus malaysiensis	1508404	S	96	27	123	0.00000
Jeotgalibacillus alimentarius	135826	S	32	13	45	0.00000
Planococcus citreus	1373	S	25	87	112	0.00000
Planomicrobium okeanokoites	244	S	35	6	41	0.00000
Tetzosporium hominis	2020506	S	13	14	27	0.00000
Alicyclobacillus ferrooxydans	471514	S	12	0	12	0.00000
Streptococcus thermophilus	1308	S	46	161	207	0.00001
Streptococcus sanguinis	1305	S	25	102	127	0.00000
Streptococcus mitis	28037	S	12	353	365	0.00001
Lactococcus cremoris	1359	S	92	117	209	0.00001
Lactococcus lactis	1358	S	60	51	111	0.00000
Aerococcus viridans	1377	S	146	322	468	0.00001
Aerococcus sp. UBA6277	1945961	S	32	77	109	0.00000
Marinilactibacillus piezotolerans	258723	S	310	77	387	0.00001
Alkalibacterium putridalgicola	426703	S	133	29	162	0.00000
Carnobacterium divergens	2748	S	12	1	13	0.00000
Desemzia incerta	82801	S	14	1	15	0.00000
Lactobacillus crispatus	47770	S	76	60	136	0.00000
Leuconostoc carnosum	1252	S	23	26	49	0.00000
Weissella viridescens	1629	S	17	1	18	0.00000
Latilactobacillus sakei	1599	S	12	5	17	0.00000
Bacilli bacterium	1903720	S	49	31	80	0.00000
Oscillospiraceae bacterium	2485925	S	327	53	380	0.00001
Ruminococcus flavefaciens	1265	S	22	4	26	0.00000
[Clostridium] leptum	1535	S	53	45	98	0.00000
Ructibacterium gallinarum	2779355	S	22	3	25	0.00000
Lachnospiraceae bacterium	1898203	S	34	22	56	0.00000
Blautia obeum	40520	S	12	47	59	0.00000
Lachnoclostridium sp. UBA6558	1946697	S	20	9	29	0.00000
uncultured Dorea sp.	286138	S	19	23	42	0.00000
uncultured Lachnospiraceae bacterium	297314	S	15	11	26	0.00000
uncultured Eubacteriales bacterium	172733	S	90	34	124	0.00000
Clostridium beijerinckii	1520	S	16	21	37	0.00000
Syntrophomonadaceae bacterium	2093811	S	26	3	29	0.00000
Clostridiales bacterium	1898207	S	15	4	19	0.00000
Clostridia bacterium	2044939	S	28	4	32	0.00000
Anaerococcus octavius	54007	S	58	71	129	0.00000
Anaerococcus nagyae	1755241	S	30	17	47	0.00000
Anaerococcus sp. Marseille-P3915	2057799	S	20	43	63	0.00000
Peptoniphilus lacydonensis	1673725	S	71	85	156	0.00000
Peptoniphilus harei	54005	S	17	50	67	0.00000
Peptoniphilus lacrimalis	33031	S	12	31	43	0.00000
Finegoldia magna	1260	S	71	187	258	0.00001
Firmicutes bacterium UBA6226	1948091	S	28	14	42	0.00000
uncultured Firmicutes bacterium	344338	S	27	27	54	0.00000
Mycoplasmataceae bacterium	2685873	S	300	48	348	0.00001
Mycoplasmatales bacterium	2023991	S	249	20	269	0.00001
Trueperaceae bacterium	2026798	S	214	25	239	0.00001
Deinococcus radiophilus	32062	S	17	23	40	0.00000
Deinococcus aquatilis	519440	S	13	9	22	0.00000
SAR324 cluster bacterium SAR324-CTD7B	1795556	S	512244	2665619	3177863	0.08043
uncultured SAR324 cluster bacterium	179114	S	254258	349098	603356	0.01527
SAR324 cluster bacterium REDSEA-S27_B3	1811637	S	30026	2641	32667	0.00083
SAR324 cluster bacterium	2024889	S	4942	231	5173	0.00013
SAR324 cluster bacterium lautmerah10	1764262	S	2486	789	3275	0.00008
SAR324 cluster bacterium JCVI-SC AAA005	1073573	S	272	193	465	0.00001
Deltaproteobacteria bacterium	2026735	S	135969	12794	148763	0.00377
Deltaproteobacteria bacterium TMED58	1986674	S	179	20	199	0.00001
Deltaproteobacteria bacterium UBA6930	1948562	S	27	1	28	0.00000
Deltaproteobacteria bacterium HGW-Deltaproteobacteria-17	2013744	S	21	7	28	0.00000
Planctomycetota bacterium	2026780	S	374402	32738	407140	0.01030
Planctomycetes bacterium UBA1662	1948126	S	16884	24207	41091	0.00104
Planctomycetes bacterium UBA1135	1948124	S	2561	488	3049	0.00008
Planctomycetes bacterium UBA1146	1948125	S	33	15	48	0.00000
Planctomycetes bacterium UBA7888	1948130	S	15	0	15	0.00000
Planctomycetaceae bacterium	2026779	S	321181	18746	339927	0.00860
Planctomycetaceae bacterium TMED10	1986833	S	342	32	374	0.00001
Planctomycetaceae bacterium UBA7805	1952745	S	21	2	23	0.00000
Fuerstiella sp.	1936112	S	187	3	190	0.00000
Rubinisphaera brasiliensis	119	S	31	0	31	0.00000
Rhodopirellula sp.	2024855	S	5052	1074	6126	0.00016
Blastopirellula marina	124	S	873	65	938	0.00002
Blastopirellula sp.	2024826	S	294	29	323	0.00001
Mariniblastus sp.	2005381	S	720	71	791	0.00002
Rubripirellula sp.	1973111	S	547	43	590	0.00001
Roseiconus lacunae	2605694	S	63	4	67	0.00000
Bremerella alba	980252	S	37	1	38	0.00000
Roseimaritima sediminicola	2662066	S	24	0	24	0.00000
Pirellulaceae bacterium	2699754	S	15	0	15	0.00000
Pirellulales bacterium	2715253	S	2061	62	2123	0.00005
Planctomycetia bacterium TMED53	1986839	S	14	8	22	0.00000
Phycisphaerae bacterium	2026778	S	15364	1711	17075	0.00043
Phycisphaerales bacterium	2052180	S	1505	121	1626	0.00004
Phycisphaerales bacterium UBA854	1951209	S	703	873	1576	0.00004
Phycisphaerales bacterium UBA7812	1951207	S	256	38	294	0.00001
Phycisphaeraceae bacterium	2026777	S	1153	98	1251	0.00003
Phycisphaera sp. TMED24	1986832	S	33	29	62	0.00000
Candidatus Scalindua sp.	2268189	S	22	1	23	0.00000
uncultured Planctomycetota bacterium	120965	S	24	3	27	0.00000
Verrucomicrobiota bacterium	2026799	S	181472	72292	253764	0.00642
Verrucomicrobia bacterium UBA673	1948281	S	1677	11286	12963	0.00033
Verrucomicrobia bacterium Opi.OSU.00C	2067063	S	802	12	814	0.00002
Verrucomicrobia bacterium UBA6775	1948282	S	392	2196	2588	0.00007
Verrucomicrobia bacterium UBA2970	1948249	S	65	8	73	0.00000
Verrucomicrobiales bacterium	2026801	S	64163	35123	99286	0.00251
Roseibacillus sp.	2024856	S	11975	17017	28992	0.00073
Verrucomicrobiaceae bacterium	2026800	S	39	12	51	0.00000
Verrucomicrobiaceae bacterium TMED86	1986881	S	12	39	51	0.00000
Akkermansiaceae bacterium UBA7890	1951374	S	845	1657	2502	0.00006
Akkermansiaceae bacterium UBA1506	1951351	S	21	20	41	0.00000
Akkermansiaceae bacterium	2562705	S	15	16	31	0.00000
Pedosphaera sp.	2024890	S	473	186	659	0.00002
Verrucomicrobia subdivision 3 bacterium	2052186	S	188	48	236	0.00001
uncultured Verrucomicrobiales bacterium	100234	S	12	16	28	0.00000
Verrucomicrobiae bacterium	2499141	S	431	297	728	0.00002
Opitutae bacterium UBA1116	1948703	S	6638	108	6746	0.00017
Opitutae bacterium	2026771	S	2221	900	3121	0.00008
Opitutae bacterium UBA7876	1948743	S	237	7	244	0.00001
Opitutae bacterium ISCC 53	2684113	S	15	13	28	0.00000
Opitutales bacterium UBA7389	1951181	S	164	18	182	0.00000
Opitutales bacterium UBA2995	1951177	S	147	5	152	0.00000
Opitutales bacterium	2026772	S	127	40	167	0.00000
uncultured Opitutales bacterium	592834	S	170	34	204	0.00001
Opitutaceae bacterium	2006848	S	48	6	54	0.00000
Candidatus Moanabacter tarae	2200854	S	321	1	322	0.00001
Puniceicoccaceae bacterium	2026784	S	239	72	311	0.00001
uncultured Verrucomicrobiota bacterium	156588	S	1101	425	1526	0.00004
Waddliaceae bacterium	2026802	S	142	9	151	0.00000
Simkaniaceae bacterium	2698248	S	12	1	13	0.00000
Chlamydiia bacterium	2052156	S	63	2	65	0.00000
uncultured Chlamydiae bacterium	305355	S	23	1	24	0.00000
Kiritimatiellia bacterium	2212473	S	15	8	23	0.00000
Acidobacteriota bacterium	1978231	S	378099	29413	407512	0.01031
Acidobacteria bacterium UBA2994	1953106	S	16928	28812	45740	0.00116
Acidobacteria bacterium UBA2999	1953107	S	6238	580	6818	0.00017
Acidobacteria bacterium UBA2990	1953105	S	2087	1073	3160	0.00008
Acidobacteria bacterium UBA823	1953113	S	982	443	1425	0.00004
Acidobacteria bacterium UBA2161	1953103	S	51	53	104	0.00000
Acidobacteriia bacterium UBA6623	1948748	S	880	184	1064	0.00003
Kocuria sp. cx-455	2771377	S	216	180	396	0.00001
uncultured Acidobacteriota bacterium	171953	S	21	1	22	0.00000
Candidatus Poribacteria bacterium	2026781	S	298855	10406	309261	0.00783
Candidatus Saccharibacteria bacterium	2026720	S	37704	2286	39990	0.00101
Candidatus Saccharibacteria bacterium GW2011_GWC2_44_17	1619070	S	26	0	26	0.00000
Candidatus Saccharibacteria bacterium UBA6572	1953369	S	16	1	17	0.00000
Candidatus Uhrbacteria bacterium	2053634	S	19378	1100	20478	0.00052
Parcubacteria group bacterium	2026774	S	695	77	772	0.00002
Candidatus Magasanikbacteria bacterium	2026717	S	106	2	108	0.00000
Candidatus Paceibacter sp.	2715251	S	14	4	18	0.00000
Patescibacteria group bacterium UBA3527	1948812	S	128	0	128	0.00000
Patescibacteria group bacterium	2052139	S	71	4	75	0.00000
Patescibacteria group bacterium UBA3466	1948809	S	18	0	18	0.00000
Candidatus Woesebacteria bacterium	2026804	S	48	0	48	0.00000
Candidatus Roizmanbacteria bacterium RIFCSPLOWO2_01_FULL_41_22	1802067	S	13	0	13	0.00000
Candidatus Dadabacteria bacterium UBA1144	1953208	S	1035	83	1118	0.00003
Candidatus Dependentiae bacterium	2030827	S	351	19	370	0.00001
Candidatus Babela massiliensis	673862	S	57	0	57	0.00000
bacterium UBP7_UBA7824	1953441	S	77	14	91	0.00000
bacterium UBP10_UBA1149	1953411	S	13	9	22	0.00000
Candidatus Peribacter sp. UBA6535	1961374	S	53	0	53	0.00000
Candidatus Peregrinibacteria bacterium	2030811	S	19	0	19	0.00000
Candidatus Binatota bacterium	2528255	S	14	11	25	0.00000
Candidatus Nitromaritima sp. SCGC AAA288-L16	913337	S	117479	32074	149553	0.00379
Nitrospina sp.	2024844	S	34972	13112	48084	0.00122
Nitrospina sp. LS_NOB	1671875	S	105	45	150	0.00000
uncultured Nitrospinaceae bacterium	407034	S	712	545	1257	0.00003
Nitrospinaceae bacterium	2358456	S	531	145	676	0.00002
Nitrospinaceae bacterium UBA7883	1953054	S	99	3	102	0.00000
Nitrospinaceae bacterium UBA3496	1953053	S	42	12	54	0.00000
Nitrospinota bacterium	2026769	S	121	16	137	0.00000
uncultured Nitrospinota bacterium	2448460	S	61	9	70	0.00000
Micavibrio sp.	2024841	S	45249	6845	52094	0.00132
Micavibrio sp. TMED2	1986633	S	13921	11243	25164	0.00064
Micavibrio sp. UBA2638	1946917	S	244	66	310	0.00001
Micavibrio sp. UBA2137	1946913	S	187	31	218	0.00001
Micavibrio sp. UBA1664	1946907	S	99	13	112	0.00000
Micavibrio sp. TMED27	1986607	S	92	66	158	0.00000
Pseudobdellovibrionaceae bacterium	2026715	S	3521	67	3588	0.00009
Bdellovibrionaceae bacterium UBA6502	1961516	S	2187	33	2220	0.00006
Bdellovibrio sp.	28201	S	24	2	26	0.00000
Halobacteriovoraceae bacterium	2026745	S	63357	1598	64955	0.00164
Halobacteriovorax sp.	2020862	S	22	1	23	0.00000
Bacteriovoracaceae bacterium	2081706	S	546	28	574	0.00001
Bacteriovoracaceae bacterium UBA7317	1961497	S	61	1	62	0.00000
Bacteriovorax sp. UBA1852	1961376	S	13	1	14	0.00000
Pseudobacteriovorax sp.	2020859	S	91	9	100	0.00000
Oligoflexia bacterium	2599941	S	76	2	78	0.00000
Myxococcales bacterium UBA1660	1961462	S	97870	10051	107921	0.00273
Myxococcales bacterium	2026763	S	3027	153	3180	0.00008
Sandaracinus sp.	2024858	S	149	12	161	0.00000
Sandaracinaceae bacterium	2510337	S	13	0	13	0.00000
Nitrospiraceae bacterium UBA2166	1952976	S	2350	1258	3608	0.00009
Nitrospiraceae bacterium	2026770	S	191	10	201	0.00001
Nitrospira sp.	70125	S	40	3	43	0.00000
Nitrospirales bacterium	2358460	S	2195	82	2277	0.00006
Nitrospirota bacterium	2026887	S	42	3	45	0.00000
bacterium	1869227	S	3420	3452	6872	0.00017
bacterium TMED46	1986782	S	135	198	333	0.00001
bacterium TMED88	1986661	S	103	7	110	0.00000
bacterium TMED161	1986652	S	17	15	32	0.00000
bacterium TMED6	1986783	S	16	2	18	0.00000
bacterium TMED198	1986779	S	15	1	16	0.00000
Sulfurimonas sp.	2022749	S	3394	364	3758	0.00010
Sulfurospirillum sp.	2053622	S	26	1	27	0.00000
Spirochaetales bacterium	2026792	S	404	16	420	0.00001
Spirochaeta sp.	28185	S	85	7	92	0.00000
Spirochaetaceae bacterium	1898206	S	33	1	34	0.00000
Leptospirales bacterium	2604146	S	118	0	118	0.00000
Leptospira gomenensis	2484974	S	20	0	20	0.00000
uncultured PS1 clade bacterium	1118065	S	279	421	700	0.00002
uncultured bacterium	77133	S	81	139	220	0.00001
Fusobacterium nucleatum	851	S	262	70	332	0.00001
Desulforhopalus singaporensis	91360	S	73	1	74	0.00000
Syntrophaceae bacterium	2052184	S	12	5	17	0.00000
Marine Group I thaumarchaeote	2511932	S	591435	3436074	4027509	0.10193
Thaumarchaeota archaeon SCGC AAA007-O23	913333	S	143484	1469764	1613248	0.04083
uncultured marine group I thaumarchaeote	360837	S	21314	50893	72207	0.00183
Marine Group I thaumarchaeote SCGC AAA799-O18	1502294	S	5487	3166	8653	0.00022
Candidatus Nitrosopelagicus sp.	2026808	S	90442	506281	596723	0.01510
Nitrosopelagicus sp. REDSEA-S31_B2	1811586	S	79	114	193	0.00000
Candidatus Nitrosopelagicus brevis	1410606	S	607	2255	2862	0.00007
Nitrososphaerota archaeon	2026795	S	203047	306828	509875	0.01290
Thaumarchaeota archaeon UBA141	1915753	S	89	534	623	0.00002
Thaumarchaeota archaeon UBA223	1915758	S	24	3	27	0.00000
Thaumarchaeota archaeon SCGC AAA282-K18	1298885	S	20	314	334	0.00001
uncultured Candidatus Nitrosopumilus sp.	517606	S	3866	14059	17925	0.00045
Nitrosopumilus sp.	2024843	S	420	728	1148	0.00003
Candidatus Nitrosomarinus sp.	2478979	S	38	396	434	0.00001
Nitrososphaerales archaeon TH5895	2721602	S	56	0	56	0.00000
Candidatus Methanosuratincola sp.	2495426	S	1924	1298	3222	0.00008
Candidatus Bathyarchaeota archaeon	2026714	S	82	17	99	0.00000
Euryarchaeota archaeon UBA528	1915914	S	364849	278974	643823	0.01629
Marine Group II euryarchaeote MED-G34	2007295	S	19208	9254	28462	0.00072
Candidatus Poseidoniales archaeon	2163009	S	7171	3936	11107	0.00028
Euryarchaeota archaeon UBA126	1915801	S	4391	7608	11999	0.00030
Euryarchaeota archaeon UBA54	1915920	S	2310	3438	5748	0.00015
Euryarchaeota archaeon UBA623	1915969	S	2276	811	3087	0.00008
Euryarchaeota archaeon UBA463	1915893	S	906	557	1463	0.00004
Euryarchaeota archaeon UBA605	1915957	S	757	1033	1790	0.00005
Euryarchaeota archaeon UBA175	1915821	S	679	690	1369	0.00003
Euryarchaeota archaeon UBA60	1915951	S	572	9	581	0.00001
Euryarchaeota archaeon UBA19	1915829	S	536	481	1017	0.00003
Marine group II euryarchaeote REDSEA-S43_B8	1811660	S	485	1890	2375	0.00006
Euryarchaeota archaeon UBA220	1915845	S	296	70	366	0.00001
Euryarchaeota archaeon UBA130	1915806	S	296	46	342	0.00001
Marine group II euryarchaeote REDSEA-S11_B3N4	1811651	S	275	610	885	0.00002
Euryarchaeota archaeon UBA58	1915943	S	189	78	267	0.00001
Euryarchaeota archaeon UBA105	1915785	S	147	281	428	0.00001
Euryarchaeota archaeon UBA439	1915887	S	146	557	703	0.00002
Euryarchaeota archaeon UBA62	1915965	S	140	80	220	0.00001
Marine group II euryarchaeote REDSEA-S30_B12	1811655	S	128	17	145	0.00000
Marine group II euryarchaeote REDSEA-S42_B7	1811659	S	101	230	331	0.00001
Euryarchaeota archaeon UBA602	1915954	S	99	68	167	0.00000
Euryarchaeota archaeon UBA106	1915786	S	91	46	137	0.00000
Marine Group II euryarchaeote MED-G36	2007297	S	89	38	127	0.00000
Euryarchaeota archaeon UBA462	1915892	S	86	64	150	0.00000
Euryarchaeota archaeon UBA10	1915780	S	79	139	218	0.00001
Euryarchaeota archaeon UBA538	1915919	S	69	13	82	0.00000
Euryarchaeota archaeon UBA549	1915927	S	57	14	71	0.00000
Euryarchaeota archaeon UBA36	1915878	S	35	25	60	0.00000
Euryarchaeota archaeon UBA121	1915796	S	34	7	41	0.00000
Euryarchaeota archaeon UBA222	1915847	S	32	40	72	0.00000
Euryarchaeota archaeon UBA52	1915913	S	30	24	54	0.00000
Marine Group II euryarchaeote MED-G37	2007298	S	29	7	36	0.00000
Euryarchaeota archaeon UBA182	1915828	S	24	2	26	0.00000
Euryarchaeota archaeon UBA242	1915855	S	23	15	38	0.00000
Euryarchaeota archaeon UBA59	1915945	S	23	0	23	0.00000
Marine Group II euryarchaeote MED-G33	2007294	S	20	1	21	0.00000
Euryarchaeota archaeon UBA438	1915886	S	16	10	26	0.00000
Euryarchaeota archaeon UBA443	1915890	S	12	9	21	0.00000
Candidatus Thalassarchaeaceae archaeon	2670411	S	4941	3393	8334	0.00021
Candidatus Thalassoarchaea betae	2599289	S	2183	1288	3471	0.00009
uncultured Candidatus Poseidoniales archaeon	274854	S	1026	666	1692	0.00004
Candidatus Poseidoniaceae archaeon	2666346	S	87	66	153	0.00000
Euryarchaeota archaeon UBA136	1915770	S	97352	261969	359321	0.00909
Marine Group III euryarchaeote CG-Bathy1	1889001	S	4678	1527	6205	0.00016
Euryarchaeota archaeon UBA102	1915769	S	630	316	946	0.00002
Euryarchaeota archaeon UBA488	1915775	S	254	516	770	0.00002
Marine Group III euryarchaeote CG-Epi1	1888995	S	218	997	1215	0.00003
uncultured marine group III euryarchaeote	360836	S	209	27	236	0.00001
Thermoplasmata archaeon	1906666	S	68	15	83	0.00000
Euryarchaeota archaeon	2026739	S	50700	25917	76617	0.00194
Euryarchaeota archaeon TMED129	1986684	S	137	62	199	0.00001
Euryarchaeota archaeon UBA24	1915765	S	73	4	77	0.00000
Marine Group IV archaeon HikBin4	2675329	S	2884	191	3075	0.00008
Halococcus salsus	2162894	S	102	335	437	0.00001
Halococcus sediminicola	1264579	S	34	35	69	0.00000
Halococcus hamelinensis	332168	S	19	31	50	0.00000
Halobacterium hubeiense	1407499	S	36	136	172	0.00000
Halogranum rubrum	553466	S	20	40	60	0.00000
Candidatus Methanolliviera sp. GoM_asphalt	2588692	S	20	11	31	0.00000
Candidatus Pacearchaeota archaeon	2026773	S	2178	233	2411	0.00006
Candidatus Woesearchaeota archaeon	2026803	S	834	60	894	0.00002
Nanoarchaeota archaeon	2026764	S	118	12	130	0.00000
Nanoarchaeales archaeon	2730349	S	15	3	18	0.00000
Candidatus Diapherotrites archaeon	2026736	S	13	1	14	0.00000
archaeon	1906665	S	597	103	700	0.00002
Candidatus Heimdallarchaeota archaeon	2026747	S	286	22	308	0.00001
